2 0.62 0.6891666666666667 0.14133333333333334 0.5016666666666667
1 0.754 0.6558333333333334 0.06533333333333333 0.15833333333333333
1 0.9653333333333334 0.69 0.048 0.14333333333333334
1 0.32066666666666666 0.5341666666666667 0.04666666666666667 0.09833333333333333
1 0.43466666666666665 0.5491666666666667 0.06133333333333333 0.12833333333333333
1 0.11066666666666666 0.47333333333333333 0.07466666666666667 0.11666666666666667
1 0.024666666666666667 0.4666666666666667 0.05733333333333333 0.08
1 0.264 0.3875 0.06133333333333333 0.08166666666666667
1 0.16333333333333333 0.3566666666666667 0.044 0.07666666666666666
0 0.08666666666666667 0.28583333333333333 0.04533333333333334 0.07833333333333334
1 0.044 0.35583333333333333 0.04 0.07833333333333334
1 0.3606666666666667 0.315 0.04933333333333333 0.08666666666666667
1 0.4266666666666667 0.4 0.056 0.09
1 0.506 0.3258333333333333 0.03333333333333333 0.08833333333333333
1 0.5706666666666667 0.30583333333333335 0.050666666666666665 0.095
1 0.2826666666666667 0.2775 0.02666666666666667 0.07166666666666667
1 0.15333333333333332 0.285 0.042666666666666665 0.05333333333333334
1 0.244 0.23166666666666666 0.029333333333333333 0.06333333333333334
1 0.18666666666666668 0.24 0.04 0.06
1 0.2753333333333333 0.19583333333333333 0.030666666666666665 0.045
0 0.3313333333333333 0.23 0.03866666666666667 0.05
1 0.362 0.24666666666666667 0.030666666666666665 0.05333333333333334
1 0.43466666666666665 0.265 0.05333333333333334 0.06666666666666667
1 0.63 0.24833333333333332 0.025333333333333333 0.06
1 0.6693333333333333 0.2891666666666667 0.037333333333333336 0.075
1 0.6966666666666667 0.265 0.04666666666666667 0.07
1 0.842 0.31333333333333335 0.025333333333333333 0.08333333333333333
1 0.9393333333333334 0.3258333333333333 0.03333333333333333 0.065
1 0.82 0.39416666666666667 0.034666666666666665 0.08833333333333333
0 0.8166666666666667 0.51 0.04933333333333333 0.10333333333333333
1 0.946 0.52 0.044 0.1
0 0.9386666666666666 0.415 0.056 0.1
