1 0.4465 0.5705357142857143 0.063 0.11964285714285715
0 0.296 0.6303571428571428 0.102 0.1392857142857143
0 0.1075 0.725 0.099 0.11785714285714285
0 0.0915 0.53125 0.071 0.13035714285714287
0 0.222 0.4973214285714286 0.068 0.13035714285714287
1 0.3385 0.4401785714285714 0.047 0.09464285714285714
1 0.0805 0.4357142857142857 0.071 0.08928571428571429
0 0.184 0.3821428571428571 0.048 0.11071428571428571
0 0.253 0.3455357142857143 0.048 0.08035714285714286
4 0.309 0.3794642857142857 0.052 0.07678571428571429
4 0.059 0.3580357142857143 0.048 0.07321428571428572
4 0.8175 0.4303571428571429 0.045 0.09642857142857143
4 0.753 0.4473214285714286 0.04 0.08392857142857142
0 0.688 0.49464285714285716 0.062 0.08928571428571429
0 0.5535 0.3991071428571429 0.051 0.09464285714285714
4 0.471 0.34017857142857144 0.052 0.07678571428571429
1 0.151 0.33839285714285716 0.032 0.07321428571428572
1 0.023 0.3151785714285714 0.028 0.06607142857142857
0 0.0485 0.28214285714285714 0.025 0.060714285714285714
0 0.114 0.2857142857142857 0.026 0.05714285714285714
4 0.1875 0.2598214285714286 0.031 0.07321428571428572
0 0.213 0.2982142857142857 0.034 0.07142857142857142
4 0.3275 0.24642857142857144 0.033 0.06785714285714285
1 0.363 0.27767857142857144 0.038 0.06607142857142857
4 0.4175 0.29910714285714285 0.039 0.08035714285714286
4 0.469 0.2580357142857143 0.028 0.07678571428571429
0 0.539 0.32321428571428573 0.042 0.08214285714285714
0 0.607 0.31785714285714284 0.04 0.1
1 0.6585 0.25535714285714284 0.025 0.05714285714285714
1 0.5995 0.24017857142857144 0.021 0.044642857142857144
1 0.568 0.20267857142857143 0.03 0.055357142857142855
1 0.5255 0.2125 0.023 0.05
2 0.7455 0.2910714285714286 0.051 0.21785714285714286
0 0.7155 0.3732142857142857 0.037 0.09642857142857143
4 0.6475 0.37142857142857144 0.045 0.11071428571428571
0 0.9275 0.3830357142857143 0.055 0.11607142857142858
0 0.976 0.35267857142857145 0.028 0.0875
0 0.828 0.3357142857142857 0.036 0.06785714285714285
0 0.8655 0.32142857142857145 0.035 0.09285714285714286
4 0.9005 0.30357142857142855 0.027 0.07142857142857142
4 0.8135 0.26071428571428573 0.037 0.09285714285714286
