1 0.5593451568894953 0.5908333333333333 0.03547066848567531 0.095
1 0.7517053206002728 0.4741666666666667 0.04911323328785812 0.07833333333333334
1 0.8328785811732605 0.5525 0.036834924965893585 0.07166666666666667
0 0.9440654843110505 0.5441666666666667 0.05184174624829468 0.08833333333333333
1 0.8465211459754434 0.485 0.04229195088676671 0.06666666666666667
1 0.5163710777626194 0.44166666666666665 0.04229195088676671 0.07666666666666666
1 0.5566166439290586 0.5041666666666667 0.03819918144611187 0.07166666666666667
1 0.931787175989086 0.6925 0.04638472032742155 0.09833333333333333
1 0.6036834924965894 0.7175 0.0504774897680764 0.055
2 0.08663028649386084 0.58 0.11596180081855388 0.31333333333333335
