1 0.325 0.34910714285714284 0.048 0.11607142857142858
1 0.3875 0.34375 0.037 0.07321428571428572
1 0.4715 0.29464285714285715 0.023 0.06428571428571428
1 0.5375 0.30892857142857144 0.033 0.08571428571428572
0 0.1235 0.31160714285714286 0.037 0.09464285714285714
4 0.17 0.29464285714285715 0.046 0.08214285714285714
1 0.247 0.31339285714285714 0.032 0.08392857142857142
1 0.1925 0.3580357142857143 0.059 0.09464285714285714
4 0.445 0.21607142857142858 0.03 0.07142857142857142
4 0.474 0.2080357142857143 0.03 0.07321428571428572
0 0.563 0.2392857142857143 0.032 0.08571428571428572
1 0.596 0.24285714285714285 0.024 0.06785714285714285
0 0.6435 0.26339285714285715 0.031 0.09464285714285714
0 0.6745 0.2598214285714286 0.029 0.055357142857142855
1 0.464 0.41964285714285715 0.04 0.10714285714285714
1 0.52 0.38035714285714284 0.046 0.06785714285714285
1 0.683 0.48482142857142857 0.044 0.11607142857142858
4 0.8715 0.5482142857142858 0.055 0.10714285714285714
0 0.7255 0.45535714285714285 0.047 0.11785714285714285
0 0.812 0.3267857142857143 0.034 0.08571428571428572
1 0.818 0.26071428571428573 0.026 0.05714285714285714
1 0.895 0.34732142857142856 0.038 0.07678571428571429
1 0.8725 0.29464285714285715 0.031 0.060714285714285714
