2 0.594 0.4294642857142857 0.062 0.40535714285714286
2 0.425 0.43839285714285714 0.07 0.25535714285714284
1 0.2645 0.5526785714285715 0.051 0.09821428571428571
1 0.919 0.5098214285714285 0.054 0.10178571428571428
1 0.7475 0.5517857142857143 0.039 0.075
1 0.495 0.5321428571428571 0.05 0.09285714285714286
1 0.436 0.6053571428571428 0.052 0.08928571428571429
1 0.03 0.5285714285714286 0.042 0.11071428571428571
1 0.07 0.5205357142857143 0.05 0.09107142857142857
1 0.121 0.8758928571428571 0.11 0.14107142857142857
1 0.5225 0.8223214285714285 0.085 0.15178571428571427
