4 0.6325 0.4555160142348754 0.035 0.09608540925266904
2 0.5605 0.24288256227758007 0.047 0.22241992882562278
2 0.2545 0.41725978647686834 0.057 0.45373665480427045
4 0.752 0.4555160142348754 0.042 0.11743772241992882
4 0.805 0.40658362989323843 0.042 0.11209964412811388
4 0.705 0.3781138790035587 0.03 0.0800711743772242
4 0.7635 0.30604982206405695 0.035 0.09608540925266904
1 0.8395 0.3167259786476868 0.031 0.05693950177935943
1 0.0795 0.23843416370106763 0.029 0.07473309608540925
1 0.1135 0.251779359430605 0.029 0.08362989323843416
0 0.1825 0.29270462633451955 0.055 0.09430604982206406
1 0.164 0.22330960854092527 0.028 0.051601423487544484
1 0.3535 0.32473309608540923 0.031 0.08362989323843416
1 0.1915 0.21530249110320285 0.027 0.0498220640569395
1 0.4145 0.37544483985765126 0.043 0.07829181494661921
4 0.497 0.3096085409252669 0.04 0.0711743772241993
1 0.435 0.2944839857651246 0.032 0.07295373665480427
4 0.3115 0.25444839857651247 0.041 0.08185053380782918
1 0.7925 0.2722419928825623 0.021 0.06405693950177936
1 0.6295 0.24733096085409254 0.021 0.08540925266903915
1 0.4115 0.1895017793594306 0.035 0.06583629893238434
1 0.462 0.19839857651245552 0.028 0.07295373665480427
1 0.351 0.2188612099644128 0.03 0.06405693950177936
1 0.391 0.2313167259786477 0.036 0.06761565836298933
1 0.3145 0.1601423487544484 0.023 0.046263345195729534
