2 0.628 0.36565836298932386 0.03 0.1903914590747331
2 0.72 0.35498220640569395 0.038 0.16548042704626334
2 0.797 0.3959074733096085 0.046 0.24377224199288255
4 0.199 0.43416370106761565 0.042 0.0711743772241993
1 0.1315 0.4332740213523132 0.049 0.07651245551601424
4 0.07 0.4724199288256228 0.05 0.07651245551601424
4 0.151 0.4884341637010676 0.036 0.07651245551601424
1 0.858 0.45907473309608543 0.036 0.08185053380782918
1 0.9235 0.4483985765124555 0.047 0.07829181494661921
1 0.761 0.5008896797153025 0.04 0.07295373665480427
1 0.7065 0.4412811387900356 0.031 0.06761565836298933
1 0.696 0.5676156583629893 0.048 0.12455516014234876
1 0.7755 0.5756227758007118 0.043 0.08718861209964412
1 0.754 0.6912811387900356 0.062 0.11209964412811388
1 0.897 0.6770462633451957 0.066 0.12277580071174377
1 0.443 0.6610320284697508 0.054 0.09786476868327403
1 0.2965 0.6734875444839857 0.069 0.11209964412811388
1 0.049 0.5498220640569395 0.056 0.10676156583629894
1 0.3485 0.5213523131672598 0.039 0.08540925266903915
1 0.4555 0.5462633451957295 0.049 0.08540925266903915
0 0.4525 0.4724199288256228 0.041 0.06583629893238434
1 0.3735 0.46619217081850534 0.023 0.06761565836298933
