2 0.2705 0.6183274021352313 0.095 0.4822064056939502
2 0.5725 0.7135231316725978 0.077 0.5836298932384342
1 0.5095 0.6441281138790036 0.049 0.099644128113879
1 0.8955 0.8282918149466192 0.081 0.15480427046263345
1 0.9905 0.7891459074733096 0.071 0.14412811387900357
1 0.7025 0.5578291814946619 0.045 0.09786476868327403
1 0.486 0.5311387900355872 0.04 0.0800711743772242
1 0.395 0.5097864768683275 0.046 0.10142348754448399
1 0.7715 0.5231316725978647 0.035 0.08896797153024912
1 0.6435 0.4483985765124555 0.037 0.07473309608540925
1 0.709 0.4697508896797153 0.032 0.0711743772241993
1 0.721 0.40569395017793597 0.036 0.060498220640569395
1 0.788 0.39234875444839856 0.028 0.06583629893238434
1 0.8635 0.47686832740213525 0.043 0.09252669039145907
1 0.914 0.452846975088968 0.046 0.09074733096085409
1 0.844 0.40658362989323843 0.028 0.07295373665480427
1 0.8445 0.34786476868327404 0.023 0.04448398576512456
1 0.89 0.36565836298932386 0.04 0.08362989323843416
1 0.947 0.37722419928825623 0.03 0.099644128113879
