2 0.8865 0.6236654804270463 0.099 0.42526690391459077
1 0.9585 0.75 0.075 0.11565836298932385
1 0.945 0.8727758007117438 0.088 0.1583629893238434
1 0.8275 0.7144128113879004 0.081 0.12633451957295375
1 0.7335 0.853202846975089 0.077 0.1619217081850534
1 0.682 0.7953736654804271 0.082 0.12455516014234876
1 0.68 0.6806049822064056 0.062 0.10854092526690391
1 0.635 0.6806049822064056 0.054 0.10854092526690391
1 0.1785 0.6806049822064056 0.061 0.09074733096085409
1 0.144 0.7829181494661922 0.06 0.12811387900355872
1 0.0655 0.8718861209964412 0.079 0.12811387900355872
1 0.015 0.7704626334519573 0.05 0.10676156583629894
