0 0.3415 0.7245989304812834 0.125 0.19429590017825313
0 0.512 0.6907308377896613 0.086 0.13368983957219252
2 0.748 0.7531194295900179 0.12 0.47593582887700536
2 0.446 0.4857397504456328 0.072 0.3083778966131907
2 0.327 0.5196078431372549 0.092 0.21568627450980393
0 0.808 0.6024955436720143 0.046 0.0962566844919786
0 0.9145 0.5757575757575758 0.065 0.11764705882352941
1 0.9815 0.46167557932263814 0.045 0.1140819964349376
0 0.9455 0.37076648841354726 0.031 0.0855614973262032
0 0.866 0.3787878787878788 0.032 0.09803921568627451
0 0.79 0.36363636363636365 0.03 0.0784313725490196
4 0.839 0.35561497326203206 0.036 0.05525846702317291
0 0.792 0.48484848484848486 0.046 0.0677361853832442
0 0.6865 0.49910873440285203 0.039 0.08199643493761141
1 0.615 0.4117647058823529 0.034 0.0855614973262032
0 0.711 0.3939393939393939 0.042 0.07130124777183601
1 0.6455 0.3680926916221034 0.029 0.0659536541889483
1 0.5225 0.3333333333333333 0.025 0.06417112299465241
1 0.5855 0.32620320855614976 0.029 0.053475935828877004
0 0.554 0.28698752228163993 0.024 0.08912655971479501
0 0.7255 0.31283422459893045 0.029 0.05525846702317291
1 0.4865 0.28520499108734404 0.025 0.053475935828877004
1 0.3565 0.3449197860962567 0.031 0.062388591800356503
1 0.285 0.35650623885918004 0.034 0.0677361853832442
0 0.2695 0.30213903743315507 0.033 0.044563279857397504
0 0.556 0.37344028520499106 0.024 0.06951871657754011
