2 0.515 0.5427807486631016 0.106 0.2727272727272727
2 0.399 0.7780748663101604 0.118 0.49376114081996436
0 0.6805 0.7219251336898396 0.069 0.1746880570409982
0 0.574 0.6559714795008913 0.056 0.1354723707664884
0 0.503 0.7513368983957219 0.088 0.2014260249554367
4 0.8725 0.6372549019607843 0.071 0.13725490196078433
0 0.013 0.5775401069518716 0.046 0.09269162210338681
1 0.029 0.7085561497326203 0.076 0.1622103386809269
1 0.115 0.8288770053475936 0.104 0.23172905525846701
0 0.627 0.8689839572192514 0.108 0.19786096256684493
0 0.8415 0.8128342245989305 0.083 0.1889483065953654
