2 0.7355 0.40106951871657753 0.081 0.43137254901960786
1 0.8515 0.4679144385026738 0.069 0.1443850267379679
1 0.813 0.5570409982174688 0.066 0.1265597147950089
1 0.626 0.551693404634581 0.078 0.11942959001782531
1 0.074 0.4322638146167558 0.08 0.14795008912655971
1 0.3605 0.4839572192513369 0.051 0.09803921568627451
1 0.5055 0.4741532976827095 0.061 0.0855614973262032
1 0.588 0.6595365418894831 0.062 0.1319073083778966
1 0.774 0.82174688057041 0.092 0.1568627450980392
0 0.517 0.7691622103386809 0.088 0.13368983957219252
0 0.38 0.6354723707664884 0.076 0.13368983957219252
1 0.306 0.5606060606060606 0.058 0.11229946524064172
1 0.446 0.5561497326203209 0.06 0.10338680926916222
1 0.207 0.6470588235294118 0.07 0.14260249554367202
1 0.106 0.7130124777183601 0.084 0.1532976827094474
1 0.313 0.767379679144385 0.092 0.13012477718360071
0 0.09 0.8770053475935828 0.128 0.1925133689839572
