2 0.0495 0.24466192170818504 0.085 0.30782918149466193
2 0.4295 0.22508896797153025 0.089 0.24377224199288255
1 0.8205 0.4359430604982206 0.053 0.13523131672597866
1 0.6185 0.4261565836298932 0.047 0.12633451957295375
1 0.4595 0.3896797153024911 0.053 0.1103202846975089
1 0.302 0.3736654804270463 0.044 0.09608540925266904
1 0.206 0.3069395017793594 0.042 0.0800711743772242
1 0.1205 0.26423487544483987 0.033 0.08718861209964412
1 0.089 0.2304270462633452 0.022 0.07295373665480427
0 0.6755 0.3309608540925267 0.037 0.10676156583629894
1 0.825 0.3211743772241993 0.038 0.07295373665480427
1 0.542 0.32829181494661924 0.04 0.09430604982206406
1 0.518 0.23754448398576514 0.042 0.08718861209964412
1 0.603 0.24288256227758007 0.034 0.08718861209964412
1 0.5615 0.19483985765124556 0.031 0.07651245551601424
1 0.739 0.251779359430605 0.034 0.09430604982206406
1 0.301 0.2402135231316726 0.034 0.07829181494661921
1 0.2145 0.21441281138790036 0.037 0.0800711743772242
1 0.1475 0.20462633451957296 0.043 0.08896797153024912
1 0.599 0.14679715302491103 0.038 0.07295373665480427
1 0.6525 0.21352313167259787 0.033 0.06405693950177936
1 0.678 0.17170818505338079 0.028 0.07295373665480427
1 0.78 0.1699288256227758 0.038 0.0693950177935943
1 0.867 0.15658362989323843 0.03 0.05338078291814947
1 0.8505 0.2491103202846975 0.043 0.08896797153024912
1 0.2985 0.1797153024911032 0.027 0.060498220640569395
1 0.3665 0.19217081850533807 0.025 0.06761565836298933
