0 0.5559345156889495 0.64 0.06412005457025921 0.10666666666666667
0 0.7530695770804912 0.7883333333333333 0.08731241473396999 0.14
0 0.9085948158253752 0.7008333333333333 0.07094133697135062 0.14166666666666666
4 0.8028649386084584 0.5633333333333334 0.07503410641200546 0.12666666666666668
1 0.7257844474761255 0.4325 0.054570259208731244 0.10833333333333334
0 0.6657571623465212 0.5625 0.06002728512960437 0.11833333333333333
2 0.16916780354706684 0.5891666666666666 0.08185538881309687 0.3283333333333333
2 0.2557980900409277 0.6725 0.10231923601637108 0.4083333333333333
2 0.34379263301500684 0.5716666666666667 0.13369713506139155 0.48
1 0.25170532060027284 0.43083333333333335 0.08867667121418826 0.145
1 0.12687585266030013 0.43166666666666664 0.04911323328785812 0.09
1 0.4413369713506139 0.37333333333333335 0.047748976807639835 0.09333333333333334
1 0.5497953615279673 0.3475 0.04911323328785812 0.075
4 0.8908594815825375 0.4675 0.06275579809004093 0.135
0 0.8710777626193724 0.3625 0.045020463847203276 0.07833333333333334
1 0.7892223738062756 0.2925 0.04229195088676671 0.075
1 0.689631650750341 0.36333333333333334 0.045020463847203276 0.07666666666666666
1 0.37312414733969984 0.33416666666666667 0.045020463847203276 0.085
0 0.4242837653478854 0.2966666666666667 0.04911323328785812 0.07333333333333333
0 0.4918144611186903 0.30333333333333334 0.04229195088676671 0.09666666666666666
1 0.645293315143247 0.28833333333333333 0.04365620736698499 0.056666666666666664
1 0.6343792633015006 0.22666666666666666 0.04638472032742155 0.06
1 0.6882673942701227 0.2525 0.04229195088676671 0.058333333333333334
0 0.5804911323328786 0.2375 0.020463847203274217 0.06166666666666667
0 0.820600272851296 0.2658333333333333 0.0286493860845839 0.06166666666666667
1 0.8888130968622101 0.255 0.034106412005457026 0.07
0 0.9577080491132333 0.31083333333333335 0.06548431105047749 0.09166666666666666
