1 0.5422919508867667 0.5891666666666666 0.06957708049113233 0.13166666666666665
1 0.7421555252387448 0.755 0.06548431105047749 0.16
1 0.8362892223738063 0.6816666666666666 0.05184174624829468 0.14666666666666667
0 0.7557980900409277 0.5533333333333333 0.0572987721691678 0.10666666666666667
0 0.6207366984993179 0.5508333333333333 0.08185538881309687 0.12166666666666667
4 0.16439290586630287 0.525 0.07503410641200546 0.09
1 0.15961800818553887 0.435 0.054570259208731244 0.1
0 0.06821282401091405 0.48083333333333333 0.09004092769440655 0.12166666666666667
0 0.2503410641200546 0.465 0.047748976807639835 0.08666666666666667
0 0.2203274215552524 0.44416666666666665 0.04229195088676671 0.09166666666666666
0 0.31036834924965895 0.345 0.045020463847203276 0.07666666666666666
0 0.32537517053206005 0.295 0.045020463847203276 0.06666666666666667
0 0.38335607094133695 0.32916666666666666 0.0572987721691678 0.07833333333333334
0 0.45566166439290584 0.32666666666666666 0.04911323328785812 0.06333333333333334
0 0.6487039563437926 0.35583333333333333 0.058663028649386086 0.09166666666666666
0 0.679399727148704 0.39666666666666667 0.054570259208731244 0.08333333333333333
1 0.7987721691678036 0.4083333333333333 0.03137789904502047 0.06
1 0.8403819918144612 0.37833333333333335 0.05184174624829468 0.07333333333333333
0 0.7844474761255116 0.31583333333333335 0.03819918144611187 0.085
1 0.7312414733969986 0.25 0.05184174624829468 0.056666666666666664
1 0.47885402455661663 0.1975 0.040927694406548434 0.051666666666666666
1 0.5443383356070941 0.20416666666666666 0.04365620736698499 0.055
1 0.543656207366985 0.23916666666666667 0.036834924965893585 0.051666666666666666
0 0.8390177353342428 0.2675 0.04911323328785812 0.06833333333333333
0 0.5770804911323328 0.23416666666666666 0.04365620736698499 0.058333333333333334
