2 0.7975 0.35472370766488415 0.047 0.3422459893048128
2 0.213 0.7629233511586453 0.102 0.5561497326203209
1 0.427 0.803921568627451 0.072 0.1140819964349376
1 0.833 0.6274509803921569 0.07 0.1568627450980392
2 0.8635 0.5187165775401069 0.077 0.3672014260249554
1 0.6735 0.5989304812834224 0.081 0.10338680926916222
4 0.25 0.3627450980392157 0.04 0.08021390374331551
4 0.175 0.3600713012477718 0.036 0.0784313725490196
0 0.1115 0.5383244206773619 0.049 0.08912655971479501
1 0.0335 0.6256684491978609 0.059 0.11051693404634581
1 0.011 0.5089126559714795 0.05 0.0944741532976827
1 0.73 0.4144385026737968 0.04 0.05525846702317291
1 0.6805 0.5124777183600713 0.051 0.1051693404634581
1 0.6535 0.4500891265597148 0.055 0.08377896613190731
1 0.613 0.3520499108734403 0.032 0.08021390374331551
1 0.708 0.35561497326203206 0.036 0.08021390374331551
4 0.921 0.4206773618538324 0.046 0.07130124777183601
3 0.9295 0.3591800356506239 0.053 0.0766488413547237
1 0.4815 0.3609625668449198 0.037 0.09090909090909091
1 0.387 0.357397504456328 0.048 0.07308377896613191
1 0.4455 0.6559714795008913 0.057 0.09982174688057041
1 0.3185 0.6016042780748663 0.041 0.09803921568627451
1 0.3485 0.4679144385026738 0.043 0.08021390374331551
0 0.105 0.4376114081996435 0.046 0.06951871657754011
4 0.2105 0.39928698752228164 0.041 0.07130124777183601
1 0.4465 0.5089126559714795 0.033 0.07308377896613191
1 0.468 0.43672014260249553 0.044 0.0677361853832442
1 0.369 0.42513368983957217 0.032 0.08021390374331551
