4 0.546 0.5871886120996441 0.078 0.14590747330960854
4 0.7095 0.6548042704626335 0.105 0.17793594306049823
4 0.826 0.5827402135231317 0.07 0.14412811387900357
4 0.7395 0.4884341637010676 0.043 0.11209964412811388
4 0.8535 0.49555160142348753 0.049 0.10498220640569395
4 0.894 0.4804270462633452 0.046 0.10320284697508897
1 0.936 0.46174377224199287 0.038 0.08718861209964412
1 0.968 0.447508896797153 0.048 0.08718861209964412
1 0.3885 0.552491103202847 0.039 0.09074733096085409
1 0.297 0.5133451957295374 0.044 0.10142348754448399
1 0.2275 0.5133451957295374 0.043 0.08362989323843416
1 0.124 0.4724199288256228 0.026 0.07651245551601424
1 0.093 0.4786476868327402 0.024 0.07829181494661921
1 0.2 0.44928825622775803 0.03 0.04804270462633452
2 0.7175 0.44217081850533807 0.041 0.22953736654804271
1 0.355 0.46708185053380785 0.032 0.05516014234875445
1 0.2485 0.45640569395017794 0.033 0.06227758007117438
1 0.283 0.4377224199288256 0.032 0.060498220640569395
1 0.433 0.4893238434163701 0.034 0.08185053380782918
1 0.4875 0.5106761565836299 0.041 0.08185053380782918
1 0.559 0.4679715302491103 0.036 0.07473309608540925
1 0.4095 0.4261565836298932 0.035 0.06583629893238434
1 0.796 0.46708185053380785 0.044 0.09786476868327403
4 0.659 0.5169039145907474 0.048 0.09074733096085409
1 0.5145 0.451067615658363 0.033 0.05871886120996441
1 0.476 0.43238434163701067 0.022 0.05338078291814947
1 0.627 0.44661921708185054 0.042 0.07829181494661921
