0 0.27 0.6548042704626335 0.056 0.11743772241992882
0 0.161 0.6396797153024911 0.052 0.10854092526690391
0 0.6125 0.7802491103202847 0.079 0.14768683274021352
4 0.8065 0.8398576512455516 0.089 0.23487544483985764
0 0.7785 0.652135231316726 0.055 0.13345195729537365
0 0.695 0.6601423487544484 0.054 0.12455516014234876
4 0.2675 0.5346975088967971 0.051 0.09074733096085409
0 0.074 0.4697508896797153 0.032 0.08540925266903915
0 0.031 0.46174377224199287 0.026 0.07295373665480427
0 0.164 0.4501779359430605 0.046 0.0711743772241993
2 0.2615 0.4314946619217082 0.073 0.2580071174377224
4 0.8165 0.5649466192170819 0.063 0.09074733096085409
0 0.733 0.548932384341637 0.032 0.10498220640569395
0 0.456 0.48665480427046265 0.032 0.07651245551601424
4 0.366 0.5346975088967971 0.056 0.12633451957295375
0 0.451 0.41725978647686834 0.036 0.0693950177935943
0 0.517 0.4608540925266904 0.034 0.07473309608540925
4 0.548 0.3914590747330961 0.05 0.08896797153024912
0 0.7505 0.4181494661921708 0.029 0.07473309608540925
0 0.7785 0.3763345195729537 0.025 0.0800711743772242
4 0.8465 0.3807829181494662 0.033 0.060498220640569395
4 0.345 0.3594306049822064 0.038 0.0711743772241993
