4 0.1755 0.6094306049822064 0.059 0.10142348754448399
0 0.278 0.6610320284697508 0.05 0.11565836298932385
0 0.613 0.7749110320284698 0.072 0.1298932384341637
0 0.82 0.8247330960854092 0.074 0.1903914590747331
0 0.7795 0.6565836298932385 0.067 0.10320284697508897
0 0.695 0.6512455516014235 0.044 0.099644128113879
0 0.735 0.5480427046263345 0.04 0.08540925266903915
0 0.8365 0.5596085409252669 0.053 0.10854092526690391
0 0.7775 0.38701067615658363 0.037 0.06583629893238434
0 0.8475 0.3861209964412811 0.029 0.07473309608540925
0 0.2755 0.5240213523131673 0.041 0.09430604982206406
4 0.3675 0.5542704626334519 0.065 0.11565836298932385
0 0.458 0.4973309608540925 0.04 0.0800711743772242
1 0.5205 0.44483985765124556 0.027 0.06761565836298933
0 0.443 0.4128113879003559 0.038 0.07829181494661921
4 0.482 0.3781138790035587 0.05 0.06227758007117438
4 0.553 0.3879003558718861 0.042 0.07473309608540925
0 0.0745 0.4697508896797153 0.051 0.11387900355871886
0 0.044 0.45373665480427045 0.032 0.0711743772241993
0 0.158 0.43416370106761565 0.036 0.0711743772241993
0 0.188 0.46352313167259784 0.034 0.06227758007117438
2 0.2435 0.4297153024911032 0.099 0.25444839857651247
1 0.2815 0.38701067615658363 0.031 0.07651245551601424
1 0.309 0.349644128113879 0.026 0.04804270462633452
4 0.347 0.36565836298932386 0.038 0.07295373665480427
