1 0.516 0.45462633451957296 0.056 0.12633451957295375
1 0.245 0.5907473309608541 0.066 0.1494661921708185
2 0.1325 0.7268683274021353 0.155 0.599644128113879
1 0.6265 0.5 0.049 0.11743772241992882
4 0.763 0.5097864768683275 0.05 0.11209964412811388
4 0.201 0.4199288256227758 0.034 0.07829181494661921
1 0.134 0.3807829181494662 0.038 0.07473309608540925
1 0.058 0.3683274021352313 0.03 0.08540925266903915
1 0.078 0.32829181494661924 0.036 0.07295373665480427
1 0.136 0.28558718861209964 0.036 0.06583629893238434
1 0.1875 0.28558718861209964 0.033 0.07295373665480427
1 0.237 0.3140569395017794 0.026 0.06227758007117438
1 0.308 0.3202846975088968 0.032 0.07473309608540925
1 0.257 0.24822064056939502 0.022 0.05516014234875445
1 0.242 0.21263345195729538 0.024 0.05871886120996441
1 0.294 0.2615658362989324 0.03 0.06761565836298933
1 0.5825 0.34430604982206403 0.035 0.07651245551601424
1 0.4935 0.3318505338078292 0.035 0.08362989323843416
1 0.7015 0.37277580071174377 0.045 0.09074733096085409
1 0.793 0.40658362989323843 0.024 0.08362989323843416
1 0.3795 0.26512455516014233 0.021 0.0498220640569395
1 0.42 0.22330960854092527 0.026 0.051601423487544484
1 0.5365 0.30604982206405695 0.031 0.06405693950177936
1 0.599 0.21619217081850534 0.02 0.051601423487544484
1 0.573 0.24288256227758007 0.03 0.07295373665480427
0 0.645 0.26868327402135234 0.026 0.05693950177935943
1 0.7155 0.26423487544483987 0.027 0.0693950177935943
0 0.364 0.2277580071174377 0.03 0.05693950177935943
1 0.3175 0.21619217081850534 0.025 0.04804270462633452
0 0.354 0.18772241992882563 0.022 0.05516014234875445
0 0.4635 0.20284697508896798 0.023 0.0498220640569395
1 0.6755 0.2179715302491103 0.021 0.07651245551601424
1 0.797 0.2944839857651246 0.024 0.0693950177935943
4 0.4195 0.16637010676156583 0.033 0.05516014234875445
1 0.5065 0.1583629893238434 0.023 0.05338078291814947
1 0.629 0.1806049822064057 0.018 0.06227758007117438
