3 0.5195 0.42526690391459077 0.101 0.24555160142348753
3 0.619 0.4653024911032028 0.098 0.23665480427046262
3 0.809 0.398576512455516 0.084 0.2597864768683274
1 0.228 0.41459074733096085 0.046 0.08896797153024912
2 0.381 0.6797153024911032 0.15 0.7295373665480427
1 0.1325 0.46619217081850534 0.055 0.09608540925266904
2 0.0825 0.48576512455516013 0.075 0.38434163701067614
2 0.178 0.5115658362989324 0.072 0.3896797153024911
4 0.724 0.47330960854092524 0.052 0.09252669039145907
3 0.578 0.30604982206405695 0.092 0.18861209964412812
3 0.355 0.23309608540925267 0.038 0.15658362989323843
3 0.6675 0.31316725978647686 0.079 0.20640569395017794
0 0.189 0.2793594306049822 0.038 0.08896797153024912
0 0.2335 0.2624555160142349 0.027 0.06583629893238434
3 0.2875 0.27313167259786475 0.043 0.08362989323843416
0 0.4045 0.1895017793594306 0.045 0.0800711743772242
1 0.4615 0.20640569395017794 0.023 0.05338078291814947
1 0.6085 0.22241992882562278 0.025 0.05338078291814947
1 0.7155 0.2402135231316726 0.033 0.08540925266903915
1 0.5075 0.17615658362989323 0.025 0.0711743772241993
1 0.627 0.17526690391459074 0.022 0.051601423487544484
1 0.664 0.21619217081850534 0.026 0.0693950177935943
1 0.2575 0.21530249110320285 0.017 0.05693950177935943
