2 0.157 0.5607142857142857 0.082 0.45714285714285713
1 0.7105 0.5669642857142857 0.055 0.11964285714285715
1 0.591 0.51875 0.038 0.09464285714285714
0 0.4865 0.47410714285714284 0.047 0.09464285714285714
1 0.4095 0.4616071428571429 0.035 0.08035714285714286
2 0.4895 0.3196428571428571 0.061 0.21785714285714286
1 0.8035 0.4473214285714286 0.053 0.09464285714285714
1 0.7105 0.42678571428571427 0.045 0.08928571428571429
1 0.599 0.3982142857142857 0.042 0.09285714285714286
0 0.843 0.35714285714285715 0.05 0.10357142857142858
1 0.777 0.3482142857142857 0.054 0.09642857142857143
1 0.675 0.3267857142857143 0.048 0.09642857142857143
1 0.589 0.3098214285714286 0.046 0.09107142857142857
1 0.9255 0.3026785714285714 0.043 0.09821428571428571
1 0.863 0.2883928571428571 0.038 0.06964285714285715
1 0.756 0.28660714285714284 0.04 0.08035714285714286
1 0.6815 0.24910714285714286 0.043 0.08392857142857142
1 0.4455 0.27053571428571427 0.031 0.06964285714285715
1 0.3905 0.2669642857142857 0.029 0.07321428571428572
1 0.364 0.3267857142857143 0.034 0.06785714285714285
1 0.3055 0.30178571428571427 0.041 0.06785714285714285
1 0.333 0.2526785714285714 0.034 0.06964285714285715
1 0.2855 0.24642857142857144 0.037 0.060714285714285714
1 0.2345 0.3205357142857143 0.039 0.06964285714285715
1 0.1945 0.29464285714285715 0.033 0.07142857142857142
1 0.0855 0.3357142857142857 0.035 0.06428571428571428
