2 0.5045 0.24642857142857144 0.083 0.23214285714285715
1 0.7375 0.30357142857142855 0.059 0.11071428571428571
4 0.8535 0.3107142857142857 0.051 0.10714285714285714
4 0.9345 0.3357142857142857 0.071 0.11071428571428571
1 0.9105 0.3919642857142857 0.057 0.11964285714285715
1 0.804 0.37857142857142856 0.076 0.1392857142857143
1 0.62 0.31339285714285714 0.056 0.09107142857142857
1 0.6435 0.39732142857142855 0.061 0.11964285714285715
1 0.5385 0.3294642857142857 0.055 0.1125
1 0.4195 0.3482142857142857 0.047 0.10357142857142858
1 0.3305 0.32410714285714287 0.055 0.10892857142857143
4 0.222 0.32589285714285715 0.066 0.11607142857142858
1 0.127 0.32857142857142857 0.056 0.09285714285714286
4 0.017 0.32321428571428573 0.052 0.08928571428571429
1 0.87 0.5589285714285714 0.078 0.15357142857142858
1 0.638 0.5616071428571429 0.078 0.12678571428571428
1 0.5495 0.4982142857142857 0.055 0.1357142857142857
1 0.284 0.44107142857142856 0.066 0.09642857142857143
1 0.321 0.5205357142857143 0.066 0.14107142857142857
1 0.0445 0.55 0.071 0.14642857142857144
1 0.1555 0.4392857142857143 0.065 0.12857142857142856
1 0.3145 0.7723214285714286 0.109 0.19464285714285715
1 0.652 0.7455357142857143 0.122 0.19464285714285715
1 0.82 0.7857142857142857 0.098 0.18571428571428572
