2 0.6273333333333333 0.6983333333333334 0.16133333333333333 0.49666666666666665
2 0.41 0.49166666666666664 0.10533333333333333 0.36333333333333334
4 0.956 0.6833333333333333 0.09333333333333334 0.13666666666666666
4 0.756 0.6241666666666666 0.09066666666666667 0.165
1 0.32866666666666666 0.5133333333333333 0.07066666666666667 0.12666666666666668
1 0.10333333333333333 0.4825 0.07333333333333333 0.105
1 0.034 0.44916666666666666 0.068 0.09166666666666666
1 0.9346666666666666 0.5041666666666667 0.072 0.12166666666666667
1 0.8193333333333334 0.4891666666666667 0.068 0.11166666666666666
1 0.25466666666666665 0.38916666666666666 0.048 0.07166666666666667
1 0.16333333333333333 0.3433333333333333 0.04666666666666667 0.07333333333333333
1 0.034 0.35833333333333334 0.044 0.07
1 0.07866666666666666 0.285 0.058666666666666666 0.07666666666666666
1 0.926 0.4 0.05733333333333333 0.09
1 0.8206666666666667 0.3775 0.052 0.095
1 0.6073333333333333 0.3475 0.06 0.09833333333333333
1 0.538 0.42583333333333334 0.05466666666666667 0.09166666666666666
1 0.5046666666666667 0.31666666666666665 0.04933333333333333 0.08333333333333333
1 0.35533333333333333 0.3 0.04666666666666667 0.07333333333333333
1 0.2813333333333333 0.2991666666666667 0.058666666666666666 0.075
1 0.234 0.24666666666666667 0.04666666666666667 0.08
1 0.17933333333333334 0.24083333333333334 0.03333333333333333 0.06166666666666667
1 0.2693333333333333 0.20416666666666666 0.032 0.06833333333333333
1 0.3293333333333333 0.21333333333333335 0.029333333333333333 0.05
1 0.42333333333333334 0.25916666666666666 0.04133333333333333 0.055
1 0.568 0.2675 0.042666666666666665 0.08166666666666667
0 0.66 0.2875 0.048 0.09166666666666666
1 0.6206666666666667 0.2525 0.036 0.065
1 0.846 0.3075 0.036 0.07833333333333334
