0 0.582 0.5808333333333333 0.06 0.08166666666666667
0 0.4246666666666667 0.5616666666666666 0.04133333333333333 0.06333333333333334
0 0.7533333333333333 0.535 0.048 0.08333333333333333
0 0.876 0.5491666666666667 0.04 0.06833333333333333
0 0.20933333333333334 0.5875 0.056 0.085
0 0.064 0.59 0.06133333333333333 0.07
0 0.11666666666666667 0.505 0.044 0.08333333333333333
0 0.23933333333333334 0.5141666666666667 0.052 0.058333333333333334
0 0.42733333333333334 0.4975 0.03866666666666667 0.055
0 0.544 0.49583333333333335 0.04533333333333334 0.075
0 0.7066666666666667 0.4683333333333333 0.034666666666666665 0.06333333333333334
0 0.77 0.44 0.04133333333333333 0.056666666666666664
0 0.8326666666666667 0.485 0.06 0.06
0 0.254 0.4375 0.028 0.055
0 0.146 0.44166666666666665 0.04133333333333333 0.05333333333333334
0 0.19066666666666668 0.4083333333333333 0.029333333333333333 0.05
0 0.27266666666666667 0.3825 0.030666666666666665 0.055
0 0.21333333333333335 0.37333333333333335 0.037333333333333336 0.056666666666666664
0 0.4166666666666667 0.37583333333333335 0.025333333333333333 0.04833333333333333
0 0.4226666666666667 0.43083333333333335 0.037333333333333336 0.065
0 0.5246666666666666 0.44666666666666666 0.03866666666666667 0.05333333333333334
0 0.5073333333333333 0.3975 0.04666666666666667 0.04833333333333333
0 0.642 0.38083333333333336 0.03866666666666667 0.04833333333333333
0 0.6713333333333333 0.4483333333333333 0.05466666666666667 0.07333333333333333
0 0.722 0.39666666666666667 0.028 0.043333333333333335
0 0.6673333333333333 0.34833333333333333 0.028 0.03666666666666667
