2 0.238 0.6558333333333334 0.15333333333333332 0.4116666666666667
1 0.162 0.5925 0.06266666666666666 0.09166666666666666
1 -0.002 0.5841666666666666 0.05733333333333333 0.09833333333333333
1 0.08866666666666667 0.7066666666666667 0.08133333333333333 0.09333333333333334
4 0.404 0.5875 0.08 0.09833333333333333
1 0.596 0.615 0.06666666666666667 0.09333333333333334
1 0.392 0.6916666666666667 0.072 0.1
1 0.5873333333333334 0.7091666666666666 0.07866666666666666 0.08833333333333333
1 0.6406666666666667 0.7983333333333333 0.092 0.11666666666666667
0 0.424 0.8066666666666666 0.104 0.10333333333333333
0 0.8193333333333334 0.6191666666666666 0.08666666666666667 0.08166666666666667
0 0.9013333333333333 0.7 0.096 0.10666666666666667
