0 0.5786666666666667 0.5525 0.04 0.06166666666666667
1 0.43666666666666665 0.5341666666666667 0.05466666666666667 0.065
0 0.21 0.5958333333333333 0.06533333333333333 0.075
0 0.056666666666666664 0.6075 0.044 0.07833333333333334
0 0.12466666666666666 0.5108333333333334 0.05466666666666667 0.065
0 0.24 0.5216666666666666 0.050666666666666665 0.06333333333333334
0 0.15066666666666667 0.44083333333333335 0.034666666666666665 0.055
0 0.25333333333333335 0.42583333333333334 0.037333333333333336 0.051666666666666666
0 0.19066666666666668 0.4141666666666667 0.032 0.051666666666666666
0 0.21266666666666667 0.36916666666666664 0.044 0.065
1 0.2793333333333333 0.3775 0.03866666666666667 0.045
2 0.36 0.4266666666666667 0.096 0.24333333333333335
0 0.42 0.4725 0.04 0.06166666666666667
0 0.5433333333333333 0.4816666666666667 0.03866666666666667 0.06
0 0.5186666666666667 0.44083333333333335 0.032 0.06833333333333333
0 0.5113333333333333 0.3983333333333333 0.044 0.056666666666666664
4 0.49533333333333335 0.3425 0.044 0.04833333333333333
0 0.4186666666666667 0.3825 0.037333333333333336 0.04833333333333333
0 0.426 0.4216666666666667 0.04133333333333333 0.04666666666666667
0 0.778 0.555 0.05733333333333333 0.07666666666666666
0 0.8713333333333333 0.5508333333333333 0.06533333333333333 0.075
0 0.832 0.49333333333333335 0.050666666666666665 0.06
0 0.7193333333333334 0.4891666666666667 0.044 0.04833333333333333
0 0.666 0.435 0.04666666666666667 0.07
1 0.7673333333333333 0.4216666666666667 0.044 0.06333333333333334
0 0.7233333333333334 0.39416666666666667 0.028 0.045
4 0.6286666666666667 0.37416666666666665 0.044 0.065
0 0.6833333333333333 0.3641666666666667 0.036 0.04833333333333333
