0 0.42333333333333334 0.5741666666666667 0.08133333333333333 0.08833333333333333
0 0.214 0.6066666666666667 0.04666666666666667 0.07333333333333333
0 0.048 0.6025 0.06933333333333333 0.08833333333333333
0 0.252 0.5258333333333334 0.048 0.065
0 0.124 0.505 0.048 0.06333333333333334
0 0.15333333333333332 0.44416666666666665 0.04 0.06833333333333333
0 0.19533333333333333 0.4141666666666667 0.044 0.065
0 0.22066666666666668 0.3625 0.04133333333333333 0.06166666666666667
0 0.266 0.44333333333333336 0.036 0.056666666666666664
0 0.2786666666666667 0.4033333333333333 0.029333333333333333 0.05
0 0.3 0.36833333333333335 0.034666666666666665 0.04666666666666667
0 0.426 0.49916666666666665 0.03866666666666667 0.06166666666666667
0 0.4166666666666667 0.43416666666666665 0.028 0.051666666666666666
0 0.4226666666666667 0.38 0.042666666666666665 0.05
0 0.494 0.3641666666666667 0.036 0.04833333333333333
0 0.5226666666666666 0.43583333333333335 0.04533333333333334 0.085
0 0.5526666666666666 0.4891666666666667 0.036 0.058333333333333334
0 0.574 0.5758333333333333 0.06266666666666666 0.09833333333333333
2 0.5773333333333334 0.4625 0.088 0.24833333333333332
1 0.6346666666666667 0.38416666666666666 0.04 0.06166666666666667
0 0.6626666666666666 0.44083333333333335 0.04 0.06833333333333333
4 0.706 0.48 0.03333333333333333 0.05333333333333334
0 0.77 0.5516666666666666 0.04666666666666667 0.08
0 0.8733333333333333 0.5441666666666667 0.058666666666666666 0.09166666666666666
0 0.8286666666666667 0.4975 0.06 0.08166666666666667
0 0.7713333333333333 0.43 0.036 0.056666666666666664
0 0.7273333333333334 0.4008333333333333 0.04133333333333333 0.051666666666666666
0 0.6853333333333333 0.3775 0.04 0.051666666666666666
