2 0.192 0.5177935943060499 0.086 0.3665480427046263
0 0.244 0.5791814946619217 0.06 0.10498220640569395
3 0.3915 0.6120996441281139 0.083 0.12811387900355872
3 0.629 0.5925266903914591 0.088 0.1423487544483986
4 0.753 0.5907473309608541 0.052 0.10320284697508897
4 0.989 0.6245551601423488 0.06 0.12099644128113879
4 0.7855 0.7357651245551602 0.071 0.11565836298932385
1 0.629 0.7126334519572953 0.062 0.11565836298932385
1 0.327 0.6983985765124555 0.076 0.12633451957295375
1 0.159 0.7241992882562278 0.102 0.14590747330960854
1 0.0445 0.8727758007117438 0.089 0.1619217081850534
1 0.241 0.8576512455516014 0.098 0.1387900355871886
1 0.633 0.8692170818505338 0.07 0.1512455516014235
1 0.8765 0.8861209964412812 0.103 0.19572953736654805
