2 0.9405 0.8087188612099644 0.151 0.4359430604982206
1 0.7095 0.9261565836298933 0.073 0.10854092526690391
1 0.8535 0.8291814946619217 0.065 0.09608540925266904
2 0.5885 0.8638790035587188 0.135 0.36476868327402134
1 0.7295 0.697508896797153 0.055 0.08540925266903915
1 0.6555 0.7233096085409253 0.049 0.10854092526690391
1 0.409 0.8887900355871886 0.074 0.12633451957295375
1 0.5005 0.8282918149466192 0.061 0.11565836298932385
1 0.5055 0.6850533807829181 0.035 0.08896797153024912
1 0.564 0.6459074733096085 0.04 0.099644128113879
1 0.334 0.7580071174377224 0.05 0.08896797153024912
1 0.215 0.7588967971530249 0.052 0.09430604982206406
1 0.4545 0.6201067615658363 0.037 0.08362989323843416
1 0.3875 0.6441281138790036 0.037 0.07829181494661921
1 0.079 0.7304270462633452 0.05 0.09074733096085409
1 0.0215 0.655693950177936 0.049 0.0800711743772242
1 0.116 0.6601423487544484 0.048 0.09252669039145907
1 0.2825 0.6129893238434164 0.041 0.07295373665480427
1 0.3575 0.5916370106761566 0.029 0.0693950177935943
