0 0.3535 0.6494661921708185 0.051 0.1103202846975089
0 0.456 0.7322064056939501 0.062 0.12277580071174377
0 0.723 0.7962633451957295 0.048 0.13701067615658363
0 0.8835 0.8807829181494662 0.079 0.12455516014234876
0 0.214 0.6076512455516014 0.05 0.09074733096085409
0 0.1655 0.5827402135231317 0.043 0.07651245551601424
0 0.05 0.5382562277580071 0.038 0.09074733096085409
0 0.0125 0.5204626334519573 0.045 0.09074733096085409
0 0.14 0.47330960854092524 0.038 0.0711743772241993
0 0.1935 0.4902135231316726 0.035 0.08362989323843416
0 0.256 0.42704626334519574 0.03 0.06761565836298933
0 0.2935 0.5151245551601423 0.053 0.07651245551601424
4 0.3635 0.5133451957295374 0.051 0.0800711743772242
0 0.2985 0.44483985765124556 0.031 0.060498220640569395
0 0.4975 0.5756227758007118 0.047 0.08362989323843416
0 0.5855 0.5702846975088968 0.043 0.08362989323843416
0 0.783 0.6281138790035588 0.052 0.10320284697508897
0 0.921 0.6806049822064056 0.054 0.09074733096085409
4 0.9125 0.5738434163701067 0.047 0.10142348754448399
0 0.8235 0.5685053380782918 0.037 0.0800711743772242
0 0.8435 0.48487544483985767 0.033 0.0693950177935943
0 0.937 0.5160142348754448 0.044 0.07829181494661921
0 0.926 0.46441281138790036 0.03 0.0711743772241993
2 0.7605 0.4626334519572954 0.077 0.2775800711743772
0 0.448 0.4804270462633452 0.038 0.060498220640569395
0 0.4065 0.46441281138790036 0.033 0.05693950177935943
0 0.33 0.4110320284697509 0.044 0.0711743772241993
0 0.3775 0.3994661921708185 0.019 0.051601423487544484
0 0.409 0.3887900355871886 0.024 0.05871886120996441
0 0.4455 0.4030249110320285 0.027 0.037366548042704624
0 0.462 0.3683274021352313 0.034 0.060498220640569395
0 0.4965 0.36565836298932386 0.019 0.04448398576512456
0 0.4735 0.4288256227758007 0.029 0.060498220640569395
0 0.517 0.4261565836298932 0.034 0.07295373665480427
0 0.57 0.4225978647686833 0.022 0.06583629893238434
0 0.6255 0.45729537366548045 0.037 0.06761565836298933
0 0.626 0.3834519572953737 0.02 0.04092526690391459
0 0.6465 0.3692170818505338 0.015 0.04448398576512456
0 0.655 0.4083629893238434 0.03 0.051601423487544484
0 0.6975 0.45373665480427045 0.025 0.05693950177935943
1 0.699 0.400355871886121 0.02 0.05693950177935943
