0 0.0165 0.5320284697508897 0.033 0.08540925266903915
0 0.0585 0.5542704626334519 0.045 0.0800711743772242
0 0.146 0.4697508896797153 0.038 0.060498220640569395
0 0.202 0.4804270462633452 0.042 0.07473309608540925
0 0.2535 0.41370106761565834 0.035 0.05871886120996441
0 0.161 0.5916370106761566 0.04 0.07651245551601424
0 0.214 0.6138790035587188 0.05 0.08185053380782918
1 0.3 0.5133451957295374 0.046 0.06227758007117438
4 0.3625 0.5106761565836299 0.035 0.08185053380782918
0 0.3375 0.4083629893238434 0.023 0.04804270462633452
0 0.289 0.44217081850533807 0.038 0.05516014234875445
0 0.375 0.398576512455516 0.04 0.07473309608540925
0 0.4065 0.46708185053380785 0.043 0.07651245551601424
0 0.454 0.4830960854092527 0.032 0.05871886120996441
0 0.444 0.4030249110320285 0.024 0.06583629893238434
0 0.409 0.39234875444839856 0.038 0.06227758007117438
0 0.475 0.42437722419928825 0.038 0.0693950177935943
0 0.518 0.4261565836298932 0.04 0.07295373665480427
0 0.498 0.3736654804270463 0.032 0.060498220640569395
0 0.457 0.3692170818505338 0.03 0.05871886120996441
0 0.572 0.4208185053380783 0.028 0.06227758007117438
0 0.4915 0.5791814946619217 0.033 0.0693950177935943
0 0.352 0.6405693950177936 0.062 0.08540925266903915
0 0.465 0.7206405693950177 0.048 0.11387900355871886
0 0.588 0.6005338078291815 0.052 0.07651245551601424
0 0.5745 0.48487544483985767 0.053 0.07295373665480427
1 0.6405 0.45640569395017794 0.025 0.05871886120996441
0 0.6485 0.5266903914590747 0.035 0.07829181494661921
0 0.698 0.45462633451957296 0.032 0.06583629893238434
0 0.6545 0.40658362989323843 0.037 0.06583629893238434
0 0.628 0.3790035587188612 0.022 0.060498220640569395
1 0.694 0.3959074733096085 0.02 0.05516014234875445
2 0.764 0.46441281138790036 0.062 0.28113879003558717
0 0.715 0.7766903914590747 0.052 0.11921708185053381
0 0.8885 0.8772241992882562 0.061 0.11387900355871886
0 0.919 0.6841637010676157 0.044 0.08718861209964412
0 0.785 0.6281138790035588 0.042 0.099644128113879
0 0.826 0.5587188612099644 0.024 0.05338078291814947
4 0.9135 0.5685053380782918 0.039 0.06583629893238434
0 0.8495 0.49466192170818507 0.031 0.0711743772241993
0 0.934 0.5142348754448398 0.028 0.06405693950177936
1 0.9255 0.4653024911032028 0.023 0.06583629893238434
