4 0.723 0.5892857142857143 0.084 0.14642857142857144
4 0.596 0.5285714285714286 0.072 0.16428571428571428
4 0.493 0.475 0.06 0.125
1 0.4095 0.4607142857142857 0.045 0.11071428571428571
4 0.804 0.4625 0.078 0.125
4 0.6985 0.4401785714285714 0.057 0.14107142857142857
1 0.5995 0.4107142857142857 0.057 0.11071428571428571
1 0.5215 0.38125 0.043 0.0875
1 0.9285 0.30714285714285716 0.037 0.08928571428571429
4 0.8495 0.3625 0.049 0.125
4 0.775 0.35446428571428573 0.038 0.0875
4 0.6785 0.3366071428571429 0.047 0.10178571428571428
4 0.5885 0.3294642857142857 0.047 0.09107142857142857
1 0.6805 0.25625 0.047 0.07321428571428572
1 0.754 0.2892857142857143 0.034 0.08928571428571429
1 0.8465 0.275 0.041 0.08214285714285714
1 0.233 0.40625 0.052 0.09464285714285714
2 0.039 0.5589285714285714 0.098 0.5285714285714286
2 0.166 0.3508928571428571 0.066 0.2517857142857143
1 0.0865 0.3410714285714286 0.031 0.07142857142857142
1 0.12 0.35267857142857145 0.032 0.07321428571428572
1 0.238 0.32321428571428573 0.028 0.06785714285714285
1 0.3085 0.29732142857142857 0.029 0.06607142857142857
0 0.3675 0.32410714285714287 0.047 0.07678571428571429
1 0.4495 0.27589285714285716 0.039 0.06964285714285715
1 0.393 0.26607142857142857 0.038 0.07857142857142857
1 0.3315 0.25625 0.033 0.06607142857142857
1 0.2865 0.2571428571428571 0.039 0.06785714285714285
