1 0.3915 0.4857142857142857 0.051 0.1
1 0.2765 0.4669642857142857 0.039 0.10535714285714286
1 0.1965 0.48035714285714287 0.061 0.08928571428571429
1 0.081 0.45535714285714285 0.046 0.07142857142857142
2 0.708 0.31339285714285714 0.09 0.2767857142857143
1 0.2455 0.5339285714285714 0.051 0.12142857142857143
0 0.1085 0.5803571428571429 0.073 0.18571428571428572
0 0.012 0.5294642857142857 0.034 0.0875
1 0.355 0.6348214285714285 0.064 0.13035714285714287
1 0.1965 0.6133928571428572 0.073 0.1375
0 0.045 0.6196428571428572 0.066 0.10357142857142858
1 0.0995 0.8035714285714286 0.089 0.17142857142857143
0 0.2755 0.8151785714285714 0.099 0.16607142857142856
0 0.7085 0.6508928571428572 0.079 0.13392857142857142
1 0.8445 0.6392857142857142 0.059 0.11071428571428571
1 0.7785 0.5321428571428571 0.051 0.08214285714285714
1 0.65 0.53125 0.054 0.09464285714285714
1 0.628 0.4669642857142857 0.042 0.08035714285714286
1 0.74 0.48392857142857143 0.042 0.09642857142857143
1 0.852 0.4732142857142857 0.048 0.09285714285714286
1 0.949 0.48125 0.058 0.09107142857142857
1 0.9055 0.5678571428571428 0.061 0.09285714285714286
