2 0.798 0.45195729537366547 0.08 0.46619217081850534
1 0.8815 0.5160142348754448 0.061 0.1103202846975089
1 0.95 0.5088967971530249 0.048 0.10320284697508897
1 0.9695 0.5916370106761566 0.039 0.10498220640569395
1 0.662 0.5649466192170819 0.058 0.10142348754448399
1 0.5365 0.5587188612099644 0.061 0.10676156583629894
1 0.377 0.550711743772242 0.066 0.09786476868327403
1 0.737 0.6957295373665481 0.068 0.13167259786476868
1 0.8 0.9190391459074733 0.104 0.17615658362989323
1 0.54 0.6779359430604982 0.084 0.13167259786476868
1 0.339 0.7322064056939501 0.074 0.11921708185053381
1 0.0825 0.5533807829181495 0.059 0.12455516014234876
1 0.03 0.5898576512455516 0.066 0.11565836298932385
