2 0.719 0.5453736654804271 0.072 0.3790035587188612
1 0.8395 0.7322064056939501 0.063 0.11565836298932385
1 0.895 0.7891459074733096 0.074 0.12633451957295375
1 0.666 0.7233096085409253 0.052 0.10498220640569395
1 0.6915 0.7615658362989324 0.061 0.1103202846975089
1 0.366 0.7126334519572953 0.058 0.10498220640569395
1 0.215 0.7241992882562278 0.056 0.11387900355871886
1 0.156 0.7713523131672598 0.066 0.14056939501779359
1 0.0405 0.8247330960854092 0.085 0.1903914590747331
1 0.1075 0.8354092526690391 0.061 0.10498220640569395
1 0.2825 0.9279359430604982 0.095 0.13701067615658363
1 0.2925 0.8460854092526691 0.075 0.10498220640569395
1 0.7285 0.8176156583629893 0.061 0.11565836298932385
1 0.764 0.8763345195729537 0.084 0.14056939501779359
1 0.817 0.9279359430604982 0.088 0.14412811387900357
