1 0.9245 0.5088967971530249 0.047 0.10676156583629894
4 0.886 0.48576512455516013 0.036 0.08185053380782918
4 0.795 0.45729537366548045 0.038 0.06405693950177936
4 0.741 0.5008896797153025 0.048 0.11921708185053381
2 0.4975 0.498220640569395 0.073 0.5373665480427047
0 0.348 0.41192170818505336 0.036 0.06227758007117438
4 0.2495 0.38434163701067614 0.031 0.07473309608540925
0 0.2 0.38434163701067614 0.042 0.06405693950177936
1 0.305 0.3807829181494662 0.024 0.05338078291814947
0 0.3265 0.3407473309608541 0.023 0.06227758007117438
4 0.36 0.3469750889679715 0.036 0.07473309608540925
1 0.3835 0.4110320284697509 0.029 0.06761565836298933
0 0.4475 0.3807829181494662 0.029 0.06405693950177936
1 0.635 0.4750889679715303 0.034 0.06761565836298933
0 0.6035 0.398576512455516 0.039 0.08185053380782918
0 0.6335 0.3905693950177936 0.029 0.0693950177935943
0 0.6825 0.42704626334519574 0.033 0.07829181494661921
0 0.713 0.4101423487544484 0.034 0.05871886120996441
0 0.289 0.3505338078291815 0.034 0.06405693950177936
4 0.4035 0.31494661921708184 0.025 0.05338078291814947
1 0.7325 0.298932384341637 0.023 0.042704626334519574
1 0.779 0.3291814946619217 0.026 0.05338078291814947
1 0.4675 0.2873665480427046 0.021 0.051601423487544484
1 0.563 0.28291814946619215 0.018 0.0498220640569395
1 0.6115 0.3016014234875445 0.017 0.04092526690391459
4 0.821 0.4181494661921708 0.032 0.08185053380782918
