2 0.508 0.49466192170818507 0.064 0.5231316725978647
1 0.749 0.48487544483985767 0.038 0.09786476868327403
0 0.799 0.4501779359430605 0.032 0.07473309608540925
0 0.906 0.5160142348754448 0.072 0.08185053380782918
0 0.56 0.45729537366548045 0.04 0.08185053380782918
1 0.246 0.39412811387900354 0.044 0.08362989323843416
0 0.201 0.3932384341637011 0.04 0.08896797153024912
0 0.306 0.3914590747330961 0.038 0.07829181494661921
1 0.387 0.40569395017793597 0.038 0.06405693950177936
0 0.3505 0.39768683274021355 0.031 0.07295373665480427
0 0.4425 0.3834519572953737 0.033 0.0693950177935943
0 0.681 0.445729537366548 0.032 0.09430604982206406
0 0.6325 0.4706405693950178 0.051 0.07651245551601424
0 0.64 0.3781138790035587 0.03 0.0800711743772242
4 0.6075 0.400355871886121 0.037 0.08540925266903915
0 0.3645 0.33807829181494664 0.021 0.046263345195729534
0 0.404 0.3612099644128114 0.028 0.06761565836298933
1 0.396 0.3104982206405694 0.03 0.04804270462633452
1 0.729 0.2998220640569395 0.022 0.04804270462633452
4 0.588 0.3069395017793594 0.02 0.05516014234875445
4 0.613 0.3104982206405694 0.024 0.06227758007117438
1 0.777 0.3371886120996441 0.02 0.051601423487544484
1 0.845 0.3291814946619217 0.032 0.060498220640569395
1 0.468 0.29359430604982206 0.016 0.05693950177935943
