2 0.4855 0.5880782918149466 0.107 0.6423487544483986
1 0.229 0.6432384341637011 0.112 0.22241992882562278
1 0.38 0.6316725978647687 0.09 0.18149466192170818
1 0.7595 0.550711743772242 0.093 0.16548042704626334
1 0.6435 0.5613879003558719 0.089 0.18683274021352314
1 0.8845 0.5124555160142349 0.065 0.1387900355871886
1 0.9525 0.4875444839857651 0.063 0.15302491103202848
1 0.306 0.4928825622775801 0.072 0.15658362989323843
1 0.375 0.37455516014234874 0.052 0.09786476868327403
1 0.187 0.4884341637010676 0.084 0.09786476868327403
2 0.6585 0.35231316725978645 0.051 0.13167259786476868
1 0.2235 0.36743772241992884 0.033 0.10854092526690391
1 0.588 0.3781138790035587 0.054 0.10498220640569395
1 0.8215 0.4306049822064057 0.047 0.13523131672597866
1 0.7575 0.40747330960854095 0.045 0.09608540925266904
4 0.7125 0.3914590747330961 0.043 0.09608540925266904
