2 0.0715 0.6343416370106761 0.101 0.6352313167259787
1 0.2275 0.5498220640569395 0.111 0.18149466192170818
1 0.333 0.5836298932384342 0.078 0.18505338078291814
1 0.411 0.5044483985765125 0.07 0.13701067615658363
1 0.2985 0.41192170818505336 0.039 0.12277580071174377
1 0.2435 0.398576512455516 0.047 0.09252669039145907
1 0.146 0.4395017793594306 0.048 0.1387900355871886
1 0.521 0.44395017793594305 0.052 0.11565836298932385
1 0.4465 0.4306049822064057 0.045 0.10676156583629894
1 0.5615 0.6209964412811388 0.081 0.1708185053380783
4 0.6945 0.6147686832740213 0.089 0.2117437722419929
1 0.617 0.47686832740213525 0.058 0.1601423487544484
1 0.677 0.44217081850533807 0.038 0.09786476868327403
1 0.5685 0.4190391459074733 0.037 0.0800711743772242
1 0.5045 0.3612099644128114 0.033 0.06761565836298933
1 0.4145 0.3612099644128114 0.035 0.09252669039145907
2 0.343 0.40391459074733094 0.054 0.16725978647686832
4 0.7715 0.4724199288256228 0.045 0.1298932384341637
1 0.642 0.3540925266903915 0.038 0.08185053380782918
1 0.606 0.3594306049822064 0.03 0.06761565836298933
1 0.7045 0.40480427046263345 0.025 0.07295373665480427
