4 0.3735 0.6227758007117438 0.075 0.199288256227758
4 0.2345 0.6396797153024911 0.111 0.2117437722419929
2 0.4375 0.5791814946619217 0.103 0.5640569395017794
1 0.306 0.501779359430605 0.07 0.1423487544483986
1 0.1805 0.5160142348754448 0.077 0.18505338078291814
1 0.761 0.548932384341637 0.104 0.19395017793594305
4 0.649 0.5578291814946619 0.088 0.1903914590747331
4 0.883 0.5444839857651246 0.064 0.1423487544483986
1 0.955 0.49377224199288255 0.074 0.1583629893238434
4 0.8235 0.44928825622775803 0.051 0.10854092526690391
4 0.7175 0.40213523131672596 0.041 0.07829181494661921
1 0.668 0.4083629893238434 0.042 0.09430604982206406
4 0.5385 0.49377224199288255 0.067 0.1512455516014235
1 0.274 0.39501779359430605 0.044 0.13523131672597866
1 0.5925 0.38434163701067614 0.049 0.08540925266903915
1 0.5365 0.34786476868327404 0.035 0.07651245551601424
1 0.227 0.36476868327402134 0.034 0.10676156583629894
1 0.3725 0.3540925266903915 0.029 0.09608540925266904
4 0.759 0.41637010676156583 0.032 0.09608540925266904
