1 0.6395 0.8932384341637011 0.115 0.2099644128113879
2 0.7475 0.6690391459074733 0.143 0.6654804270462633
1 0.9465 0.8825622775800712 0.113 0.2206405693950178
2 0.5965 0.552491103202847 0.123 0.43238434163701067
2 0.3775 0.5693950177935944 0.097 0.4199288256227758
1 0.2475 0.5142348754448398 0.069 0.2206405693950178
1 0.1795 0.6094306049822064 0.099 0.25444839857651247
1 0.0505 0.5088967971530249 0.099 0.18149466192170818
4 0.0595 0.858540925266904 0.097 0.32562277580071175
4 0.361 0.9048042704626335 0.156 0.19750889679715303
