2 0.5195 0.325 0.065 0.22857142857142856
1 0.682 0.5098214285714285 0.058 0.11964285714285715
1 0.788 0.5196428571428572 0.054 0.15357142857142858
1 0.866 0.5714285714285714 0.078 0.2
1 0.952 0.6741071428571429 0.078 0.24107142857142858
1 0.8685 0.8535714285714285 0.099 0.2857142857142857
1 0.7705 0.7035714285714286 0.087 0.21785714285714286
1 0.712 0.5892857142857143 0.074 0.15714285714285714
1 0.615 0.8526785714285714 0.114 0.2732142857142857
1 0.6075 0.6348214285714285 0.087 0.15178571428571427
1 0.389 0.5258928571428572 0.05 0.13392857142857142
1 0.3575 0.5910714285714286 0.059 0.15714285714285714
1 0.301 0.6607142857142857 0.064 0.22857142857142856
1 0.247 0.83125 0.098 0.3267857142857143
1 0.034 0.8151785714285714 0.058 0.39107142857142857
1 0.1315 0.70625 0.085 0.1767857142857143
1 0.075 0.5875 0.054 0.15357142857142858
1 0.1405 0.5107142857142857 0.079 0.15357142857142858
1 0.211 0.56875 0.058 0.19107142857142856
1 0.2585 0.525 0.057 0.13214285714285715
1 0.0255 0.5205357142857143 0.049 0.16964285714285715
