4 0.669 0.6839285714285714 0.102 0.26785714285714285
1 0.8585 0.7741071428571429 0.135 0.2625
4 0.507 0.6616071428571428 0.1 0.21964285714285714
1 0.396 0.6267857142857143 0.076 0.15357142857142858
1 0.239 0.5571428571428572 0.064 0.17857142857142858
4 0.169 0.5285714285714286 0.048 0.18928571428571428
4 0.117 0.5071428571428571 0.048 0.15714285714285714
4 0.0565 0.4857142857142857 0.057 0.14285714285714285
1 0.226 0.42232142857142857 0.038 0.08035714285714286
2 0.7475 0.5276785714285714 0.065 0.2910714285714286
1 0.617 0.5491071428571429 0.068 0.15535714285714286
4 0.291 0.48928571428571427 0.042 0.11428571428571428
4 0.3615 0.4982142857142857 0.057 0.10714285714285714
1 0.2785 0.3982142857142857 0.041 0.07142857142857142
1 0.455 0.45535714285714285 0.054 0.11428571428571428
4 0.3635 0.38660714285714287 0.035 0.0875
1 0.687 0.4901785714285714 0.048 0.10892857142857143
1 0.801 0.50625 0.05 0.15535714285714286
1 0.856 0.4348214285714286 0.04 0.10178571428571428
1 0.626 0.37589285714285714 0.036 0.09464285714285714
1 0.5835 0.3875 0.039 0.075
4 0.3955 0.44642857142857145 0.029 0.08214285714285714
1 0.891 0.5857142857142857 0.074 0.10714285714285714
1 0.507 0.4928571428571429 0.046 0.10357142857142858
