1 0.237 0.5498220640569395 0.082 0.16370106761565836
0 0.135 0.5569395017793595 0.086 0.1601423487544484
4 0.0325 0.42170818505338076 0.033 0.08896797153024912
4 0.5675 0.547153024911032 0.069 0.14056939501779359
0 0.4955 0.46708185053380785 0.039 0.0693950177935943
0 0.8605 0.5854092526690391 0.081 0.13167259786476868
0 0.3135 0.4412811387900356 0.051 0.08540925266903915
0 0.1695 0.3896797153024911 0.043 0.06405693950177936
1 0.668 0.48398576512455516 0.038 0.08185053380782918
1 0.4185 0.4430604982206406 0.033 0.09252669039145907
1 0.217 0.4395017793594306 0.046 0.07473309608540925
0 0.1555 0.45640569395017794 0.049 0.08362989323843416
0 0.3755 0.41637010676156583 0.033 0.07829181494661921
1 0.1205 0.40213523131672596 0.027 0.0711743772241993
0 0.087 0.3994661921708185 0.038 0.06227758007117438
