0 0.54 0.5613879003558719 0.112 0.3113879003558719
4 0.6805 0.548932384341637 0.111 0.28291814946619215
0 0.171 0.47330960854092524 0.09 0.24199288256227758
0 0.848 0.7393238434163701 0.176 0.49644128113879005
1 0.581 0.40480427046263345 0.054 0.18327402135231316
1 0.7985 0.4083629893238434 0.083 0.15480427046263345
0 0.209 0.3816725978647687 0.04 0.11209964412811388
1 0.9615 0.6396797153024911 0.085 0.3612099644128114
0 0.8555 0.3763345195729537 0.033 0.12277580071174377
0 0.961 0.3959074733096085 0.054 0.09786476868327403
0 0.9 0.43683274021352314 0.052 0.10498220640569395
1 0.6575 0.3487544483985765 0.045 0.08540925266903915
