2 0.3885 0.29359430604982206 0.077 0.20284697508896798
2 0.332 0.32473309608540923 0.056 0.16548042704626334
4 0.033 0.46441281138790036 0.054 0.19572953736654805
4 0.9285 0.4822064056939502 0.087 0.18861209964412812
1 0.165 0.8781138790035588 0.128 0.24733096085409254
1 0.235 0.7188612099644128 0.088 0.23843416370106763
1 0.307 0.6290035587188612 0.092 0.20106761565836298
1 0.349 0.46619217081850534 0.058 0.1387900355871886
1 0.457 0.44395017793594305 0.074 0.09786476868327403
1 0.4605 0.5516014234875445 0.055 0.12455516014234876
1 0.4175 0.7072953736654805 0.091 0.2117437722419929
1 0.368 0.8718861209964412 0.074 0.24555160142348753
1 0.5595 0.8781138790035588 0.117 0.21530249110320285
1 0.5665 0.7188612099644128 0.095 0.17437722419928825
1 0.565 0.5854092526690391 0.07 0.13523131672597866
1 0.653 0.46352313167259784 0.072 0.14412811387900357
1 0.6905 0.541814946619217 0.067 0.13345195729537365
1 0.5485 0.46441281138790036 0.047 0.07829181494661921
1 0.725 0.5747330960854092 0.056 0.12455516014234876
1 0.74 0.6921708185053381 0.104 0.1423487544483986
1 0.751 0.8736654804270463 0.142 0.21352313167259787
