0 0.748 0.7651245551601423 0.178 0.2491103202846975
0 0.9345 0.8505338078291815 0.133 0.2491103202846975
0 0.936 0.6236654804270463 0.12 0.16903914590747332
0 0.774 0.6005338078291815 0.142 0.13345195729537365
4 0.808 0.4697508896797153 0.1 0.12811387900355872
0 0.944 0.4884341637010676 0.098 0.10142348754448399
1 0.9325 0.3861209964412811 0.083 0.10320284697508897
0 0.305 0.594306049822064 0.11 0.16370106761565836
0 0.1925 0.5258007117437722 0.103 0.1583629893238434
0 0.096 0.498220640569395 0.058 0.099644128113879
0 0.031 0.4430604982206406 0.054 0.11743772241992882
0 0.4125 0.48131672597864766 0.069 0.14056939501779359
0 0.315 0.44661921708185054 0.07 0.09608540925266904
0 0.2365 0.4128113879003559 0.067 0.1103202846975089
0 0.1595 0.3861209964412811 0.081 0.099644128113879
0 0.479 0.4128113879003559 0.056 0.1103202846975089
0 0.395 0.37722419928825623 0.06 0.08896797153024912
0 0.3185 0.3469750889679715 0.059 0.10320284697508897
0 0.2575 0.3193950177935943 0.049 0.07651245551601424
0 0.543 0.35320284697508897 0.05 0.10498220640569395
0 0.4545 0.3220640569395018 0.039 0.0711743772241993
1 0.593 0.3220640569395018 0.038 0.09252669039145907
0 0.6345 0.2873665480427046 0.043 0.08362989323843416
1 0.667 0.24466192170818504 0.038 0.06583629893238434
0 0.604 0.24288256227758007 0.034 0.06227758007117438
2 0.4965 0.2099644128113879 0.053 0.13523131672597866
0 0.3565 0.21263345195729538 0.037 0.0693950177935943
1 0.5435 0.22597864768683273 0.025 0.06405693950177936
0 0.372 0.3016014234875445 0.034 0.051601423487544484
0 0.431 0.23843416370106763 0.024 0.07473309608540925
2 0.1165 0.2820284697508897 0.051 0.23665480427046262
0 0.051 0.29804270462633453 0.05 0.09786476868327403
1 0.2045 0.24199288256227758 0.035 0.09252669039145907
1 0.2435 0.24288256227758007 0.029 0.06583629893238434
0 0.28 0.2197508896797153 0.034 0.0800711743772242
0 0.3165 0.22686832740213522 0.019 0.04804270462633452
0 0.3125 0.18505338078291814 0.021 0.05693950177935943
