0 0.3025 0.5889679715302492 0.103 0.20284697508896798
0 0.735 0.7713523131672598 0.176 0.28647686832740216
0 0.7745 0.5791814946619217 0.131 0.1512455516014235
0 0.9385 0.6281138790035588 0.111 0.2313167259786477
0 0.927 0.8656583629893239 0.15 0.24377224199288255
0 0.812 0.47153024911032027 0.116 0.1494661921708185
0 0.9375 0.41548042704626337 0.091 0.13345195729537365
0 0.1805 0.5311387900355872 0.105 0.17259786476868327
0 0.0945 0.5008896797153025 0.063 0.12277580071174377
0 0.034 0.4501779359430605 0.05 0.12099644128113879
0 0.4045 0.49110320284697506 0.085 0.16370106761565836
0 0.3155 0.4386120996441281 0.075 0.10498220640569395
0 0.231 0.4234875444839858 0.066 0.12811387900355872
0 0.156 0.3932384341637011 0.078 0.099644128113879
0 0.4865 0.4181494661921708 0.085 0.11387900355871886
0 0.4015 0.3709964412811388 0.055 0.08718861209964412
0 0.3245 0.3389679715302491 0.063 0.0800711743772242
0 0.2465 0.3185053380782918 0.075 0.09608540925266904
0 0.552 0.3620996441281139 0.058 0.1298932384341637
0 0.4665 0.31761565836298933 0.057 0.08718861209964412
0 0.37 0.3193950177935943 0.038 0.08718861209964412
0 0.6 0.3211743772241993 0.048 0.11565836298932385
0 0.6385 0.27846975088967973 0.035 0.0800711743772242
0 0.5665 0.2624555160142349 0.041 0.08362989323843416
0 0.43 0.23487544483985764 0.032 0.060498220640569395
0 0.3535 0.21530249110320285 0.045 0.08540925266903915
0 0.2815 0.21441281138790036 0.027 0.07295373665480427
0 0.254 0.23220640569395018 0.026 0.06227758007117438
0 0.1705 0.28113879003558717 0.051 0.08540925266903915
0 0.131 0.24288256227758007 0.042 0.10142348754448399
0 0.0905 0.3185053380782918 0.047 0.09252669039145907
0 0.053 0.27846975088967973 0.054 0.10854092526690391
