2 0.7205 0.34252669039145905 0.075 0.38256227758007116
0 0.2915 0.5693950177935944 0.081 0.24199288256227758
1 0.4145 0.6539145907473309 0.093 0.2580071174377224
1 0.488 0.5391459074733096 0.078 0.199288256227758
0 0.3955 0.4697508896797153 0.077 0.14590747330960854
0 0.7205 0.7829181494661922 0.131 0.302491103202847
0 0.2235 0.44395017793594305 0.067 0.19750889679715303
4 0.154 0.39234875444839856 0.044 0.11209964412811388
1 0.1065 0.27669039145907476 0.047 0.11921708185053381
2 0.1615 0.26868327402135234 0.045 0.12811387900355872
0 0.2075 0.2802491103202847 0.045 0.10142348754448399
2 0.2985 0.21530249110320285 0.035 0.13167259786476868
0 0.4035 0.32295373665480426 0.055 0.09430604982206406
1 0.3385 0.3736654804270463 0.047 0.17437722419928825
4 0.299 0.34341637010676157 0.042 0.12099644128113879
1 0.92 0.8594306049822064 0.13 0.28113879003558717
2 0.946 0.599644128113879 0.104 0.25622775800711745
1 0.565 0.4128113879003559 0.052 0.18505338078291814
1 0.495 0.3834519572953737 0.07 0.11209964412811388
2 0.806 0.2846975088967972 0.058 0.199288256227758
2 0.59 0.2188612099644128 0.042 0.15302491103202848
0 0.479 0.2624555160142349 0.034 0.13345195729537365
0 0.8135 0.48576512455516013 0.053 0.19217081850533807
0 0.4465 0.2526690391459075 0.029 0.15302491103202848
1 0.916 0.3540925266903915 0.042 0.12099644128113879
0 0.8815 0.4279359430604982 0.057 0.17259786476868327
0 0.617 0.3709964412811388 0.052 0.14768683274021352
1 0.6645 0.30604982206405695 0.045 0.1423487544483986
