2 0.676 0.37544483985765126 0.044 0.21708185053380782
1 0.926 0.4697508896797153 0.076 0.199288256227758
4 0.2635 0.445729537366548 0.049 0.17615658362989323
4 0.0495 0.44217081850533807 0.087 0.17259786476868327
1 0.16 0.8879003558718861 0.106 0.24555160142348753
1 0.2885 0.751779359430605 0.111 0.26512455516014233
1 0.1345 0.6690391459074733 0.097 0.17793594306049823
1 0.1965 0.6058718861209964 0.057 0.20462633451957296
4 0.3315 0.5097864768683275 0.063 0.12277580071174377
1 0.5955 0.7615658362989324 0.113 0.20284697508896798
1 0.7555 0.7651245551601423 0.119 0.1423487544483986
1 0.8285 0.9217081850533808 0.153 0.16370106761565836
1 0.7435 0.6138790035587188 0.117 0.1494661921708185
1 0.597 0.5987544483985765 0.104 0.1298932384341637
1 0.5825 0.49377224199288255 0.071 0.08718861209964412
1 0.7595 0.49555160142348753 0.053 0.07651245551601424
1 0.6985 0.4750889679715303 0.061 0.12099644128113879
