3 0.7145 0.7927046263345195 0.145 0.28647686832740216
3 0.7935 0.6023131672597865 0.129 0.21530249110320285
0 0.293 0.5738434163701067 0.094 0.2508896797153025
0 0.4135 0.7046263345195729 0.151 0.1601423487544484
3 0.204 0.4181494661921708 0.074 0.14590747330960854
0 0.1305 0.41548042704626337 0.069 0.10498220640569395
0 0.116 0.3193950177935943 0.06 0.08718861209964412
0 0.069 0.29804270462633453 0.064 0.09074733096085409
0 0.5005 0.5391459074733096 0.091 0.15658362989323843
0 0.415 0.5008896797153025 0.096 0.14768683274021352
0 0.299 0.3709964412811388 0.068 0.10142348754448399
0 0.2015 0.2900355871886121 0.063 0.08540925266903915
0 0.275 0.26334519572953735 0.056 0.07829181494661921
0 0.353 0.2215302491103203 0.05 0.06227758007117438
3 0.447 0.27402135231316727 0.058 0.10676156583629894
3 0.9375 0.2704626334519573 0.051 0.09252669039145907
0 0.941 0.5329181494661922 0.114 0.20818505338078291
0 0.607 0.3487544483985765 0.066 0.1601423487544484
0 0.5215 0.3318505338078292 0.065 0.11565836298932385
0 0.3915 0.3220640569395018 0.063 0.08896797153024912
0 0.847 0.3087188612099644 0.066 0.09430604982206406
0 0.658 0.2402135231316726 0.036 0.07473309608540925
0 0.5475 0.22330960854092527 0.055 0.09430604982206406
0 0.4955 0.2215302491103203 0.043 0.051601423487544484
