1 0.197 0.8887900355871886 0.136 0.22597864768683273
1 0.1425 0.7117437722419929 0.097 0.28113879003558717
1 0.2965 0.7455516014234875 0.119 0.24199288256227758
4 0.0455 0.4786476868327402 0.073 0.17437722419928825
2 0.603 0.45640569395017794 0.084 0.20818505338078291
1 0.6145 0.6112099644128114 0.091 0.16548042704626334
1 0.338 0.6254448398576512 0.06 0.1797153024911032
1 0.2325 0.5293594306049823 0.067 0.14056939501779359
1 0.3345 0.4875444839857651 0.089 0.13167259786476868
1 0.618 0.7544483985765125 0.126 0.16725978647686832
1 0.757 0.7829181494661922 0.104 0.20284697508896798
1 0.7395 0.6183274021352313 0.101 0.14056939501779359
4 0.9415 0.4608540925266904 0.083 0.14590747330960854
1 0.691 0.4653024911032028 0.062 0.13345195729537365
1 0.8435 0.9012455516014235 0.147 0.1797153024911032
4 0.2335 0.41548042704626337 0.065 0.08718861209964412
