1 0.0435 0.4190391459074733 0.081 0.16548042704626334
0 0.123 0.46619217081850534 0.086 0.21708185053380782
0 0.238 0.5329181494661922 0.13 0.20462633451957296
0 0.377 0.6165480427046264 0.134 0.18683274021352314
0 0.774 0.7722419928825622 0.214 0.29537366548042704
0 0.946 0.7864768683274022 0.122 0.2277580071174377
0 0.4985 0.48131672597864766 0.127 0.17259786476868327
0 0.369 0.447508896797153 0.104 0.14768683274021352
0 0.231 0.3798932384341637 0.1 0.13701067615658363
0 0.0855 0.28291814946619215 0.063 0.099644128113879
0 0.1805 0.24644128113879005 0.045 0.11921708185053381
0 0.8015 0.5756227758007118 0.145 0.14768683274021352
0 0.9465 0.6192170818505338 0.117 0.19217081850533807
0 0.3275 0.33274021352313166 0.069 0.12455516014234876
0 0.401 0.298932384341637 0.074 0.099644128113879
0 0.454 0.2704626334519573 0.05 0.09608540925266904
0 0.695 0.27313167259786475 0.068 0.08362989323843416
0 0.5495 0.2099644128113879 0.047 0.09608540925266904
0 0.35 0.21441281138790036 0.048 0.0800711743772242
0 0.939 0.48576512455516013 0.128 0.11387900355871886
0 0.807 0.45729537366548045 0.118 0.12455516014234876
0 0.934 0.2846975088967972 0.07 0.10320284697508897
