2 0.2135 0.32562277580071175 0.087 0.27402135231316727
1 0.0455 0.4626334519572954 0.081 0.18149466192170818
4 0.941 0.4697508896797153 0.106 0.2206405693950178
1 0.7005 0.8389679715302492 0.087 0.30071174377224197
1 0.523 0.806049822064057 0.126 0.26334519572953735
1 0.387 0.8603202846975089 0.09 0.28291814946619215
1 0.1505 0.8318505338078291 0.137 0.3185053380782918
1 0.233 0.6806049822064056 0.074 0.20106761565836298
1 0.3665 0.6476868327402135 0.109 0.1601423487544484
1 0.4985 0.552491103202847 0.077 0.18327402135231316
1 0.256 0.5355871886120996 0.068 0.16370106761565836
1 0.306 0.46619217081850534 0.056 0.13523131672597866
1 0.42 0.45729537366548045 0.074 0.15658362989323843
1 0.6375 0.4555160142348754 0.081 0.08540925266903915
1 0.6445 0.5693950177935944 0.075 0.1423487544483986
1 0.715 0.6112099644128114 0.062 0.1583629893238434
