4 0.504 0.5578291814946619 0.066 0.28647686832740216
4 0.3955 0.5284697508896797 0.063 0.2277580071174377
4 0.221 0.4973309608540925 0.08 0.22241992882562278
4 0.1455 0.47597864768683273 0.071 0.1797153024911032
4 0.0885 0.4092526690391459 0.067 0.18149466192170818
4 0.761 0.6165480427046264 0.09 0.2188612099644128
4 0.9205 0.6583629893238434 0.099 0.28825622775800713
1 0.557 0.46619217081850534 0.06 0.18861209964412812
4 0.317 0.42170818505338076 0.064 0.18861209964412812
4 0.634 0.4083629893238434 0.062 0.1583629893238434
1 0.4595 0.34252669039145905 0.047 0.14768683274021352
1 0.27 0.33362989323843417 0.046 0.11565836298932385
1 0.167 0.30782918149466193 0.066 0.12099644128113879
4 0.582 0.33274021352313166 0.044 0.08540925266903915
4 0.85 0.3585409252669039 0.034 0.09786476868327403
4 0.5435 0.2713523131672598 0.045 0.0800711743772242
