2 0.55 0.6903914590747331 0.096 0.608540925266904
2 0.732 0.4626334519572954 0.042 0.2491103202846975
2 0.6665 0.48487544483985767 0.043 0.22241992882562278
2 0.358 0.47153024911032027 0.044 0.15302491103202848
2 0.303 0.498220640569395 0.052 0.21352313167259787
2 0.2545 0.49466192170818507 0.037 0.17437722419928825
2 0.207 0.48576512455516013 0.056 0.24555160142348753
1 0.2525 0.798932384341637 0.099 0.398576512455516
1 0.3515 0.6823843416370107 0.067 0.26512455516014233
1 0.944 0.7508896797153025 0.094 0.48398576512455516
1 0.8695 0.5702846975088968 0.057 0.1797153024911032
1 0.8255 0.5435943060498221 0.043 0.16548042704626334
1 0.708 0.6147686832740213 0.048 0.26512455516014233
