4 0.5765 0.5293594306049823 0.083 0.16903914590747332
4 0.831 0.5631672597864769 0.108 0.2117437722419929
4 0.9605 0.5987544483985765 0.083 0.20462633451957296
4 0.4735 0.5008896797153025 0.079 0.16903914590747332
4 0.318 0.4875444839857651 0.076 0.13523131672597866
4 0.2195 0.47153024911032027 0.107 0.13523131672597866
4 0.0895 0.4483985765124555 0.073 0.13523131672597866
4 0.033 0.44217081850533807 0.052 0.11565836298932385
4 0.636 0.45907473309608543 0.056 0.12455516014234876
4 0.383 0.4225978647686833 0.07 0.12277580071174377
4 0.3075 0.38701067615658363 0.059 0.07651245551601424
4 0.233 0.3620996441281139 0.054 0.08362989323843416
4 0.1755 0.3665480427046263 0.059 0.07829181494661921
4 0.3445 0.3113879003558719 0.037 0.0711743772241993
4 0.59 0.3905693950177936 0.036 0.11209964412811388
4 0.5345 0.4225978647686833 0.043 0.14056939501779359
4 0.961 0.451067615658363 0.072 0.08718861209964412
4 0.675 0.40391459074733094 0.052 0.11387900355871886
1 0.542 0.3016014234875445 0.042 0.08362989323843416
4 0.4245 0.2775800711743772 0.035 0.06761565836298933
4 0.383 0.2749110320284697 0.036 0.06583629893238434
4 0.8235 0.33807829181494664 0.037 0.0711743772241993
1 0.896 0.3371886120996441 0.036 0.06583629893238434
4 0.818 0.4234875444839858 0.054 0.08185053380782918
4 0.4815 0.34519572953736655 0.033 0.06761565836298933
4 0.4405 0.36743772241992884 0.049 0.07651245551601424
4 0.647 0.304270462633452 0.028 0.06405693950177936
4 0.927 0.398576512455516 0.046 0.07473309608540925
