4 0.5805 0.5222419928825622 0.091 0.1512455516014235
4 0.8355 0.5631672597864769 0.113 0.18683274021352314
4 0.958 0.594306049822064 0.084 0.17793594306049823
4 0.4685 0.50355871886121 0.083 0.18861209964412812
1 0.3155 0.4830960854092527 0.057 0.13701067615658363
4 0.2205 0.4653024911032028 0.095 0.14768683274021352
4 0.0935 0.451067615658363 0.075 0.13701067615658363
4 0.0245 0.44483985765124556 0.049 0.13167259786476868
4 0.389 0.4261565836298932 0.06 0.11565836298932385
4 0.31 0.38701067615658363 0.066 0.07295373665480427
4 0.633 0.46619217081850534 0.062 0.13523131672597866
4 0.532 0.42437722419928825 0.06 0.13701067615658363
4 0.6755 0.4083629893238434 0.055 0.13701067615658363
4 0.4455 0.3683274021352313 0.057 0.08185053380782918
4 0.2315 0.35320284697508897 0.043 0.07651245551601424
4 0.1735 0.3665480427046263 0.059 0.0711743772241993
4 0.8295 0.4279359430604982 0.061 0.08362989323843416
4 0.954 0.4555160142348754 0.082 0.09608540925266904
1 0.616 0.35231316725978645 0.034 0.08540925266903915
4 0.5845 0.37544483985765126 0.031 0.10676156583629894
4 0.4265 0.2749110320284697 0.039 0.08362989323843416
4 0.3465 0.3087188612099644 0.033 0.06583629893238434
4 0.5095 0.2998220640569395 0.045 0.07651245551601424
4 0.8185 0.3389679715302491 0.057 0.0800711743772242
4 0.919 0.3887900355871886 0.052 0.06227758007117438
4 0.887 0.28558718861209964 0.038 0.05871886120996441
4 0.3855 0.27846975088967973 0.039 0.06583629893238434
1 0.545 0.29537366548042704 0.032 0.08896797153024912
