2 0.3625 0.5444839857651246 0.085 0.5480427046263345
4 0.589 0.5453736654804271 0.09 0.16548042704626334
4 0.8335 0.5693950177935944 0.125 0.18149466192170818
4 0.4805 0.5044483985765125 0.081 0.13345195729537365
4 0.2135 0.47597864768683273 0.083 0.12277580071174377
4 0.095 0.445729537366548 0.076 0.09786476868327403
4 0.023 0.4190391459074733 0.036 0.13345195729537365
4 0.1035 0.349644128113879 0.065 0.0693950177935943
4 0.185 0.3816725978647687 0.054 0.0693950177935943
4 0.238 0.349644128113879 0.036 0.11565836298932385
2 0.7225 0.45195729537366547 0.053 0.37722419928825623
2 0.5155 0.398576512455516 0.043 0.2206405693950178
2 0.465 0.33629893238434166 0.044 0.19572953736654805
1 0.415 0.34519572953736655 0.038 0.09252669039145907
4 0.9605 0.5818505338078291 0.063 0.21708185053380782
1 0.638 0.3265124555160142 0.05 0.10142348754448399
2 0.5855 0.3202846975088968 0.039 0.19217081850533807
4 0.812 0.3994661921708185 0.046 0.08718861209964412
4 0.922 0.4110320284697509 0.054 0.10676156583629894
4 0.2995 0.32473309608540923 0.033 0.07295373665480427
1 0.677 0.27669039145907476 0.03 0.08362989323843416
