4 0.263 0.7170818505338078 0.13 0.23843416370106763
0 0.0745 0.8629893238434164 0.147 0.2669039145907473
3 0.0995 0.5124555160142349 0.127 0.18505338078291814
3 0.213 0.47597864768683273 0.092 0.1512455516014235
3 0.675 0.6868327402135231 0.112 0.19572953736654805
3 0.801 0.548932384341637 0.086 0.18327402135231316
0 0.674 0.6832740213523132 0.124 0.20284697508896798
0 0.414 0.9181494661921709 0.158 0.1708185053380783
4 0.6275 0.9137010676156584 0.137 0.18683274021352314
0 0.782 0.8567615658362989 0.12 0.20462633451957296
4 0.565 0.7384341637010676 0.092 0.15658362989323843
3 0.383 0.6298932384341637 0.126 0.2099644128113879
0 0.8705 0.7259786476868327 0.135 0.2277580071174377
0 0.3105 0.44661921708185054 0.101 0.12811387900355872
3 0.464 0.5640569395017794 0.11 0.19217081850533807
0 0.8875 0.47330960854092524 0.085 0.10320284697508897
0 0.945 0.5658362989323843 0.086 0.10320284697508897
1 0.384 0.4306049822064057 0.048 0.10320284697508897
