2 0.3185 0.41192170818505336 0.051 0.20462633451957296
2 0.1755 0.4288256227758007 0.051 0.20640569395017794
1 0.0975 0.4973309608540925 0.053 0.11565836298932385
1 0.1575 0.5569395017793595 0.061 0.1494661921708185
1 0.337 0.5862989323843416 0.062 0.14412811387900357
0 0.251 0.5836298932384342 0.086 0.12811387900355872
0 0.5915 0.6592526690391459 0.095 0.16903914590747332
1 0.4925 0.6316725978647687 0.071 0.12811387900355872
1 0.417 0.5293594306049823 0.058 0.11565836298932385
1 0.3625 0.42704626334519574 0.033 0.0711743772241993
1 0.48 0.4884341637010676 0.05 0.10498220640569395
1 0.5195 0.45907473309608543 0.039 0.10676156583629894
1 0.558 0.4306049822064057 0.032 0.09608540925266904
1 0.592 0.42437722419928825 0.028 0.08718861209964412
1 0.8195 0.7001779359430605 0.095 0.13345195729537365
4 0.958 0.7330960854092526 0.082 0.23487544483985764
1 0.8455 0.5916370106761566 0.077 0.08362989323843416
1 0.571 0.5338078291814946 0.044 0.0711743772241993
0 0.6595 0.5889679715302492 0.047 0.11387900355871886
0 0.695 0.5311387900355872 0.044 0.09786476868327403
1 0.6075 0.5151245551601423 0.033 0.09786476868327403
1 0.413 0.40658362989323843 0.044 0.06583629893238434
1 0.6445 0.47597864768683273 0.037 0.10854092526690391
0 0.9395 0.49377224199288255 0.051 0.0693950177935943
1 0.74 0.4626334519572954 0.022 0.09252669039145907
0 0.713 0.4199288256227758 0.038 0.07473309608540925
1 0.4775 0.3887900355871886 0.025 0.04804270462633452
1 0.7695 0.4279359430604982 0.033 0.07295373665480427
1 0.8595 0.46619217081850534 0.051 0.060498220640569395
