2 0.9149085794655415 0.7208333333333333 0.16455696202531644 0.4116666666666667
0 0.42264416315049225 0.8208333333333333 0.09423347398030943 0.21833333333333332
0 0.23980309423347398 0.8033333333333333 0.10548523206751055 0.2733333333333333
1 0.4092827004219409 0.6358333333333334 0.09845288326300984 0.125
0 0.3080168776371308 0.6708333333333333 0.06751054852320675 0.21166666666666667
0 0.7440225035161744 0.5958333333333333 0.08157524613220815 0.155
0 0.8270042194092827 0.495 0.07032348804500703 0.14333333333333334
0 0.1729957805907173 0.4925 0.06751054852320675 0.135
4 0.04781997187060478 0.6533333333333333 0.08157524613220815 0.18666666666666668
0 0.48241912798874825 0.45 0.06188466947960619 0.13
1 0.6863572433192686 0.42333333333333334 0.05063291139240506 0.08666666666666667
1 0.37130801687763715 0.4116666666666667 0.06188466947960619 0.11
0 0.10829817158931083 0.4058333333333333 0.053445850914205346 0.095
