2 0.6413502109704642 0.3466666666666667 0.07032348804500703 0.42
1 0.4381153305203938 0.815 0.0970464135021097 0.21333333333333335
1 0.2538677918424754 0.8025 0.0970464135021097 0.22166666666666668
1 0.3080168776371308 0.6625 0.08720112517580872 0.17833333333333334
1 0.44022503516174405 0.6441666666666667 0.11533052039381153 0.12166666666666667
1 0.3206751054852321 0.5208333333333334 0.09845288326300984 0.095
1 0.7587904360056259 0.5825 0.07172995780590717 0.14833333333333334
1 0.7960618846694796 0.6766666666666666 0.06469760900140648 0.16666666666666666
1 0.8516174402250352 0.7591666666666667 0.0829817158931083 0.155
1 0.89943741209564 0.5816666666666667 0.08016877637130802 0.15333333333333332
1 0.8361462728551337 0.5 0.08860759493670886 0.15333333333333332
2 0.7925457102672293 0.4125 0.04922644163150492 0.16166666666666665
1 0.11533052039381153 0.5316666666666666 0.06751054852320675 0.19
1 0.040787623066104076 0.64 0.06188466947960619 0.20666666666666667
4 0.21659634317862167 0.42916666666666664 0.06188466947960619 0.12833333333333333
1 0.9423347398030942 0.6825 0.06751054852320675 0.145
