2 0.6735 0.5845195729537367 0.079 0.5106761565836299
1 0.861 0.8620996441281139 0.136 0.26868327402135234
1 0.358 0.8941281138790036 0.142 0.21530249110320285
1 0.166 0.8540925266903915 0.132 0.24199288256227758
1 0.0545 0.6325622775800712 0.099 0.22597864768683273
1 0.1235 0.5373665480427047 0.063 0.16725978647686832
1 0.1795 0.4626334519572954 0.071 0.1708185053380783
1 0.0565 0.4412811387900356 0.059 0.13523131672597866
1 0.323 0.6476868327402135 0.08 0.2526690391459075
1 0.251 0.7740213523131673 0.068 0.29537366548042704
1 0.2315 0.40391459074733094 0.049 0.15658362989323843
1 0.438 0.5969750889679716 0.078 0.14056939501779359
1 0.9435 0.6628113879003559 0.075 0.17259786476868327
1 0.8475 0.498220640569395 0.065 0.1708185053380783
1 0.3875 0.4012455516014235 0.065 0.13701067615658363
1 0.7625 0.5498220640569395 0.083 0.15658362989323843
