1 0.782 0.8879003558718861 0.142 0.21708185053380782
1 0.8075 0.6903914590747331 0.099 0.17437722419928825
0 0.872 0.6067615658362989 0.068 0.15302491103202848
0 0.8925 0.445729537366548 0.057 0.09074733096085409
1 0.308 0.7571174377224199 0.1 0.26512455516014233
0 0.17 0.6512455516014235 0.084 0.18505338078291814
2 0.3815 0.7126334519572953 0.071 0.45373665480427045
1 0.254 0.5551601423487544 0.066 0.12811387900355872
1 0.459 0.5898576512455516 0.066 0.23665480427046262
1 0.5255 0.5533807829181495 0.063 0.21352313167259787
1 0.3295 0.4991103202846975 0.053 0.1512455516014235
1 0.5555 0.41192170818505336 0.037 0.10142348754448399
1 0.6265 0.40213523131672596 0.037 0.16725978647686832
0 0.484 0.3763345195729537 0.042 0.10142348754448399
1 0.4375 0.40569395017793597 0.047 0.09252669039145907
1 0.3845 0.4377224199288256 0.047 0.099644128113879
4 0.553 0.3122775800711744 0.04 0.06583629893238434
1 0.522 0.3318505338078292 0.03 0.09786476868327403
4 0.2195 0.4030249110320285 0.045 0.14768683274021352
4 0.158 0.4679715302491103 0.06 0.15302491103202848
0 0.0865 0.5169039145907474 0.063 0.17259786476868327
0 0.0275 0.5631672597864769 0.053 0.1797153024911032
1 0.0245 0.4190391459074733 0.039 0.09430604982206406
1 0.0865 0.38434163701067614 0.053 0.08540925266903915
1 0.149 0.3407473309608541 0.046 0.0800711743772242
0 0.277 0.3887900355871886 0.042 0.13701067615658363
