1 0.7765 0.8701067615658363 0.115 0.24555160142348753
1 0.807 0.6779359430604982 0.084 0.1494661921708185
0 0.872 0.6218861209964412 0.064 0.2117437722419929
1 0.3045 0.75 0.095 0.22953736654804271
0 0.1745 0.6476868327402135 0.091 0.16725978647686832
4 0.2665 0.5604982206405694 0.087 0.12811387900355872
2 0.385 0.6966192170818505 0.066 0.4359430604982206
1 0.454 0.5800711743772242 0.058 0.21708185053380782
1 0.511 0.5409252669039146 0.058 0.19217081850533807
1 0.558 0.4697508896797153 0.052 0.23487544483985764
1 0.33 0.48576512455516013 0.046 0.1494661921708185
1 0.4415 0.4092526690391459 0.051 0.11387900355871886
1 0.383 0.4297153024911032 0.046 0.08718861209964412
0 0.485 0.37544483985765126 0.042 0.10676156583629894
1 0.621 0.3790035587188612 0.036 0.12099644128113879
1 0.5245 0.34341637010676157 0.029 0.10676156583629894
1 0.5535 0.30071174377224197 0.037 0.07829181494661921
0 0.087 0.5160142348754448 0.054 0.18149466192170818
0 0.028 0.5498220640569395 0.048 0.1708185053380783
2 0.2025 0.42437722419928825 0.055 0.29359430604982206
1 0.143 0.36298932384341637 0.038 0.11743772241992882
1 0.0825 0.3807829181494662 0.053 0.09252669039145907
1 0.027 0.4190391459074733 0.046 0.08718861209964412
1 0.8905 0.44395017793594305 0.051 0.07651245551601424
1 0.265 0.30516014234875444 0.03 0.06583629893238434
0 0.3075 0.35498220640569395 0.039 0.10854092526690391
