2 0.6095 0.35320284697508897 0.067 0.4501779359430605
4 0.3005 0.8425266903914591 0.113 0.2900355871886121
4 0.589 0.8514234875444839 0.136 0.29359430604982206
0 0.5315 0.6272241992882562 0.095 0.1583629893238434
4 0.357 0.5774021352313167 0.062 0.22597864768683273
4 0.9735 0.6734875444839857 0.053 0.3220640569395018
4 0.8975 0.5569395017793595 0.057 0.19572953736654805
4 0.84 0.48131672597864766 0.046 0.2188612099644128
4 0.7965 0.44928825622775803 0.061 0.1797153024911032
1 0.935 0.3709964412811388 0.042 0.11565836298932385
1 0.968 0.42704626334519574 0.038 0.12099644128113879
4 0.3465 0.3887900355871886 0.067 0.1512455516014235
