2 0.626 0.40391459074733094 0.06 0.23487544483985764
0 0.214 0.5569395017793595 0.074 0.22419928825622776
0 0.1255 0.5071174377224199 0.083 0.18505338078291814
0 0.112 0.6983985765124555 0.096 0.20106761565836298
1 0.194 0.8078291814946619 0.072 0.18505338078291814
1 0.317 0.8514234875444839 0.092 0.23665480427046262
0 0.4815 0.8790035587188612 0.129 0.22419928825622776
0 0.642 0.8896797153024911 0.11 0.18861209964412812
0 0.8365 0.8870106761565836 0.101 0.20106761565836298
3 0.9425 0.8825622775800712 0.103 0.21708185053380782
0 0.9705 0.5854092526690391 0.055 0.15658362989323843
1 0.8385 0.6227758007117438 0.065 0.15302491103202848
1 0.769 0.7402135231316725 0.066 0.13167259786476868
0 0.6205 0.7072953736654805 0.087 0.1512455516014235
0 0.5065 0.693950177935943 0.117 0.12811387900355872
0 0.3185 0.5818505338078291 0.059 0.1494661921708185
0 0.399 0.5854092526690391 0.066 0.16725978647686832
0 0.5115 0.5791814946619217 0.063 0.09786476868327403
0 0.7215 0.6058718861209964 0.061 0.12633451957295375
1 0.56 0.548932384341637 0.034 0.14412811387900357
1 0.598 0.5551601423487544 0.04 0.12455516014234876
1 0.45 0.5480427046263345 0.05 0.13167259786476868
