2 0.159 0.29537366548042704 0.12 0.3807829181494662
2 0.9275 0.5088967971530249 0.089 0.4234875444839858
2 0.711 0.46619217081850534 0.05 0.2597864768683274
1 0.7515 0.6290035587188612 0.093 0.3291814946619217
1 0.8295 0.5604982206405694 0.073 0.21708185053380782
1 0.634 0.5934163701067615 0.082 0.3398576512455516
1 0.375 0.8274021352313167 0.136 0.35587188612099646
2 0.3705 0.43238434163701067 0.125 0.4128113879003559
1 0.251 0.7749110320284698 0.088 0.42526690391459077
1 0.152 0.5818505338078291 0.082 0.21708185053380782
