2 0.3 0.3816725978647687 0.056 0.2117437722419929
1 0.358 0.43416370106761565 0.074 0.2277580071174377
4 0.7655 0.4884341637010676 0.037 0.07295373665480427
1 0.635 0.49555160142348753 0.036 0.09786476868327403
0 0.255 0.5088967971530249 0.042 0.08185053380782918
0 0.025 0.5311387900355872 0.05 0.10142348754448399
1 0.2295 0.5782918149466192 0.061 0.12099644128113879
0 0.3565 0.5685053380782918 0.047 0.09074733096085409
1 0.6655 0.5453736654804271 0.047 0.08718861209964412
1 0.8005 0.5729537366548043 0.041 0.11387900355871886
1 0.833 0.6183274021352313 0.052 0.12633451957295375
1 0.6705 0.6245551601423488 0.053 0.11743772241992882
0 0.166 0.6512455516014235 0.054 0.11743772241992882
0 0.3425 0.6539145907473309 0.053 0.12633451957295375
0 0.27 0.7330960854092526 0.082 0.13523131672597866
1 0.096 0.6823843416370107 0.07 0.12633451957295375
1 0.228 0.8941281138790036 0.09 0.16903914590747332
1 0.714 0.7758007117437722 0.072 0.12099644128113879
1 0.8825 0.7366548042704626 0.069 0.15658362989323843
1 0.93 0.9181494661921709 0.082 0.15302491103202848
