2 0.688 0.604982206405694 0.094 0.4875444839857651
2 0.1665 0.4092526690391459 0.097 0.3167259786476868
1 0.065 0.7019572953736655 0.118 0.3469750889679715
3 0.353 0.6895017793594306 0.11 0.20818505338078291
1 0.855 0.8202846975088968 0.138 0.35231316725978645
1 0.24 0.8843416370106761 0.146 0.22419928825622776
1 0.2195 0.646797153024911 0.059 0.1903914590747331
1 0.1585 0.6806049822064056 0.069 0.20106761565836298
1 0.939 0.6877224199288257 0.08 0.20106761565836298
1 0.7925 0.608540925266904 0.061 0.12811387900355872
