2 0.615 0.4430604982206406 0.084 0.26334519572953735
1 0.147 0.5204626334519573 0.094 0.20106761565836298
1 0.1075 0.7722419928825622 0.129 0.2704626334519573
1 0.2725 0.6832740213523132 0.081 0.24555160142348753
1 0.367 0.8193950177935944 0.104 0.3505338078291815
1 0.45 0.7437722419928826 0.076 0.2775800711743772
0 0.516 0.6841637010676157 0.068 0.27580071174377224
1 0.3415 0.5925266903914591 0.053 0.09252669039145907
1 0.3965 0.5809608540925267 0.045 0.09074733096085409
1 0.2245 0.5960854092526691 0.041 0.08185053380782918
1 0.62 0.8656583629893239 0.11 0.2188612099644128
1 0.6625 0.699288256227758 0.081 0.1601423487544484
1 0.738 0.5907473309608541 0.064 0.1601423487544484
1 0.441 0.5498220640569395 0.036 0.07473309608540925
