2 0.5905 0.5613879003558719 0.057 0.12633451957295375
0 0.8815 0.8256227758007118 0.143 0.37722419928825623
1 0.977 0.6530249110320284 0.046 0.16725978647686832
0 0.284 0.8131672597864769 0.122 0.36298932384341637
0 0.1645 0.7606761565836299 0.093 0.42526690391459077
0 0.7335 0.7597864768683275 0.095 0.30604982206405695
1 0.6685 0.6912811387900356 0.055 0.25444839857651247
0 0.3765 0.7526690391459074 0.067 0.2704626334519573
0 0.1005 0.6637010676156584 0.061 0.13523131672597866
1 0.407 0.5222419928825622 0.086 0.15480427046263345
0 0.3115 0.5693950177935944 0.067 0.08896797153024912
