1 0.449 0.6859430604982206 0.062 0.12633451957295375
1 0.3215 0.646797153024911 0.057 0.1298932384341637
4 0.7785 0.7811387900355872 0.069 0.14590747330960854
4 0.9595 0.7731316725978647 0.079 0.12633451957295375
1 0.9405 0.6174377224199288 0.047 0.10676156583629894
4 0.794 0.6227758007117438 0.052 0.1103202846975089
4 0.0855 0.5774021352313167 0.053 0.10142348754448399
4 0.215 0.4893238434163701 0.052 0.11743772241992882
4 0.1345 0.46708185053380785 0.045 0.09786476868327403
4 0.07 0.4181494661921708 0.048 0.1103202846975089
4 0.0165 0.39501779359430605 0.037 0.06405693950177936
4 0.414 0.5311387900355872 0.044 0.09430604982206406
0 0.53 0.5596085409252669 0.054 0.13345195729537365
1 0.5975 0.4697508896797153 0.041 0.09252669039145907
1 0.49 0.4581850533807829 0.03 0.05871886120996441
1 0.297 0.42526690391459077 0.04 0.07829181494661921
4 0.1645 0.35231316725978645 0.031 0.05693950177935943
4 0.107 0.3585409252669039 0.03 0.07295373665480427
1 0.1835 0.3211743772241993 0.025 0.051601423487544484
1 0.242 0.3318505338078292 0.028 0.05516014234875445
4 0.317 0.3638790035587189 0.04 0.05516014234875445
1 0.3735 0.398576512455516 0.037 0.0711743772241993
1 0.4495 0.3638790035587189 0.027 0.06227758007117438
1 0.5545 0.40213523131672596 0.037 0.0711743772241993
2 0.594 0.34430604982206403 0.06 0.1903914590747331
2 0.6805 0.49466192170818507 0.077 0.35231316725978645
0 0.6425 0.39234875444839856 0.029 0.07295373665480427
4 0.8185 0.5240213523131673 0.057 0.08718861209964412
0 0.9435 0.5080071174377224 0.037 0.0800711743772242
4 0.8175 0.4377224199288256 0.049 0.07829181494661921
4 0.9315 0.4403914590747331 0.035 0.06583629893238434
1 0.9315 0.3763345195729537 0.027 0.05516014234875445
1 0.4925 0.3185053380782918 0.021 0.03914590747330961
1 0.299 0.30604982206405695 0.024 0.03914590747330961
1 0.346 0.297153024911032 0.022 0.0498220640569395
1 0.7485 0.29804270462633453 0.023 0.04092526690391459
0 0.5505 0.28825622775800713 0.025 0.06405693950177936
1 0.4425 0.31316725978647686 0.021 0.0498220640569395
1 0.8265 0.28380782918149466 0.027 0.05871886120996441
0 0.3865 0.28113879003558717 0.025 0.046263345195729534
