0 0.6385 0.3994661921708185 0.057 0.15480427046263345
0 0.564 0.4804270462633452 0.072 0.20640569395017794
0 0.3675 0.5516014234875445 0.085 0.24199288256227758
0 0.237 0.6174377224199288 0.092 0.2206405693950178
0 0.291 0.4128113879003559 0.06 0.12811387900355872
0 0.5005 0.447508896797153 0.053 0.18683274021352314
0 0.262 0.3238434163701068 0.05 0.07473309608540925
0 0.2115 0.349644128113879 0.041 0.10142348754448399
0 0.1855 0.4786476868327402 0.085 0.08540925266903915
0 0.401 0.3220640569395018 0.034 0.11387900355871886
0 0.366 0.29537366548042704 0.036 0.13167259786476868
0 0.7195 0.349644128113879 0.053 0.16903914590747332
0 0.803 0.4030249110320285 0.056 0.20818505338078291
0 0.866 0.34341637010676157 0.072 0.13167259786476868
0 0.677 0.28558718861209964 0.042 0.10142348754448399
0 0.57 0.2802491103202847 0.044 0.15480427046263345
0 0.6155 0.24199288256227758 0.047 0.1103202846975089
0 0.4805 0.2277580071174377 0.033 0.099644128113879
0 0.5165 0.22508896797153025 0.031 0.08362989323843416
0 0.5465 0.18416370106761565 0.017 0.037366548042704624
