2 0.937 0.6040925266903915 0.076 0.26868327402135234
2 0.856 0.7491103202846975 0.068 0.29537366548042704
0 0.759 0.8852313167259787 0.084 0.20106761565836298
0 0.687 0.8282918149466192 0.068 0.19750889679715303
1 0.7665 0.7161921708185054 0.079 0.12633451957295375
4 0.644 0.697508896797153 0.084 0.12099644128113879
0 0.1995 0.7366548042704626 0.067 0.19217081850533807
1 0.0755 0.7339857651245552 0.089 0.14412811387900357
1 0.1005 0.902135231316726 0.095 0.18149466192170818
0 0.285 0.8069395017793595 0.07 0.14412811387900357
1 0.909 0.8994661921708185 0.074 0.17615658362989323
0 0.237 0.8870106761565836 0.078 0.1298932384341637
