2 0.505 0.6725978647686833 0.096 0.4128113879003559
2 0.3505 0.5551601423487544 0.073 0.42704626334519574
0 0.275 0.5160142348754448 0.062 0.1494661921708185
0 0.217 0.5142348754448398 0.044 0.15302491103202848
0 0.1705 0.5106761565836299 0.041 0.1387900355871886
1 0.116 0.5765124555160143 0.052 0.199288256227758
1 0.764 0.4804270462633452 0.056 0.1494661921708185
4 0.843 0.49466192170818507 0.066 0.13167259786476868
1 0.6825 0.47597864768683273 0.071 0.1797153024911032
1 0.5955 0.4777580071174377 0.081 0.1512455516014235
1 0.5645 0.3398576512455516 0.075 0.10320284697508897
1 0.6445 0.33274021352313166 0.053 0.10676156583629894
1 0.7085 0.33540925266903915 0.055 0.11209964412811388
1 0.771 0.34519572953736655 0.046 0.10320284697508897
1 0.832 0.37544483985765126 0.056 0.099644128113879
0 0.251 0.37455516014234874 0.052 0.11921708185053381
0 0.2045 0.3790035587188612 0.047 0.099644128113879
0 0.1575 0.40391459074733094 0.039 0.08540925266903915
0 0.3065 0.2677935943060498 0.047 0.08718861209964412
0 0.2505 0.2615658362989324 0.033 0.08896797153024912
1 0.3615 0.2597864768683274 0.041 0.09608540925266904
1 0.4075 0.2597864768683274 0.041 0.099644128113879
0 0.522 0.24377224199288255 0.048 0.08185053380782918
0 0.572 0.24288256227758007 0.038 0.0800711743772242
0 0.6225 0.2411032028469751 0.037 0.0800711743772242
0 0.668 0.24822064056939502 0.04 0.07295373665480427
0 0.7165 0.24377224199288255 0.037 0.06405693950177936
1 0.7625 0.26868327402135234 0.043 0.0711743772241993
1 0.444 0.2001779359430605 0.032 0.09074733096085409
1 0.481 0.1903914590747331 0.034 0.08896797153024912
1 0.5275 0.16637010676156583 0.029 0.07295373665480427
1 0.563 0.16548042704626334 0.034 0.06761565836298933
0 0.5985 0.1806049822064057 0.023 0.04092526690391459
0 0.6305 0.18238434163701067 0.031 0.051601423487544484
0 0.6665 0.1903914590747331 0.031 0.046263345195729534
