0 0.5095 0.7019572953736655 0.119 0.12277580071174377
0 0.6405 0.6841637010676157 0.125 0.1298932384341637
0 0.917 0.6530249110320284 0.094 0.19572953736654805
1 0.8915 0.49377224199288255 0.081 0.11565836298932385
0 0.75 0.4279359430604982 0.074 0.09430604982206406
0 0.8115 0.5142348754448398 0.059 0.11743772241992882
0 0.523 0.5293594306049823 0.078 0.11209964412811388
0 0.6205 0.5338078291814946 0.079 0.09252669039145907
0 0.562 0.4261565836298932 0.058 0.09074733096085409
0 0.483 0.42526690391459077 0.062 0.08540925266903915
4 0.5545 0.3540925266903915 0.047 0.060498220640569395
1 0.3945 0.3469750889679715 0.041 0.099644128113879
1 0.321 0.3585409252669039 0.044 0.10142348754448399
2 0.1845 0.398576512455516 0.089 0.33451957295373663
0 0.194 0.6681494661921709 0.104 0.1619217081850534
0 0.3185 0.7090747330960854 0.123 0.11565836298932385
0 0.254 0.5338078291814946 0.062 0.10320284697508897
0 0.355 0.5284697508896797 0.084 0.13523131672597866
0 0.282 0.40569395017793597 0.046 0.11743772241992882
0 0.3555 0.4128113879003559 0.035 0.09252669039145907
0 0.476 0.35231316725978645 0.062 0.060498220640569395
