2 0.0935 0.608540925266904 0.119 0.7758007117437722
0 0.7205 0.8309608540925267 0.113 0.3487544483985765
1 0.571 0.7197508896797153 0.11 0.39679715302491103
1 0.396 0.6770462633451957 0.07 0.2900355871886121
1 0.3035 0.5427046263345195 0.067 0.23843416370106763
0 0.4035 0.44928825622775803 0.075 0.14412811387900357
1 0.468 0.5631672597864769 0.042 0.2188612099644128
1 0.5115 0.5427046263345195 0.037 0.12455516014234876
1 0.7435 0.5338078291814946 0.057 0.1494661921708185
1 0.8115 0.5951957295373665 0.053 0.18327402135231316
1 0.9035 0.5765124555160143 0.067 0.22419928825622776
1 0.6555 0.5738434163701067 0.057 0.12277580071174377
1 0.965 0.6227758007117438 0.052 0.19217081850533807
1 0.251 0.5186832740213523 0.032 0.10854092526690391
