2 0.4665 0.4386120996441281 0.095 0.4786476868327402
2 0.5615 0.4893238434163701 0.117 0.298932384341637
4 0.1715 0.7455516014234875 0.163 0.3701067615658363
0 0.3615 0.853202846975089 0.113 0.31494661921708184
1 0.5785 0.7695729537366548 0.105 0.2722419928825623
1 0.6725 0.6272241992882562 0.069 0.26512455516014233
1 0.7685 0.7891459074733096 0.083 0.38256227758007116
1 0.85 0.6708185053380783 0.068 0.2526690391459075
1 0.957 0.5355871886120996 0.046 0.13167259786476868
1 0.347 0.6209964412811388 0.112 0.16370106761565836
