1 0.45125 0.5425 0.065 0.095
1 0.31 0.5066666666666667 0.045 0.08
1 0.194375 0.4675 0.05125 0.06833333333333333
1 0.105625 0.46166666666666667 0.05625 0.06666666666666667
2 0.045 0.4058333333333333 0.08 0.24166666666666667
1 0.9025 0.6141666666666666 0.0725 0.11166666666666666
1 0.72375 0.5933333333333334 0.0825 0.11666666666666667
1 0.796875 0.4925 0.04375 0.08833333333333333
1 0.944375 0.52 0.05375 0.07666666666666666
1 0.535 0.4483333333333333 0.05 0.06666666666666667
1 0.419375 0.43833333333333335 0.04375 0.07
3 0.31375 0.4066666666666667 0.085 0.09
2 0.231875 0.4033333333333333 0.07125 0.06666666666666667
1 0.164375 0.32166666666666666 0.04875 0.07
1 0.214375 0.32916666666666666 0.04125 0.06833333333333333
1 0.24625 0.3175 0.035 0.045
1 0.31125 0.33166666666666667 0.035 0.056666666666666664
1 0.345625 0.35 0.03375 0.06333333333333334
1 0.4275 0.3591666666666667 0.0425 0.065
1 0.516875 0.37833333333333335 0.03375 0.06
1 0.615625 0.4033333333333333 0.04875 0.06666666666666667
1 0.8575 0.43333333333333335 0.0425 0.07333333333333333
3 0.870625 0.37166666666666665 0.07375 0.07333333333333333
4 0.96625 0.4425 0.055 0.075
1 0.914375 0.33166666666666667 0.03875 0.05333333333333334
1 0.6825 0.3466666666666667 0.0325 0.06333333333333334
3 0.638125 0.3258333333333333 0.04125 0.065
1 0.570625 0.3225 0.03375 0.04833333333333333
1 0.510625 0.32916666666666666 0.03625 0.045
1 0.78375 0.2791666666666667 0.03 0.058333333333333334
1 0.741875 0.29333333333333333 0.02125 0.04
1 0.716875 0.3333333333333333 0.04125 0.05
1 0.72 0.2708333333333333 0.03 0.03833333333333333
1 0.66625 0.28583333333333333 0.0275 0.035
1 0.615 0.27666666666666667 0.025 0.04666666666666667
1 0.54875 0.27 0.0325 0.03333333333333333
1 0.425625 0.2791666666666667 0.03375 0.058333333333333334
1 0.369375 0.29333333333333333 0.02875 0.03
