2 0.170625 0.3308333333333333 0.07375 0.17833333333333334
2 0.339375 0.31666666666666665 0.06125 0.12666666666666668
1 0.906875 0.6091666666666666 0.06375 0.11833333333333333
1 0.738125 0.5891666666666666 0.07375 0.105
1 0.53625 0.4425 0.045 0.06833333333333333
4 0.43875 0.5608333333333333 0.095 0.13166666666666665
1 0.311875 0.5091666666666667 0.06375 0.095
1 0.20375 0.4691666666666667 0.0525 0.07833333333333334
1 0.094375 0.4475 0.05125 0.07166666666666667
1 0.420625 0.4325 0.05125 0.07166666666666667
1 0.325 0.4025 0.0375 0.055
1 0.24375 0.41083333333333333 0.05 0.075
1 0.795625 0.4975 0.05125 0.09166666666666666
1 0.94375 0.5216666666666666 0.05 0.07666666666666666
1 0.855625 0.43583333333333335 0.05625 0.065
1 0.96875 0.44583333333333336 0.0375 0.085
1 0.87875 0.3775 0.0375 0.06166666666666667
0 0.6125 0.4033333333333333 0.0425 0.056666666666666664
1 0.514375 0.36833333333333335 0.02375 0.03666666666666667
1 0.426875 0.35333333333333333 0.03375 0.043333333333333335
1 0.244375 0.31833333333333336 0.02625 0.04
1 0.585 0.34 0.0275 0.05
1 0.6825 0.3591666666666667 0.0475 0.075
1 0.626875 0.325 0.02625 0.05
1 0.711875 0.33416666666666667 0.03625 0.04833333333333333
1 0.91375 0.3416666666666667 0.025 0.06
1 0.749375 0.2975 0.03375 0.04833333333333333
1 0.665625 0.28833333333333333 0.03125 0.03666666666666667
1 0.610625 0.2816666666666667 0.02375 0.043333333333333335
1 0.548125 0.27 0.01875 0.04666666666666667
1 0.42375 0.2758333333333333 0.0325 0.03833333333333333
1 0.778125 0.2708333333333333 0.02625 0.041666666666666664
