2 0.8575 0.5898576512455516 0.157 0.8238434163701067
2 0.525 0.44661921708185054 0.14 0.39501779359430605
1 0.387 0.7766903914590747 0.14 0.42526690391459077
0 0.2805 0.5640569395017794 0.087 0.30604982206405695
0 0.389 0.3709964412811388 0.084 0.2117437722419929
0 0.1955 0.4377224199288256 0.089 0.2704626334519573
0 0.1095 0.3469750889679715 0.079 0.16725978647686832
1 0.261 0.298932384341637 0.058 0.1601423487544484
1 0.1615 0.18238434163701067 0.063 0.16548042704626334
1 0.0455 0.18772241992882563 0.069 0.14768683274021352
1 0.1045 0.060498220640569395 0.049 0.09608540925266904
1 0.6305 0.33807829181494664 0.061 0.22419928825622776
1 0.7145 0.31583629893238435 0.073 0.12633451957295375
1 0.408 0.19661921708185054 0.062 0.10854092526690391
1 0.34 0.17615658362989323 0.04 0.14590747330960854
1 0.2925 0.15480427046263345 0.043 0.13523131672597866
1 0.248 0.11832740213523131 0.048 0.13345195729537365
1 0.58 0.13612099644128114 0.036 0.10142348754448399
1 0.726 0.148576512455516 0.042 0.1298932384341637
1 0.666 0.1610320284697509 0.038 0.12633451957295375
1 0.6285 0.12277580071174377 0.035 0.09252669039145907
1 0.382 0.10053380782918149 0.036 0.08718861209964412
1 0.9755 0.24377224199288255 0.041 0.13523131672597866
1 0.521 0.18238434163701067 0.044 0.10142348754448399
