2 0.5618729096989966 0.5475 0.07357859531772576 0.20166666666666666
3 0.07469342251950947 0.6433333333333333 0.11817168338907469 0.21333333333333335
3 0.9080267558528428 0.6133333333333333 0.07692307692307693 0.16
3 0.20178372352285395 0.6108333333333333 0.08472686733556299 0.125
4 0.6254180602006689 0.7925 0.08918617614269789 0.25166666666666665
1 0.46878483835005574 0.7816666666666666 0.07692307692307693 0.31333333333333335
1 0.3612040133779264 0.7016666666666667 0.06911928651059086 0.16666666666666666
1 0.8288740245261984 0.7308333333333333 0.06131549609810479 0.20833333333333334
1 0.7413600891861761 0.69 0.06465997770345597 0.14333333333333334
0 0.1778149386845039 0.795 0.07915273132664437 0.29
1 0.9269788182831661 0.8008333333333333 0.09698996655518395 0.21166666666666667
