0 0.7531565656565656 0.7441666666666666 0.20075757575757575 0.35833333333333334
4 0.35858585858585856 0.7483333333333333 0.20454545454545456 0.37333333333333335
0 0.9368686868686869 0.6816666666666666 0.10858585858585859 0.33
3 0.19318181818181818 0.5866666666666667 0.11868686868686869 0.5166666666666667
1 0.32765151515151514 0.4375 0.10732323232323232 0.20833333333333334
1 0.06186868686868687 0.5816666666666667 0.11868686868686869 0.28
1 0.6060606060606061 0.42083333333333334 0.0707070707070707 0.14833333333333334
3 0.9065656565656566 0.4241666666666667 0.09595959595959595 0.155
1 0.7847222222222222 0.4533333333333333 0.11237373737373738 0.18333333333333332
1 0.7058080808080808 0.4041666666666667 0.05555555555555555 0.115
1 0.6603535353535354 0.37416666666666665 0.03787878787878788 0.105
1 0.08901515151515152 0.38166666666666665 0.059343434343434344 0.10666666666666667
1 0.4431818181818182 0.525 0.09595959595959595 0.15333333333333332
1 0.672979797979798 0.5033333333333333 0.06565656565656566 0.11333333333333333
