2 0.8 0.475 0.0625 0.34
2 0.5525 0.6141666666666666 0.1325 0.30833333333333335
1 0.665 0.45666666666666667 0.0375 0.056666666666666664
1 0.059375 0.47833333333333333 0.05625 0.08333333333333333
1 0.28375 0.4891666666666667 0.0525 0.07166666666666667
1 0.015 0.5216666666666666 0.045 0.07
1 0.205625 0.5666666666666667 0.05875 0.07666666666666666
1 0.1825 0.6416666666666667 0.0575 0.09666666666666666
1 0.1325 0.7208333333333333 0.07 0.09166666666666666
1 0.049375 0.8033333333333333 0.08375 0.09666666666666666
1 0.37 0.5666666666666667 0.0775 0.09666666666666666
1 0.37875 0.7233333333333334 0.085 0.12333333333333334
1 0.279375 0.8208333333333333 0.09625 0.09833333333333333
1 0.761875 0.6866666666666666 0.07375 0.11
1 0.700625 0.6416666666666667 0.06125 0.09333333333333334
1 0.9325 0.51 0.0475 0.07666666666666666
1 0.5525 0.8158333333333333 0.0975 0.11833333333333333
