2 0.55980271270037 0.36333333333333334 0.07398273736128237 0.30333333333333334
3 0.28298397040690504 0.43916666666666665 0.16892725030826142 0.4116666666666667
0 0.1399506781750925 0.7041666666666667 0.1319358816276202 0.43166666666666664
0 0.5 0.6758333333333333 0.16152897657213316 0.465
0 0.7527743526510481 0.7 0.12700369913686807 0.41
0 0.6442663378545006 0.5316666666666666 0.09741060419235512 0.25666666666666665
1 0.7934648581997534 0.425 0.08014796547472257 0.14666666666666667
0 0.8797780517879161 0.4533333333333333 0.08014796547472257 0.14333333333333334
1 0.04932182490752158 0.5441666666666667 0.07398273736128237 0.2683333333333333
0 0.9716399506781751 0.67 0.04932182490752158 0.36666666666666664
