2 0.725 0.7486818980667839 0.246 0.4850615114235501
0 0.349 0.859402460456942 0.246 0.27768014059753954
4 0.1015 0.8787346221441125 0.191 0.23550087873462214
1 0.191 0.5957820738137083 0.184 0.19332161687170474
0 0.4175 0.6107205623901582 0.177 0.2056239015817223
3 0.4365 0.4305799648506151 0.165 0.15114235500878734
1 0.5775 0.30667838312829526 0.113 0.17750439367311072
0 0.2875 0.43321616871704743 0.137 0.13884007029876977
1 0.909 0.28295254833040423 0.102 0.1687170474516696
0 0.417 0.30667838312829526 0.088 0.08611599297012303
