2 0.798125 0.46166666666666667 0.08375 0.35333333333333333
2 0.55 0.6008333333333333 0.1325 0.3283333333333333
1 0.205625 0.555 0.06125 0.07666666666666666
1 0.064375 0.4775 0.05125 0.075
1 0.02125 0.5216666666666666 0.045 0.07666666666666666
1 0.13375 0.7208333333333333 0.0725 0.09833333333333333
1 0.181875 0.6358333333333334 0.07125 0.09833333333333333
1 0.045625 0.8033333333333333 0.09125 0.10333333333333333
1 0.275625 0.8183333333333334 0.09125 0.11333333333333333
1 0.379375 0.7183333333333334 0.09375 0.11333333333333333
1 0.56 0.8166666666666667 0.11 0.09666666666666666
1 0.755625 0.68 0.06375 0.11333333333333333
1 0.705625 0.6391666666666667 0.06375 0.095
1 0.93 0.5033333333333333 0.0425 0.08
2 0.986875 0.5208333333333334 0.02875 0.07833333333333334
