1 0.041379310344827586 0.4444444444444444 0.08275862068965517 0.17543859649122806
1 0.9132183908045977 0.4239766081871345 0.08160919540229886 0.11403508771929824
1 0.4379310344827586 0.3845029239766082 0.04597701149425287 0.09649122807017543
1 0.9229885057471264 0.5877192982456141 0.13793103448275862 0.19883040935672514
1 0.6793103448275862 0.6308479532163743 0.14482758620689656 0.24707602339181287
1 0.5609195402298851 0.5197368421052632 0.09195402298850575 0.1067251461988304
1 0.17183908045977012 0.4247076023391813 0.067816091954023 0.097953216374269
3 0.5258620689655172 0.7083333333333334 0.16436781609195403 0.3055555555555556
3 0.6770114942528735 0.4612573099415205 0.12873563218390804 0.1301169590643275
3 0.4051724137931034 0.4298245614035088 0.07931034482758621 0.08771929824561403
2 0.3080459770114943 0.43932748538011696 0.10344827586206896 0.3026315789473684
2 0.6063218390804598 0.32383040935672514 0.20114942528735633 0.2909356725146199
0 0.3022988505747126 0.8260233918128655 0.271264367816092 0.34502923976608185
0 0.12126436781609196 0.5190058479532164 0.09080459770114943 0.1608187134502924
0 0.06149425287356322 0.6169590643274854 0.12298850574712644 0.1695906432748538
0 0.38045977011494253 0.5672514619883041 0.10344827586206896 0.1695906432748538