1 0.3492547425474255 0.410828025477707 0.07384823848238482 0.17834394904458598
1 0.037940379403794036 0.40658174097664546 0.06368563685636856 0.1613588110403397
1 0.18224932249322492 0.34023354564755837 0.05555555555555555 0.15392781316348195
1 0.4258130081300813 0.3497876857749469 0.06436314363143632 0.14331210191082802
1 0.4037940379403794 0.262208067940552 0.037940379403794036 0.08280254777070063
1 0.5165989159891599 0.29723991507430997 0.0521680216802168 0.12738853503184713
1 0.7642276422764228 0.3365180467091295 0.056910569105691054 0.14437367303609341
1 0.8113143631436315 0.2956475583864119 0.05623306233062331 0.11571125265392782
1 0.6355013550135501 0.3105095541401274 0.06368563685636856 0.1454352441613588
1 0.8648373983739838 0.7707006369426752 0.18902439024390244 0.3842887473460722
0 0.19613821138211382 0.6868365180467091 0.17547425474254744 0.31422505307855625
0 0.5 0.64171974522293 0.17479674796747968 0.39596602972399153
0 0.9535907859078591 0.5467091295116773 0.09417344173441734 0.20382165605095542
0 0.5755420054200542 0.3503184713375796 0.07384823848238482 0.17834394904458598
0 0.6968157181571816 0.5191082802547771 0.11043360433604336 0.21656050955414013
0 0.11686991869918699 0.3991507430997877 0.09146341463414634 0.1910828025477707
0 0.2804878048780488 0.3657112526539278 0.07317073170731707 0.1751592356687898