0 0.3659122085048011 0.42249240121580545 0.08847736625514403 0.19858156028368795
0 0.1440329218106996 0.49138804457953394 0.102880658436214 0.21073961499493415
0 0.22119341563786007 0.3850050658561297 0.0775034293552812 0.16818642350557245
0 0.7400548696844993 0.5582573454913881 0.11796982167352538 0.25329280648429586
0 0.45301783264746226 0.6560283687943262 0.11591220850480109 0.2847011144883485
0 0.6330589849108368 0.31762917933130697 0.10150891632373114 0.12664640324214793
0 0.8727709190672154 0.3242147922998987 0.07887517146776406 0.17426545086119555
0 0.7729766803840878 0.3232016210739615 0.06858710562414266 0.1276595744680851
0 0.9756515775034293 0.37537993920972645 0.047325102880658436 0.2077001013171226
0 0.9588477366255144 0.20972644376899696 0.0644718792866941 0.0911854103343465
0 0.8659122085048011 0.20567375886524822 0.06927297668038408 0.09321175278622088
0 0.7818930041152263 0.21580547112462006 0.06995884773662552 0.09929078014184398
0 0.6862139917695473 0.21479229989868287 0.05692729766803841 0.09523809523809523
0 0.6392318244170097 0.1884498480243161 0.04938271604938271 0.06889564336372847
0 0.5617283950617284 0.1899696048632219 0.0438957475994513 0.07193515704154002
0 0.5576131687242798 0.26443768996960487 0.05761316872427984 0.10131712259371833
0 0.4492455418381344 0.2993920972644377 0.0644718792866941 0.11448834853090173
0 0.5171467764060357 0.1838905775075988 0.05075445816186557 0.09827760891590678
0 0.4122085048010974 0.21783181357649442 0.056241426611796985 0.0972644376899696
0 0.42901234567901236 0.1595744680851064 0.043209876543209874 0.07598784194528875
0 0.296639231824417 0.24214792299898683 0.059670781893004114 0.09523809523809523
0 0.29046639231824417 0.1646403242147923 0.0541838134430727 0.06990881458966565
0 0.19718792866941015 0.19807497467071936 0.03772290809327846 0.07801418439716312
0 0.16186556927297668 0.18541033434650456 0.04801097393689986 0.1094224924012158
0 0.10150891632373114 0.2127659574468085 0.056241426611796985 0.08915906788247213
0 0.09430727023319616 0.32877406281661603 0.059670781893004114 0.11651469098277609
0 0.023319615912208505 0.41843971631205673 0.04663923182441701 0.1762917933130699