0 0.620945945945946 0.6851520572450805 0.16891891891891891 0.334525939177102
0 0.9635135135135136 0.6118067978533095 0.11351351351351352 0.25760286225402507
0 0.3364864864864865 0.18604651162790697 0.08243243243243244 0.12880143112701253
0 0.6743243243243243 0.193649373881932 0.062162162162162166 0.12075134168157424
0 0.48243243243243245 0.20885509838998212 0.06486486486486487 0.12075134168157424
0 0.5787162162162162 0.08318425760286226 0.05202702702702703 0.10196779964221825
0 0.8324324324324325 0.1355098389982111 0.05810810810810811 0.12075134168157424
0 0.9300675675675676 0.24776386404293382 0.07364864864864865 0.12880143112701253
0 0.0875 0.278175313059034 0.075 0.1413237924865832
0 0.1891891891891892 0.09257602862254025 0.051351351351351354 0.11896243291592129
0 0.33513513513513515 0.0943649373881932 0.05945945945945946 0.06529516994633273
0 0.5030405405405406 0.08094812164579607 0.06013513513513514 0.061717352415026835
0 0.4891891891891892 0.13282647584973167 0.06621621621621622 0.06887298747763863
0 0.6628378378378378 0.10330948121645796 0.05810810810810811 0.10286225402504472
0 0.019594594594594596 0.3550983899821109 0.03783783783783784 0.18962432915921287
0 0.2685810810810811 0.35241502683363146 0.08716216216216216 0.13774597495527727
0 0.9567567567567568 0.13864042933810375 0.06891891891891892 0.1001788908765653
1 0.4594594594594595 0.4087656529516995 0.10945945945945947 0.2146690518783542
1 0.7429054054054054 0.24463327370304114 0.07364864864864865 0.16010733452593917
1 0.07398648648648648 0.09257602862254025 0.06148648648648649 0.10107334525939177
4 0.21081081081081082 0.4740608228980322 0.17027027027027028 0.2826475849731664