2 0.77 0.45416666666666666 0.1275 0.255
1 0.06 0.4775 0.06 0.07833333333333334
1 0.016875 0.5233333333333333 0.03625 0.07666666666666666
1 0.13125 0.7225 0.0675 0.08833333333333333
1 0.04375 0.805 0.07 0.10333333333333333
1 0.18625 0.6475 0.0675 0.10833333333333334
1 0.204375 0.5625 0.05875 0.08166666666666667
1 0.264375 0.5566666666666666 0.05375 0.07
1 0.283125 0.4875 0.05125 0.07833333333333334
1 0.368125 0.7208333333333333 0.08125 0.135
1 0.276875 0.8225 0.11125 0.11166666666666666
1 0.56 0.8125 0.1125 0.10833333333333334
1 0.818125 0.825 0.11125 0.1
1 0.763125 0.6833333333333333 0.08125 0.11
2 0.545625 0.605 0.17375 0.34
1 0.3725 0.5566666666666666 0.075 0.08333333333333333
1 0.675 0.51 0.0475 0.08333333333333333
1 0.6825 0.6 0.0575 0.09
1 0.9275 0.5066666666666667 0.0575 0.08333333333333333
1 0.9825 0.5208333333333334 0.0425 0.08166666666666667
