0 0.3832293832293832 0.48034398034398035 0.079002079002079 0.16461916461916462
0 0.5578655578655579 0.480958230958231 0.09424809424809424 0.1928746928746929
0 0.2591822591822592 0.3452088452088452 0.079002079002079 0.15233415233415235
0 0.10637560637560638 0.4004914004914005 0.06860706860706861 0.14496314496314497
0 0.13201663201663202 0.2819410319410319 0.06444906444906445 0.14864864864864866
0 0.01975051975051975 0.3740786240786241 0.035343035343035345 0.1855036855036855
0 0.3586278586278586 0.30651105651105653 0.06306306306306306 0.14619164619164618
0 0.5058905058905059 0.2868550368550369 0.06791406791406791 0.12162162162162163
0 0.45634095634095634 0.28869778869778867 0.04643104643104643 0.12776412776412777
0 0.5939015939015939 0.2585995085995086 0.06514206514206514 0.15356265356265356
0 0.7487872487872488 0.480958230958231 0.0893970893970894 0.19533169533169534
0 0.6195426195426196 0.37223587223587223 0.07623007623007623 0.1547911547911548
0 0.7515592515592515 0.33722358722358725 0.07553707553707553 0.11916461916461916