0 0.24101382488479262 0.4950980392156863 0.1391705069124424 0.21323529411764705
0 0.6834101382488479 0.47181372549019607 0.09493087557603687 0.13480392156862744
0 0.7193548387096774 0.3584558823529412 0.06359447004608294 0.10416666666666667
0 0.4875576036866359 0.3939950980392157 0.09032258064516129 0.12377450980392157
0 0.35207373271889403 0.33578431372549017 0.07004608294930875 0.09558823529411764
0 0.26912442396313363 0.29840686274509803 0.05714285714285714 0.0821078431372549
0 0.2903225806451613 0.25857843137254904 0.047926267281105994 0.0857843137254902
0 0.13456221198156681 0.31495098039215685 0.07004608294930875 0.10294117647058823
0 0.0944700460829493 0.2800245098039216 0.04331797235023042 0.09191176470588236
0 0.017972350230414748 0.30269607843137253 0.041474654377880185 0.10294117647058823
0 0.19861751152073734 0.2818627450980392 0.04331797235023042 0.09068627450980392
0 0.3317972350230415 0.2665441176470588 0.03317972350230415 0.06004901960784314
0 0.4147465437788018 0.2604166666666667 0.03317972350230415 0.05269607843137255
0 0.4705069124423963 0.2647058823529412 0.03778801843317972 0.0661764705882353
0 0.5820276497695852 0.26348039215686275 0.03778801843317972 0.07107843137254902
0 0.5216589861751152 0.27267156862745096 0.035023041474654376 0.05759803921568627
0 0.6557603686635944 0.25306372549019607 0.03225806451612903 0.05514705882352941
0 0.6488479262672812 0.31495098039215685 0.04423963133640553 0.07598039215686274
0 0.523963133640553 0.3241421568627451 0.047004608294930875 0.04779411764705882
0 0.8566820276497696 0.3400735294117647 0.04516129032258064 0.08700980392156862
0 0.911520737327189 0.3425245098039216 0.060829493087557605 0.12377450980392157
0 0.7635944700460829 0.31495098039215685 0.03963133640552995 0.08823529411764706
0 0.15115207373271888 0.45098039215686275 0.07741935483870968 0.14215686274509803