0 0.28167730173199634 0.5121753246753247 0.06563354603463993 0.1444805194805195
0 0.3701002734731085 0.5097402597402597 0.05104831358249772 0.13636363636363635
0 0.7520510483135825 0.7840909090909091 0.13126709206927986 0.2077922077922078
0 0.8372835004557885 0.49594155844155846 0.08659981768459435 0.17694805194805194
0 0.650865998176846 0.6314935064935064 0.07839562443026436 0.18831168831168832
0 0.7443026435733819 0.4602272727272727 0.053783044667274384 0.14123376623376624
0 0.6071103008204193 0.40665584415584416 0.056517775752051046 0.10876623376623376
0 0.49316317228805834 0.349025974025974 0.03646308113035551 0.1038961038961039
0 0.5788514129443938 0.3327922077922078 0.049225159525979945 0.09415584415584416
0 0.7921604375569735 0.30194805194805197 0.03828623518687329 0.07792207792207792
0 0.8427529626253418 0.2930194805194805 0.04102096627164995 0.07954545454545454
0 0.9567000911577028 0.44561688311688313 0.07566089334548769 0.14772727272727273
0 0.11303555150410209 0.362012987012987 0.06381039197812215 0.09740259740259741
0 0.2146763901549681 0.3628246753246753 0.04284412032816773 0.08279220779220779
0 0.3103919781221513 0.700487012987013 0.10847766636280766 0.18993506493506493
1 0.0829535095715588 0.4715909090909091 0.07657247037374658 0.12824675324675325
2 0.33318140382862355 0.3409090909090909 0.22151321786690975 0.22402597402597402
4 0.44940747493163175 0.8238636363636364 0.1422060164083865 0.336038961038961