0 0.145260663507109 0.5809782608695652 0.06018957345971564 0.1532608695652174
0 0.2741706161137441 0.5472826086956522 0.06398104265402843 0.14673913043478262
0 0.6104265402843602 0.5353260869565217 0.061611374407582936 0.14456521739130435
0 0.7388625592417062 0.5994565217391304 0.05781990521327014 0.15760869565217392
0 0.5933649289099526 0.3717391304347826 0.055924170616113746 0.12391304347826088
0 0.7106635071090047 0.391304347826087 0.05260663507109005 0.13478260869565217
0 0.24052132701421802 0.37717391304347825 0.04691943127962085 0.14347826086956522
0 0.3587677725118483 0.3717391304347826 0.05023696682464455 0.13260869565217392
0 0.38981042654028436 0.2717391304347826 0.04407582938388625 0.12173913043478261
0 0.41800947867298577 0.17554347826086958 0.035071090047393366 0.07934782608695652
0 0.5857819905213271 0.2548913043478261 0.04454976303317536 0.10978260869565218
0 0.6436018957345971 0.18804347826086956 0.035071090047393366 0.09565217391304348
0 0.5917061611374408 0.1826086956521739 0.04881516587677725 0.09347826086956522
0 0.8609004739336493 0.19728260869565217 0.04597156398104266 0.10543478260869565
0 0.9322274881516588 0.20054347826086957 0.04454976303317536 0.11195652173913044
0 0.9225118483412322 0.29891304347826086 0.047867298578199054 0.09130434782608696
0 0.9620853080568721 0.39891304347826084 0.046445497630331754 0.13695652173913042
0 0.13175355450236967 0.26521739130434785 0.046445497630331754 0.13043478260869565
0 0.07322274881516588 0.2532608695652174 0.04597156398104266 0.13695652173913042
0 0.04691943127962085 0.4092391304347826 0.05687203791469194 0.13152173913043477
0 0.3127962085308057 0.26902173913043476 0.03981042654028436 0.10760869565217392
0 0.3412322274881517 0.20869565217391303 0.035071090047393366 0.13695652173913042
0 0.4156398104265403 0.1815217391304348 0.03222748815165877 0.11521739130434783