2 0.7402154398563734 0.38903924221921515 0.09299820466786356 0.6968876860622463
1 0.3845601436265709 0.37821380243572394 0.05314183123877918 0.14479025710419485
1 0.3732495511669659 0.5172530446549392 0.08868940754039498 0.18876860622462788
1 0.5202872531418312 0.6874154262516915 0.15152603231597844 0.33152909336941816
1 0.4978456014362657 0.4692151556156969 0.11382405745062836 0.20771312584573748
1 0.670197486535009 0.44688768606224627 0.081508078994614 0.22124492557510148
1 0.7850987432675045 0.6271989174560216 0.09658886894075404 0.2963464140730717
1 0.8947935368043088 0.38667117726657646 0.07396768402154398 0.2090663058186739
1 0.9671454219030521 0.4688768606224628 0.06499102333931778 0.19079837618403248
1 0.1813285457809695 0.5395805142083897 0.08402154398563734 0.2361299052774019
1 0.3163375224416517 0.8399864682002707 0.15870736086175943 0.33355886332882273
1 0.04380610412926391 0.35351826792963464 0.0703770197486535 0.16305818673883626
3 0.10879712746858168 0.6427604871447903 0.12423698384201078 0.6427604871447903