3 0.7884012539184952 0.6284691136974038 0.10266457680250783 0.23992837958818264
3 0.8791144200626959 0.5026857654431512 0.08738244514106583 0.19785138764547897
3 0.2815438871473354 0.40778871978513875 0.08189655172413793 0.1656222023276634
3 0.18632445141065831 0.7811101163831692 0.16810344827586207 0.35899731423455683
1 0.2643025078369906 0.5317815577439571 0.07484326018808778 0.1647269471799463
1 0.11010971786833856 0.5120859444941809 0.06739811912225706 0.1629364368845121
1 0.3914576802507837 0.4986571172784244 0.05956112852664577 0.13249776186213072
1 0.48746081504702193 0.4740376007162041 0.05877742946708464 0.1566696508504924
1 0.5556426332288401 0.5617726051924798 0.07053291536050156 0.170993733213966
1 0.44945141065830724 0.7502238137869293 0.11285266457680251 0.25604297224709044
1 0.34835423197492166 0.4686660698299015 0.04075235109717868 0.11369740376007162
1 0.6806426332288401 0.6324977618621307 0.0768025078369906 0.21038495971351837
1 0.6422413793103449 0.4964189794091316 0.047021943573667714 0.153088630259624
4 0.7364811912225705 0.5040286481647269 0.058385579937304075 0.1629364368845121