1 0.5576112412177986 0.6091370558375635 0.05573770491803279 0.1281725888324873
1 0.6637002341920375 0.5431472081218274 0.05620608899297424 0.11040609137055837
1 0.3540983606557377 0.3772208121827411 0.03840749414519906 0.08185279187817258
1 0.5463700234192037 0.31218274111675126 0.029508196721311476 0.0850253807106599
1 0.20304449648711945 0.5406091370558376 0.053864168618266976 0.12436548223350254
1 0.05761124121779859 0.6135786802030457 0.06370023419203748 0.13324873096446702
1 0.13138173302107728 0.371510152284264 0.03887587822014051 0.08439086294416244
1 0.11686182669789227 0.3001269035532995 0.04262295081967213 0.06979695431472081
1 0.020608899297423888 0.3194796954314721 0.03185011709601874 0.07804568527918782
1 0.07915690866510539 0.8359771573604061 0.07868852459016394 0.17068527918781726
1 0.26651053864168617 0.7331852791878173 0.07400468384074942 0.17195431472081218
1 0.5320843091334895 0.4387690355329949 0.0468384074941452 0.11230964467005077
1 0.7456674473067916 0.24936548223350255 0.03185011709601874 0.08121827411167512
1 0.6634660421545667 0.22176395939086294 0.024824355971896955 0.06662436548223351
1 0.5740046838407494 0.17925126903553298 0.022950819672131147 0.056472081218274114
1 0.6304449648711944 0.154505076142132 0.02529274004683841 0.06535532994923858
1 0.41053864168618265 0.171002538071066 0.02107728337236534 0.056472081218274114
1 0.26978922716627635 0.27347715736040606 0.03185011709601874 0.06091370558375635
1 0.17049180327868851 0.45114213197969544 0.034660421545667446 0.09263959390862944
1 0.10585480093676815 0.23286802030456852 0.02622950819672131 0.06852791878172589
1 0.029742388758782202 0.4035532994923858 0.04543325526932084 0.07106598984771574
1 0.3433255269320843 0.25380710659898476 0.03185011709601874 0.0583756345177665
1 0.47587822014051523 0.20241116751269037 0.029039812646370025 0.05964467005076142
1 0.5234192037470726 0.1557741116751269 0.026697892271662763 0.07804568527918782
1 0.30234192037470725 0.2192258883248731 0.03044496487119438 0.061548223350253804
1 0.34285714285714286 0.19828680203045684 0.02529274004683841 0.04378172588832487
3 0.03887587822014051 0.49428934010152287 0.054332552693208434 0.12055837563451777
3 0.44004683840749415 0.34676395939086296 0.041686182669789226 0.08819796954314721
3 0.3892271662763466 0.2909263959390863 0.03278688524590164 0.09581218274111675
3 0.7227166276346604 0.38800761421319796 0.0468384074941452 0.0932741116751269
3 0.768384074941452 0.5206218274111675 0.08665105386416862 0.17576142131979697
3 0.8531615925058548 0.3267766497461929 0.052927400468384074 0.12309644670050761
3 0.8035128805620609 0.24651015228426396 0.04262295081967213 0.10723350253807107
3 0.7117096018735363 0.21605329949238578 0.03138173302107728 0.09961928934010152
3 0.48079625292740047 0.28616751269035534 0.040749414519906324 0.10025380710659898
3 0.2323185011709602 0.24460659898477158 0.04590163934426229 0.0932741116751269
2 0.6416861826697893 0.3835659898477157 0.07681498829039812 0.2303299492385787
4 0.9761124121779859 0.3965736040609137 0.041217798594847775 0.15101522842639595