2 0.5279618889809445 0.4528014616321559 0.1255178127589064 0.5560292326431181
3 0.4896437448218724 0.24451887941534714 0.17315658657829328 0.256394640682095
3 0.14850869925434962 0.6412911084043849 0.1735708367854184 0.2777101096224117
3 0.4248135874067937 0.4826431181485993 0.1155758077879039 0.15164433617539586
3 0.9107290803645401 0.4756394640682095 0.14705882352941177 0.1900121802679659
1 0.9780447390223695 0.5545066991473813 0.04059652029826015 0.18940316686967112
1 0.9349627174813587 0.5325822168087698 0.06296603148301574 0.14555420219244825
1 0.31752278376139187 0.669305724725944 0.13628831814415907 0.19488428745432398
1 0.40451532725766365 0.6443361753958587 0.11391880695940348 0.2143727161997564
0 0.2640845070422535 0.5213154689403167 0.043496271748135876 0.10475030450669914
0 0.20132560066280034 0.5021315468940317 0.07373653686826843 0.14068209500609014