2 0.6241150442477876 0.387444279346211 0.0827433628318584 0.3098068350668648
3 0.6037610619469026 0.2826894502228826 0.13053097345132744 0.17013372956909362
3 0.34314159292035395 0.4238484398216939 0.04292035398230089 0.08543833580980684
0 0.1404867256637168 0.6801634472511144 0.10929203539823008 0.27563150074294207
0 0.8506637168141593 0.7555720653789004 0.12699115044247788 0.17087667161961367
0 0.8772123893805309 0.5226597325408618 0.05176991150442478 0.08841010401188708
0 0.7438053097345133 0.5185735512630015 0.0415929203539823 0.06686478454680535
0 0.7289823008849557 0.4457652303120357 0.031415929203539826 0.05943536404160475
0 0.4223451327433628 0.449851411589896 0.029646017699115044 0.05423476968796434
0 0.16902654867256636 0.5059435364041605 0.03893805309734513 0.06240713224368499
0 0.5681415929203539 0.5022288261515602 0.04601769911504425 0.08469539375928678
0 0.3101769911504425 0.6051263001485884 0.05752212389380531 0.1062407132243685
1 0.9584070796460177 0.46656760772659733 0.036283185840707964 0.09212481426448738
1 0.9794247787610619 0.5315750371471025 0.034070796460176994 0.08543833580980684
1 0.8488938053097345 0.4186478454680535 0.02168141592920354 0.06463595839524518
1 0.8714601769911504 0.4550520059435364 0.047345132743362835 0.06612184249628529
1 0.8141592920353983 0.4483655274888559 0.03805309734513274 0.07206537890044576
1 0.7873893805309734 0.4799405646359584 0.033185840707964605 0.07429420505200594
1 0.37920353982300886 0.600297176820208 0.07964601769911504 0.16344725111441308
1 0.5238938053097345 0.7890044576523031 0.12300884955752213 0.2213967310549777
1 0.4902654867256637 0.5390044576523031 0.05309734513274336 0.10029717682020803
1 0.6117256637168141 0.5731797919762258 0.06415929203539823 0.13893016344725112
1 0.6882743362831858 0.5416047548291233 0.05353982300884956 0.11441307578008915
1 0.37809734513274335 0.45430906389301634 0.03672566371681416 0.07652303120356613
1 0.17035398230088494 0.44316493313521543 0.034513274336283185 0.07206537890044576
1 0.2535398230088496 0.45839524517087665 0.024778761061946902 0.06686478454680535
1 0.27654867256637167 0.48031203566121844 0.047787610619469026 0.08543833580980684
1 0.2982300884955752 0.5330609212481426 0.04247787610619469 0.0676077265973254
1 0.4650442477876106 0.49108469539375926 0.0415929203539823 0.10698365527488855
1 0.5059734513274337 0.45728083209509657 0.0420353982300885 0.07057949479940565
1 0.595575221238938 0.6092124814264487 0.04336283185840708 0.08469539375928678