0 0.408 0.5775401069518716 0.082 0.16399286987522282
0 0.486 0.4786096256684492 0.06 0.11229946524064172
1 0.5125 0.5900178253119429 0.055 0.11764705882352941
0 0.6585 0.6372549019607843 0.073 0.15508021390374332
4 0.814 0.6506238859180036 0.084 0.1568627450980392
2 0.271 0.551693404634581 0.076 0.40106951871657753
1 0.1575 0.5169340463458111 0.055 0.10695187165775401
0 0.0755 0.5231729055258467 0.073 0.1408199643493761
1 0.0625 0.4117647058823529 0.053 0.0855614973262032
1 0.117 0.4037433155080214 0.058 0.10873440285204991
0 0.188 0.4269162210338681 0.062 0.0873440285204991
1 0.1875 0.3404634581105169 0.031 0.0748663101604278
0 0.22 0.3770053475935829 0.032 0.06951871657754011
1 0.2455 0.3146167557932264 0.027 0.05169340463458111
1 0.3675 0.39215686274509803 0.039 0.08199643493761141
0 0.3065 0.33689839572192515 0.029 0.0748663101604278
2 0.56 0.3877005347593583 0.064 0.20855614973262032
1 0.6205 0.375222816399287 0.037 0.0659536541889483
1 0.648 0.4037433155080214 0.034 0.09803921568627451
4 0.744 0.5249554367201426 0.064 0.1408199643493761
1 0.8475 0.4590017825311943 0.033 0.07308377896613191
1 0.443 0.35561497326203206 0.028 0.062388591800356503
0 0.4835 0.3324420677361854 0.035 0.0766488413547237
1 0.4385 0.31105169340463457 0.029 0.05525846702317291
1 0.645 0.3270944741532977 0.028 0.05525846702317291
0 0.683 0.3859180035650624 0.03 0.0766488413547237
4 0.7455 0.31996434937611407 0.033 0.07308377896613191
1 0.795 0.33868092691622104 0.036 0.0677361853832442
0 0.7695 0.40106951871657753 0.045 0.0855614973262032
1 0.9435 0.40819964349376114 0.029 0.0748663101604278
