1 0.49466666666666664 0.4683333333333333 0.04 0.06666666666666667
1 0.4146666666666667 0.4475 0.034666666666666665 0.055
1 0.08866666666666667 0.4191666666666667 0.06533333333333333 0.09166666666666666
1 0.204 0.42916666666666664 0.058666666666666666 0.085
2 0.404 0.30833333333333335 0.08266666666666667 0.16666666666666666
2 0.2773333333333333 0.255 0.050666666666666665 0.14
1 0.8213333333333334 0.43166666666666664 0.050666666666666665 0.08666666666666667
1 0.7193333333333334 0.43416666666666665 0.06266666666666666 0.08833333333333333
1 0.5406666666666666 0.4125 0.044 0.06833333333333333
1 0.6426666666666667 0.3308333333333333 0.042666666666666665 0.045
1 0.7606666666666667 0.3466666666666667 0.04133333333333333 0.07
0 0.72 0.3433333333333333 0.042666666666666665 0.04666666666666667
1 0.25466666666666665 0.35833333333333334 0.042666666666666665 0.056666666666666664
1 0.18533333333333332 0.35 0.050666666666666665 0.056666666666666664
1 0.13533333333333333 0.36666666666666664 0.05466666666666667 0.08666666666666667
1 0.858 0.3375 0.03333333333333333 0.06166666666666667
1 0.894 0.3616666666666667 0.036 0.056666666666666664
1 0.958 0.39416666666666667 0.04133333333333333 0.07833333333333334
1 0.9326666666666666 0.3275 0.036 0.051666666666666666
1 0.49666666666666665 0.33916666666666667 0.028 0.04833333333333333
1 0.664 0.3641666666666667 0.029333333333333333 0.03833333333333333
1 0.5193333333333333 0.37083333333333335 0.030666666666666665 0.051666666666666666
