1 0.617528 0.887817 0.114851 0.18394
2 0.208495 0.520488 0.0843033 0.279667
3 0.371093 0.568199 0.0596482 0.151735
1 0.0731704 0.665094 0.0591301 0.11084
1 0.131097 0.648382 0.0412532 0.0789677
1 0.168206 0.678033 0.0514707 0.0990124
1 0.63092 0.590209 0.0668268 0.0979395
3 0.466968 0.628503 0.0755537 0.224454
1 0.452328 0.724729 0.0649055 0.12225
3 0.199949 0.455262 0.0910664 0.144197
3 0.767736 0.771969 0.125553 0.365335
1 0.217607 0.743659 0.0625848 0.117275
1 0.365874 0.755497 0.0802903 0.148881
1 0.0539997 0.838721 0.107451 0.23066
3 0.830532 0.787934 0.252117 0.365536
