0 0.635649 0.49869 0.0508417 0.105894
0 0.705833 0.624372 0.0620109 0.127674
0 0.542351 0.45904 0.040241 0.0915795
0 0.84429 0.605649 0.0555374 0.120481
0 0.320865 0.661097 0.062461 0.142834
0 0.683443 0.434579 0.0470928 0.0874885
0 0.563682 0.57955 0.0556065 0.134699
0 0.754944 0.504085 0.04473 0.100903
0 0.640788 0.376898 0.0344874 0.072153
0 0.187578 0.413942 0.038388 0.0790025
0 0.861257 0.502438 0.0443773 0.0943464
0 0.598798 0.419374 0.0359726 0.0862282
0 0.47745 0.528122 0.0485014 0.107371
0 0.641109 0.765731 0.0805619 0.159099
2 0.201374 0.319648 0.0477395 0.158813
0 0.732955 0.337375 0.0299319 0.06258
0 0.40469 0.385643 0.0388544 0.0775192
0 0.468314 0.680183 0.064374 0.160192
0 0.856445 0.786712 0.0876587 0.146061
0 0.847202 0.433912 0.0393062 0.0655565
0 0.411458 0.331098 0.0313154 0.0524454
0 0.706236 0.366089 0.0351406 0.0749722
0 0.790756 0.389671 0.0340476 0.0604617
1 0.890379 0.304283 0.023753 0.0504186
0 0.331322 0.429111 0.0432104 0.0878643
1 0.47612 0.319298 0.0286264 0.0569737
0 0.0216338 0.420988 0.0405132 0.0906255
1 0.785894 0.292491 0.0214376 0.0439616
0 0.424836 0.278034 0.0262646 0.0562414
0 0.13021 0.379479 0.0340336 0.0755636
0 0.210066 0.505604 0.0566143 0.10403
0 0.30185 0.325871 0.0370547 0.0826635
0 0.67757 0.323917 0.0295752 0.0716528
0 0.521045 0.304041 0.0262598 0.0564525
1 0.492962 0.270544 0.0204124 0.0468169
0 0.77014 0.430669 0.0384192 0.0740583
0 0.573458 0.292171 0.0276282 0.0658851
0 0.348129 0.366096 0.0440318 0.0779786
0 0.23082 0.352495 0.0294623 0.0636624
1 0.380889 0.246771 0.0212792 0.0489735
0 0.276102 0.276161 0.0256422 0.0566688
0 0.631793 0.301616 0.0243195 0.0603772
0 0.960498 0.33154 0.0333995 0.0708698
0 0.787237 0.337525 0.0283193 0.0526157
0 0.73276 0.290128 0.0238865 0.0485919
