2 0.557808 0.554986 0.038528 0.155209
1 0.47014 0.807486 0.050824 0.226024
1 0.374221 0.727569 0.0411718 0.105587
1 0.518329 0.627424 0.0290394 0.0813206
1 0.30854 0.630697 0.0289822 0.0656224
1 0.293161 0.70817 0.0309904 0.0751161
1 0.265045 0.71442 0.0348623 0.0818329
1 0.480843 0.633103 0.0286219 0.0761764
1 0.426844 0.657218 0.0271462 0.0690125
1 0.242551 0.811812 0.0539626 0.145811
1 0.709104 0.677358 0.0290034 0.0785719
1 0.525287 0.722721 0.0393871 0.0894291
1 0.340378 0.868019 0.0522286 0.127761
1 0.4107 0.624215 0.026165 0.0657526
1 0.793781 0.667561 0.0367853 0.0846548
1 0.247089 0.648103 0.0288714 0.0736701
1 0.748388 0.641383 0.027449 0.0749316
1 0.652117 0.631929 0.030418 0.0974555
1 0.160289 0.674617 0.0270544 0.0849643
1 0.193278 0.778446 0.0451246 0.2633
1 0.772307 0.737157 0.0359105 0.0953313
1 0.573978 0.712893 0.038158 0.143703
1 0.623387 0.668041 0.030939 0.140585
0 0.682187 0.776592 0.0552533 0.171019
1 0.682849 0.770713 0.0507059 0.172186
1 0.569089 0.675595 0.0307001 0.0714824
1 0.822627 0.648664 0.0282303 0.0790423
1 0.559291 0.622523 0.028246 0.0671333
