0 0.706387 0.63762 0.0632847 0.120949
0 0.575973 0.596581 0.0610861 0.123223
0 0.543024 0.46294 0.0467245 0.101464
0 0.637331 0.510056 0.0585219 0.113301
0 0.63731 0.775056 0.075985 0.161631
0 0.463066 0.548228 0.0539997 0.0986614
0 0.755342 0.503424 0.0468146 0.100898
0 0.829427 0.82129 0.0873455 0.163525
0 0.767349 0.419168 0.039797 0.0785692
0 0.407688 0.386243 0.0408 0.0807739
0 0.64385 0.36269 0.0342623 0.0776875
0 0.325259 0.667307 0.0591329 0.138613
0 0.680855 0.422678 0.0444777 0.0869507
0 0.841199 0.440978 0.0363781 0.0802457
0 0.0751453 0.448752 0.0492723 0.10083
0 0.839074 0.611238 0.0630074 0.12662
0 0.710578 0.368302 0.0342694 0.0738931
0 0.600326 0.416425 0.0403904 0.086303
0 0.467967 0.683424 0.0711908 0.153501
1 0.107749 0.576644 0.043312 0.113453
0 0.186571 0.421232 0.0387717 0.083765
0 0.221734 0.484196 0.0504874 0.108262
0 0.0207463 0.418914 0.0412149 0.0903043
0 0.677782 0.325019 0.0327191 0.0781143
0 0.127966 0.389339 0.0400805 0.0785451
1 0.861342 0.270416 0.02379 0.0493581
1 0.476412 0.322968 0.0280164 0.0611795
0 0.330206 0.427116 0.044434 0.0868745
0 0.858393 0.384105 0.0325113 0.0697363
0 0.787379 0.297766 0.02416 0.0527201
1 0.520949 0.309115 0.0249532 0.0535975
0 0.862913 0.503182 0.0388713 0.0997762
2 0.931215 0.711858 0.11064 0.576284
0 0.14803 0.464026 0.0478151 0.0993036
0 0.345724 0.363158 0.0401129 0.0603133
0 0.730179 0.333207 0.0275543 0.0629939
0 0.0181501 0.545735 0.0362693 0.130314
0 0.275397 0.296884 0.0282689 0.0594352
0 0.294992 0.348813 0.0332729 0.0692575
0 0.424696 0.281133 0.0265543 0.0569229
1 0.955686 0.342907 0.0302283 0.06489
0 0.793128 0.401784 0.0338004 0.0736125
0 0.376331 0.290741 0.0266959 0.0554504
0 0.345887 0.317861 0.032904 0.0559035
0 0.79577 0.341374 0.03061 0.055888
1 0.491539 0.270951 0.0219133 0.0494389
1 0.382905 0.251268 0.0214331 0.0493563
