1 0.180015 0.648395 0.0504051 0.278525
2 0.639796 0.386236 0.039558 0.19039
1 0.35168 0.756937 0.0511683 0.125337
1 0.62014 0.544328 0.038581 0.131473
1 0.259548 0.583223 0.0394991 0.0861894
1 0.246225 0.517858 0.0300358 0.0726077
1 0.371125 0.617736 0.044167 0.11703
1 0.300022 0.5622 0.0353155 0.0821164
1 0.678681 0.640226 0.0544817 0.192535
1 0.659955 0.501859 0.0315758 0.0959424
1 0.209654 0.555813 0.0318826 0.091931
1 0.524143 0.510544 0.0321645 0.0770617
1 0.313399 0.510267 0.0254981 0.0615411
1 0.714461 0.564796 0.0327547 0.115722
1 0.251738 0.750265 0.076654 0.277384
1 0.715403 0.583723 0.0385855 0.150355
1 0.344156 0.498804 0.0280448 0.0638014
1 0.571524 0.571267 0.0358257 0.114303
1 0.36958 0.485064 0.0242252 0.0613387
1 0.525719 0.596418 0.0393718 0.102404
1 0.374248 0.532113 0.0306052 0.0647302
1 0.427907 0.521491 0.026947 0.0836372
2 0.459932 0.571155 0.0485216 0.238482
1 0.779871 0.633395 0.0647425 0.179815
