2 0.488127 0.629325 0.106518 0.651345
1 0.0374343 0.817194 0.0743178 0.180745
1 0.102712 0.702513 0.0713025 0.161496
2 0.945441 0.72242 0.107583 0.555161
1 0.390271 0.881915 0.092409 0.207562
1 0.854426 0.837372 0.0805764 0.181313
1 0.66939 0.608334 0.067388 0.133604
1 0.362091 0.580725 0.0578046 0.129486
1 0.586338 0.680151 0.098927 0.55704
1 0.822687 0.651641 0.0754006 0.176336
4 0.0620959 0.510863 0.065973 0.142843
4 0.342416 0.482082 0.0489079 0.112139
1 0.321302 0.712268 0.0636504 0.144412
1 0.0629283 0.508864 0.063746 0.139278
0 0.322116 0.713401 0.0637753 0.145062
1 0.590605 0.603591 0.0894404 0.407764
4 0.115579 0.592427 0.0571999 0.113293
0 0.671424 0.741582 0.0720583 0.150192
0 0.618612 0.961264 0.119905 0.0774714
