4 0.687214 0.808465 0.0635916 0.263662
1 0.864535 0.860444 0.101819 0.160181
1 0.778701 0.684082 0.0374422 0.098346
3 0.462897 0.771137 0.119378 0.19674
3 0.0447002 0.913609 0.0894003 0.15755
1 0.86643 0.708452 0.0670651 0.105868
2 0.425316 0.676008 0.0591105 0.251281
0 0.240951 0.852485 0.0948926 0.291685
0 0.578584 0.774259 0.053778 0.109661
4 0.0546169 0.762496 0.0693302 0.125197
1 0.483875 0.865816 0.0878547 0.1597
1 0.932104 0.736434 0.0661667 0.120191
3 0.950338 0.630943 0.0741688 0.14558
3 0.55713 0.765067 0.0951093 0.139486
