2 0.530424 0.619681 0.081795 0.584733
1 0.313037 0.713332 0.0664131 0.127477
1 0.268105 0.828389 0.0764011 0.144711
1 0.132955 0.735295 0.0609068 0.119644
1 0.351339 0.573547 0.0464887 0.0890382
1 0.276681 0.555655 0.0496251 0.153496
1 0.633284 0.737268 0.0653986 0.118704
1 0.627878 0.857133 0.0865238 0.141902
1 0.21231 0.644456 0.0606467 0.127839
1 0.363757 0.657949 0.053954 0.106273
1 0.609556 0.634019 0.0561624 0.11023
1 0.0730427 0.848806 0.0874298 0.162881
3 0.947563 0.519515 0.10394 0.202399
1 0.0216511 0.622502 0.0433021 0.201004
3 0.0759281 0.862121 0.101938 0.180971
