2 0.713 0.470594 0.0506222 0.243119
0 0.764828 0.474872 0.0354237 0.0738093
2 0.405906 0.447639 0.0575871 0.220384
0 0.431505 0.533641 0.0385424 0.0924829
0 0.460729 0.6904 0.0536236 0.11617
0 0.852916 0.520565 0.0426491 0.0852775
0 0.572025 0.663891 0.0504772 0.112925
0 0.500906 0.583299 0.0465678 0.0980867
0 0.982508 0.531149 0.0349281 0.102786
0 0.813494 0.449416 0.0384063 0.0849921
0 0.600526 0.546049 0.0409504 0.100328
0 0.281986 0.465263 0.0280685 0.072521
1 0.584151 0.373592 0.0252827 0.0612723
0 0.551939 0.459924 0.0337456 0.0824611
1 0.493225 0.427902 0.028096 0.0700931
1 0.643735 0.378513 0.0262474 0.0696798
0 0.898584 0.476852 0.0356007 0.0844346
0 0.306974 0.501877 0.0305382 0.0706775
0 0.396134 0.606612 0.0418558 0.105325
0 0.761231 0.609811 0.0478787 0.0937389
1 0.516863 0.479561 0.0311516 0.078306
1 0.929347 0.535558 0.0394713 0.0839208
1 0.355734 0.453 0.0285904 0.0714079
0 0.337825 0.534307 0.0410371 0.088559
1 0.472796 0.344234 0.022022 0.0546728
0 0.928876 0.534544 0.0406639 0.0835778
1 0.453085 0.402905 0.0277014 0.0714735
0 0.462138 0.477291 0.0314643 0.0712518
4 0.33698 0.532792 0.0400533 0.0849709
0 0.662058 0.610491 0.0455189 0.111031
0 0.337533 0.3741 0.0202117 0.0573146
4 0.241102 0.419714 0.0239322 0.062912
