0 0.723772 0.41667 0.0739712 0.0980566
0 0.447982 0.39922 0.0592095 0.0918361
0 0.272657 0.388488 0.0569746 0.10289
0 0.361371 0.546819 0.0811392 0.135285
0 0.45533 0.146417 0.0410076 0.0723749
0 0.959448 0.281801 0.0573973 0.107584
0 0.567803 0.348621 0.0590521 0.101604
0 0.263289 0.158262 0.0420303 0.0635414
0 0.880904 0.280823 0.0462764 0.0873064
0 0.517058 0.702219 0.104926 0.197995
0 0.920785 0.382158 0.0826838 0.10778
0 0.568119 0.470955 0.0773314 0.126185
0 0.147259 0.275238 0.0379721 0.0821449
0 0.197512 0.338287 0.0470263 0.0837536
0 0.523983 0.181435 0.0404604 0.0720286
0 0.455183 0.30688 0.0476566 0.0853127
0 0.348862 0.298344 0.0458552 0.0917606
0 0.107936 0.212866 0.034974 0.0672763
0 0.335243 0.217329 0.045613 0.0837697
0 0.794174 0.292824 0.0513485 0.095594
0 0.274452 0.232465 0.0419826 0.0874487
0 0.927332 0.581873 0.0829681 0.138877
0 0.0810588 0.180234 0.0396796 0.0633041
2 0.594369 0.178859 0.0807364 0.238717
0 0.303087 0.181971 0.0359139 0.067577
0 0.395119 0.270255 0.0482311 0.0984984
0 0.200429 0.175375 0.0376565 0.0778531
3 0.737332 0.135593 0.0648947 0.144139
0 0.67105 0.259639 0.0526729 0.08021
0 0.703126 0.610653 0.0995798 0.153215
0 0.756389 0.246567 0.0462042 0.0794087
0 0.171758 0.163817 0.0348154 0.061687
0 0.611111 0.114353 0.0667042 0.119806
0 0.844504 0.248713 0.0400291 0.0701524
0 0.684399 0.18913 0.0401358 0.0675868
