0 0.313938 0.762191 0.0765719 0.239707
0 0.146446 0.740322 0.0804932 0.236385
0 0.233909 0.47657 0.0644623 0.201953
1 0.371732 0.443089 0.0579615 0.166453
0 0.0146139 0.228327 0.0292278 0.159343
0 0.311602 0.0729812 0.0552442 0.116079
0 0.0704612 0.109917 0.0429623 0.118853
0 0.287487 0.263194 0.0536333 0.142886
0 0.440799 0.0908635 0.0407361 0.120288
0 0.685065 0.103023 0.0471536 0.122957
0 0.727855 0.464351 0.0596003 0.167337
0 0.970752 0.789853 0.058371 0.240716
4 0.408729 0.229726 0.0570872 0.155957
4 0.87356 0.454246 0.0705196 0.193691
0 0.780445 0.110193 0.0419546 0.119986
