1 0.155127 0.83528 0.0986644 0.32944
1 0.055578 0.468176 0.0753978 0.169168
1 0.872797 0.678472 0.0772801 0.264363
1 0.776142 0.900697 0.0976219 0.198607
1 0.945519 0.836276 0.0993225 0.327449
1 0.239611 0.728345 0.0725801 0.297633
1 0.137283 0.561468 0.0774575 0.21746
1 0.534792 0.756486 0.0998401 0.163949
1 0.284455 0.578888 0.0682016 0.292809
2 0.649427 0.300124 0.0792968 0.24964
2 0.790595 0.505757 0.0685869 0.280952
1 0.0655947 0.692269 0.0746817 0.281034
1 0.71773 0.617191 0.0691559 0.146632
1 0.334022 0.51197 0.0593737 0.205442
1 0.0116747 0.565708 0.0233493 0.210098
1 0.544841 0.607347 0.0710325 0.131196
1 0.683538 0.527026 0.0539907 0.159162
1 0.00983242 0.528585 0.0196648 0.163273
1 0.51754 0.442514 0.0491963 0.117257
1 0.515247 0.919045 0.0975697 0.161909
