2 0.209853 0.646281 0.105922 0.648755
0 0.532221 0.577397 0.0489068 0.105342
0 0.482527 0.688602 0.072098 0.150473
0 0.462985 0.522196 0.0446382 0.110121
1 0.540307 0.492841 0.0345302 0.0834047
0 0.670114 0.686531 0.0607017 0.160664
1 0.0634592 0.556553 0.0463323 0.119118
0 0.408553 0.482844 0.033685 0.102711
1 0.713451 0.521049 0.0435192 0.125247
1 0.784269 0.577909 0.0552504 0.143314
1 0.640131 0.557265 0.0419006 0.117144
0 0.272887 0.569719 0.041266 0.094588
1 0.934039 0.583394 0.0519291 0.14481
1 0.154272 0.558398 0.035789 0.103665
0 0.857681 0.553095 0.0458687 0.123738
0 0.308492 0.517904 0.0360702 0.0935176
3 0.112687 0.590847 0.0487066 0.17182
0 0.347426 0.617555 0.0546318 0.140569
