1 0.7436 0.560564 0.0898344 0.165828
2 0.332047 0.386705 0.0561747 0.191712
1 0.275038 0.560223 0.0872738 0.164206
1 0.340989 0.530319 0.0539316 0.101544
0 0.52009 0.619468 0.0940205 0.151621
1 0.67217 0.50126 0.0717831 0.117262
1 0.0588605 0.495416 0.0607603 0.0988972
1 0.847544 0.489512 0.0501644 0.0839215
1 0.919831 0.446483 0.0472441 0.0928329
1 0.396341 0.457949 0.0419125 0.0833907
1 0.429029 0.433289 0.0336386 0.0603175
1 0.802564 0.446647 0.0409041 0.0703795
1 0.236618 0.455311 0.0340594 0.070075
1 0.20254 0.486576 0.0410914 0.070084
1 0.365429 0.492383 0.0424314 0.0847858
1 0.148136 0.457829 0.0365922 0.0711525
1 0.879164 0.442396 0.0346737 0.0786121
1 0.978934 0.504958 0.0413814 0.108898
1 0.846136 0.506075 0.0564577 0.119009
1 0.629497 0.443913 0.0374493 0.0765311
