2 0.821239 0.406146 0.0607446 0.226299
1 0.175743 0.808227 0.0802108 0.14177
1 0.857594 0.730537 0.0722071 0.134197
0 0.252275 0.738961 0.0570318 0.115467
1 0.764132 0.861918 0.100563 0.169211
1 0.641215 0.570989 0.0479667 0.095655
1 0.286401 0.610981 0.0541705 0.110658
1 0.68387 0.724085 0.0622072 0.127556
1 0.750422 0.565285 0.0479963 0.0877372
1 0.840515 0.512448 0.0465744 0.0889445
1 0.962983 0.627303 0.0618786 0.110694
1 0.603789 0.546614 0.0381109 0.0755218
1 0.243643 0.568434 0.05227 0.0923097
1 0.168889 0.62645 0.0600521 0.101994
1 0.37334 0.522638 0.0466958 0.0840058
1 0.321691 0.583624 0.0431151 0.0905777
4 0.819609 0.638386 0.0614161 0.108681
1 0.725504 0.514214 0.0432628 0.080216
1 0.987902 0.88672 0.0241953 0.156507
4 0.141076 0.519587 0.0495315 0.0911163
1 0.671437 0.6431 0.0560545 0.102306
1 0.0110796 0.641809 0.0221591 0.127243
1 0.0838495 0.564391 0.0563545 0.099488
1 0.036087 0.509039 0.0513798 0.0876761
1 0.967469 0.496833 0.0583026 0.0844788
4 0.0838739 0.563888 0.0550425 0.096065
