0 0.742145 0.595919 0.0666725 0.12425
2 0.449824 0.214611 0.049655 0.217548
4 0.319497 0.619676 0.0795944 0.171895
0 0.611671 0.300044 0.0363227 0.0698964
1 0.682114 0.344443 0.0334356 0.0741338
0 0.543464 0.30036 0.0343034 0.0664604
0 0.443858 0.34262 0.0444822 0.0849894
0 0.631258 0.582736 0.0604928 0.137922
0 0.78968 0.400773 0.0404067 0.0924325
0 0.742239 0.331582 0.0386935 0.0914586
0 0.06463 0.507554 0.0655106 0.138977
0 0.234093 0.523949 0.0630627 0.130712
1 0.485085 0.229037 0.0253421 0.0641198
0 0.659907 0.297262 0.0326316 0.0755362
4 0.860835 0.400371 0.0445157 0.0882321
1 0.338548 0.17295 0.0214681 0.0435942
0 0.504183 0.461285 0.0573687 0.114075
1 0.320857 0.616452 0.0741448 0.162236
0 0.171544 0.387148 0.0478314 0.117767
0 0.350895 0.315655 0.0383864 0.0991163
1 0.39395 0.198111 0.0239978 0.0555168
0 0.283732 0.261667 0.0343989 0.0743443
0 0.601579 0.435681 0.0482765 0.104384
0 0.543229 0.242167 0.033042 0.0624235
0 0.396487 0.392113 0.0428834 0.0932507
0 0.130166 0.695314 0.0755909 0.167792
1 0.131235 0.691348 0.0730656 0.164371
0 0.594671 0.253625 0.0301771 0.0650878
0 0.266151 0.198104 0.0242465 0.0549524
0 0.381935 0.291131 0.0314594 0.0680485
0 0.320402 0.279793 0.0357599 0.0917537
