2 0.588474 0.275445 0.0628916 0.231258
1 0.3172 0.61312 0.0673183 0.15649
0 0.130156 0.696263 0.0690393 0.170914
4 0.596332 0.427358 0.0448233 0.109248
0 0.444947 0.332604 0.0397937 0.0816941
0 0.629325 0.583779 0.0581875 0.136908
0 0.788929 0.401966 0.0427959 0.0924252
1 0.682751 0.3444 0.0334337 0.0740325
0 0.23378 0.516585 0.060226 0.122196
0 0.527105 0.275962 0.032242 0.0728074
0 0.479845 0.245683 0.0317831 0.0687401
0 0.738174 0.56815 0.0554995 0.125062
4 0.861988 0.401293 0.0453579 0.0890094
0 0.656439 0.305244 0.0351582 0.0866381
0 0.742206 0.326821 0.0372463 0.08896
0 0.359512 0.338219 0.0404106 0.0920416
0 0.500692 0.361764 0.0385786 0.0855156
0 0.402957 0.197424 0.0289898 0.0600231
0 0.111275 0.257527 0.0342553 0.0750076
4 0.3162 0.614087 0.0732846 0.169074
0 0.321651 0.295655 0.0409943 0.0868044
1 0.500434 0.362844 0.0388351 0.0849046
4 0.506022 0.473832 0.059938 0.11374
0 0.457436 0.205311 0.0234203 0.0609632
0 0.228483 0.291495 0.0339417 0.0664152
1 0.399654 0.392194 0.0441559 0.0954768
0 0.506645 0.472064 0.0566287 0.107124
1 0.212204 0.191781 0.0283025 0.0584072
4 0.400358 0.405445 0.0511864 0.119687
4 0.254857 0.236736 0.0311392 0.0629465
0 0.0672486 0.341676 0.0475473 0.088716
1 0.0708667 0.504025 0.0643305 0.142264
