0 0.444789 0.917719 0.106535 0.164562
0 0.579111 0.816011 0.0801603 0.170583
0 0.7808 0.528905 0.0634309 0.146244
0 0.976924 0.558227 0.0459755 0.118603
0 0.915364 0.454451 0.0563984 0.107755
0 0.709644 0.568061 0.0469905 0.125542
0 0.656656 0.565146 0.0661916 0.144507
0 0.664059 0.385733 0.0550299 0.0929285
0 0.375842 0.773568 0.0943676 0.146526
0 0.957845 0.420714 0.0406345 0.095539
0 0.867223 0.626858 0.0573403 0.13234
0 0.175724 0.799495 0.0870551 0.179298
2 0.561769 0.446735 0.101496 0.460535
1 0.867273 0.628696 0.0613888 0.131854
