2 0.643653 0.354028 0.0802095 0.263121
1 0.841508 0.5696 0.0557366 0.10901
1 0.515098 0.357146 0.0315555 0.0667668
1 0.937666 0.424639 0.0389599 0.0874172
1 0.758695 0.400771 0.0340732 0.0753753
1 0.56676 0.345988 0.0261198 0.0592992
1 0.71989 0.376187 0.0308512 0.0672282
1 0.59028 0.366193 0.0256725 0.0605548
1 0.807259 0.394158 0.0384781 0.0767575
1 0.32468 0.628454 0.0475988 0.115778
1 0.771187 0.496729 0.0442537 0.087979
1 0.616903 0.441307 0.0383139 0.0824847
1 0.531805 0.480566 0.0504515 0.0871521
1 0.441186 0.44171 0.0367174 0.0761907
1 0.891823 0.447751 0.0364685 0.086208
1 0.663565 0.51672 0.0510319 0.103787
1 0.454173 0.741266 0.0653669 0.147192
4 0.64679 0.706072 0.0744854 0.130551
1 0.470646 0.588843 0.0747261 0.112298
1 0.934331 0.534669 0.0500334 0.0917384
1 0.363449 0.412206 0.0311495 0.0706461
1 0.646327 0.705882 0.0746269 0.131327
1 0.449101 0.37413 0.0310909 0.0639809
0 0.454205 0.740075 0.0651106 0.147977
1 0.24493 0.357374 0.0306831 0.0747284
1 0.331964 0.355111 0.0303359 0.0710796
1 0.298625 0.398565 0.0317312 0.0749069
