1 0.354808 0.903472 0.121827 0.193057
2 0.597004 0.425282 0.0791191 0.303028
1 0.317421 0.60815 0.0557609 0.124236
1 0.558315 0.855526 0.101335 0.186736
1 0.561089 0.650158 0.060668 0.125001
1 0.69353 0.90013 0.113191 0.19974
1 0.65014 0.537619 0.0595191 0.116562
1 0.371377 0.644253 0.073386 0.139731
4 0.946016 0.540963 0.0573688 0.1289
3 0.467661 0.759765 0.107759 0.288824
1 0.498649 0.566506 0.0612915 0.116319
1 0.239764 0.692483 0.0704531 0.148109
1 0.634142 0.679289 0.0705924 0.149103
3 0.818573 0.781886 0.128488 0.390019
1 0.732662 0.637925 0.0920446 0.223067
1 0.966318 0.827745 0.0672581 0.235369
1 0.465819 0.76392 0.108293 0.29663
1 0.288601 0.789595 0.0911584 0.194093
4 0.125538 0.585638 0.0602538 0.113224
3 0.825443 0.711655 0.114095 0.271205
1 0.737876 0.609313 0.0775047 0.153654
