1 0.313806 0.847715 0.10367 0.242549
2 0.34398 0.475782 0.0819447 0.236879
2 0.599063 0.494779 0.0975182 0.302257
2 0.794746 0.532349 0.0671959 0.280077
1 0.351503 0.672281 0.105464 0.175138
0 0.138052 0.722337 0.0881314 0.210328
1 0.967335 0.728487 0.0653304 0.163072
1 0.760606 0.671692 0.057463 0.120044
1 0.0484436 0.732367 0.0775762 0.177077
1 0.841507 0.640194 0.0713383 0.152566
4 0.628405 0.660607 0.0585835 0.135011
1 0.827623 0.839211 0.0961681 0.199777
2 0.278264 0.467783 0.0599769 0.286653
1 0.941717 0.62908 0.0662762 0.123323
1 0.963343 0.905585 0.0733141 0.18883
1 0.68878 0.829481 0.085759 0.268853
1 0.691491 0.762682 0.0755705 0.135103
1 0.0204024 0.814238 0.0408047 0.185073
1 0.174917 0.608116 0.0565578 0.127958
