0 0.494587 0.293088 0.0471317 0.0929369
0 0.596659 0.385637 0.0538029 0.0994375
0 0.225708 0.252881 0.0381256 0.0808506
0 0.402129 0.205043 0.047157 0.0920939
0 0.180478 0.142165 0.0289504 0.0734125
0 0.489985 0.161834 0.0409985 0.0838937
0 0.217843 0.180157 0.0357068 0.0716934
0 0.671402 0.338597 0.0464701 0.10763
0 0.708956 0.103509 0.0314782 0.0698817
0 0.89644 0.186292 0.0341751 0.0667015
4 0.670455 0.17094 0.0375052 0.0810296
0 0.166622 0.374679 0.0387666 0.103948
0 0.393744 0.0373595 0.0288393 0.0592365
0 0.265559 0.074295 0.030135 0.0666567
0 0.324181 0.052752 0.0259111 0.0563976
1 0.231051 0.419859 0.0552158 0.10943
0 0.808245 0.142599 0.0302513 0.0712639
0 0.78162 0.140709 0.0285885 0.0705914
0 0.61028 0.109181 0.0379232 0.0725779
0 0.342605 0.145712 0.0370252 0.0811993
0 0.341292 0.0286276 0.0247288 0.0572551
1 0.125896 0.22888 0.033063 0.0722627
0 0.141007 0.100972 0.030575 0.0729857
0 0.561905 0.232512 0.0462775 0.10111
4 0.089251 0.1065 0.0318026 0.0701217
0 0.753533 0.114132 0.0275961 0.0652158
0 0.481401 0.0458954 0.0272668 0.0554368
1 0.293348 0.0945811 0.0338472 0.0681589
4 0.231453 0.419185 0.0534591 0.109262
4 0.128733 0.167674 0.0315999 0.0589988
4 0.602552 0.172809 0.0437992 0.0842525
