2 0.373818 0.302991 0.0877444 0.307978
0 0.367059 0.570482 0.0721905 0.191992
0 0.733349 0.780102 0.105266 0.265084
0 0.268097 0.578643 0.0733404 0.173605
0 0.866861 0.489675 0.0554764 0.12016
0 0.443872 0.417404 0.0416723 0.105396
0 0.0812593 0.520072 0.0606297 0.129535
0 0.801376 0.418999 0.0507366 0.105901
0 0.736912 0.484168 0.0548444 0.144954
0 0.502312 0.499258 0.0532853 0.143137
0 0.296017 0.377596 0.0440406 0.0918478
0 0.700498 0.316846 0.0359333 0.0878753
0 0.245572 0.374635 0.0382649 0.0944446
1 0.642303 0.41433 0.0466413 0.107573
0 0.190168 0.496492 0.0653578 0.149183
0 0.53617 0.413432 0.0462784 0.116964
0 0.885245 0.370929 0.0346346 0.0981391
0 0.819083 0.349358 0.0409648 0.100692
0 0.133484 0.39795 0.0312979 0.0811297
0 0.960833 0.403155 0.0335381 0.105305
0 0.582405 0.395929 0.0379862 0.0983438
0 0.0992208 0.376076 0.0411236 0.0770788
1 0.610317 0.518711 0.0673225 0.166038
1 0.637827 0.323884 0.0363888 0.082237
0 0.912893 0.361685 0.0288836 0.0979857
0 0.974358 0.653302 0.0510292 0.195912
1 0.190493 0.498163 0.065279 0.146557
