1 0.411144 0.51116 0.105543 0.194357
1 0.274176 0.470107 0.13618 0.166102
1 0.732319 0.338471 0.0492807 0.116656
1 0.830969 0.441339 0.0618662 0.135898
1 0.435109 0.336323 0.0535336 0.0938033
1 0.198871 0.39338 0.0712029 0.143387
1 0.546659 0.280413 0.0493822 0.0866207
1 0.623009 0.407874 0.073054 0.124296
1 0.20036 0.274752 0.03785 0.0721697
0 0.314241 0.344405 0.0833675 0.0909655
1 0.115189 0.380741 0.0771501 0.126731
1 0.488957 0.292735 0.0382317 0.0662792
1 0.521151 0.467283 0.0881613 0.156881
1 0.724806 0.577585 0.107427 0.214397
1 0.67547 0.363187 0.0427742 0.111686
1 0.879108 0.384157 0.0475216 0.122615
1 0.509936 0.350527 0.0551977 0.0760796
1 0.789584 0.318743 0.0634161 0.116069
1 0.146293 0.26867 0.0462271 0.0922737
0 0.241824 0.259 0.0452076 0.0762394
0 0.304824 0.262959 0.0376005 0.0743479
1 0.923918 0.349859 0.0395436 0.0967766
