0 0.470413 0.470236 0.155844 0.332854
0 0.459266 0.23954 0.095772 0.161577
0 0.251786 0.176896 0.0617197 0.137453
0 0.358679 0.250253 0.081443 0.21314
0 0.0499008 0.206846 0.0667147 0.173323
0 0.492408 0.134812 0.0672441 0.106106
0 0.416407 0.144733 0.0516413 0.116637
0 0.792929 0.123078 0.0701369 0.0999478
0 0.597621 0.202174 0.0767353 0.181511
0 0.934657 0.11205 0.0601299 0.118173
0 0.740308 0.239239 0.0777577 0.144045
0 0.689712 0.13271 0.0523246 0.113643
0 0.956376 0.228532 0.0568718 0.159715
0 0.779911 0.484803 0.161836 0.364916
1 0.129923 0.325796 0.11486 0.227499
0 0.313063 0.144412 0.0665474 0.137178
0 0.572944 0.0698966 0.0486179 0.0713686
0 0.87605 0.321995 0.0731997 0.173394
0 0.803209 0.214738 0.0714346 0.113296
1 0.646981 0.109507 0.0403351 0.0987365
0 0.647635 0.109376 0.0400491 0.0985907
