0 0.729564 0.626592 0.0470633 0.113529
0 0.691477 0.472794 0.0457362 0.107255
0 0.749231 0.77588 0.0697646 0.132099
0 0.619413 0.578259 0.0491581 0.112393
0 0.752631 0.412442 0.0394775 0.094234
0 0.553693 0.582365 0.0530426 0.119002
0 0.562362 0.385119 0.0347635 0.0887509
0 0.480937 0.581879 0.0636374 0.147066
0 0.17519 0.433185 0.0457182 0.100081
0 0.236633 0.403605 0.0450788 0.10728
0 0.526241 0.420711 0.0379872 0.0849801
0 0.6279 0.382212 0.038184 0.0891331
0 0.817359 0.328556 0.0339684 0.077957
0 0.367384 0.469653 0.0374872 0.103294
0 0.732255 0.348113 0.0347837 0.0775591
0 0.302311 0.407093 0.0384852 0.10272
0 0.878185 0.328397 0.030195 0.0751685
0 0.290388 0.530737 0.0425373 0.10179
0 0.51827 0.262336 0.0268371 0.0713609
0 0.886261 0.394349 0.032333 0.0797759
0 0.917108 0.36095 0.0316102 0.0917263
0 0.758675 0.328731 0.0275169 0.0684009
0 0.576732 0.300681 0.0318647 0.079493
