0 0.29233 0.191388 0.0507605 0.117653
0 0.816138 0.391253 0.0574028 0.156855
0 0.278891 0.314363 0.0551539 0.123879
0 0.56888 0.478325 0.066557 0.161671
0 0.685817 0.362165 0.0614495 0.145932
0 0.751356 0.48922 0.061113 0.193798
0 0.7783 0.16698 0.0361756 0.103303
0 0.145792 0.349594 0.0615024 0.134721
0 0.871256 0.263472 0.0477334 0.1285
0 0.109978 0.157375 0.0483349 0.109374
0 0.486707 0.18538 0.0387355 0.106792
0 0.209294 0.142612 0.0438859 0.0953492
0 0.370772 0.0389832 0.041013 0.0773931
0 0.534359 0.179689 0.0414091 0.0952963
0 0.454207 0.0964569 0.0364677 0.0983713
0 0.222133 0.0645356 0.0370947 0.0776123
0 0.514806 0.0896495 0.0361423 0.0864829
0 0.10193 0.0347408 0.0321622 0.0694816
0 0.742486 0.21928 0.0452593 0.124851
0 0.433563 0.0243225 0.0290352 0.0482377
0 0.30845 0.0932701 0.0342897 0.0865348
0 0.598553 0.0749898 0.0362108 0.0935775
0 0.176451 0.020582 0.0308228 0.0409842
1 0.90102 0.0879841 0.0442062 0.116444
0 0.036407 0.0355243 0.0341513 0.0710485
0 0.399417 0.222062 0.0496036 0.136962
0 0.141261 0.114987 0.0409211 0.088071
0 0.638928 0.047609 0.0331765 0.0903429
0 0.304977 0.0295071 0.0339887 0.0590141
0 0.144629 0.0226404 0.0287638 0.0444907
0 0.492458 0.0268214 0.0290031 0.053443
2 0.981147 0.2704 0.0377068 0.5408
0 0.0125709 0.0856924 0.0251418 0.0856477
0 0.569313 0.0246743 0.0283653 0.0493487
