0 0.639884 0.488468 0.0850847 0.182194
0 0.905045 0.411158 0.0493626 0.106572
0 0.484084 0.516183 0.101741 0.210521
0 0.0495531 0.412115 0.0694712 0.170211
0 0.864161 0.483265 0.0750709 0.131615
0 0.839527 0.360433 0.0462044 0.100966
0 0.386892 0.436671 0.0641845 0.151948
0 0.0928875 0.351851 0.0520639 0.125296
0 0.224504 0.361394 0.0441457 0.130345
0 0.706787 0.395276 0.0534896 0.126076
0 0.266789 0.459067 0.0722547 0.166698
0 0.633641 0.329489 0.0349407 0.0903626
0 0.312476 0.344622 0.0461206 0.107933
1 0.760814 0.343417 0.0417251 0.106905
0 0.556318 0.353083 0.0410288 0.0978196
