0 0.486183 0.516696 0.0499964 0.10479
4 0.65106 0.651339 0.0655063 0.154173
0 0.184969 0.404651 0.0347203 0.0708615
0 0.550555 0.529418 0.0502681 0.117689
0 0.233806 0.349074 0.0331764 0.0803101
0 0.711967 0.640631 0.0574702 0.118157
4 0.72255 0.41689 0.0437531 0.0864157
0 0.791573 0.624441 0.0625168 0.116973
1 0.783229 0.290874 0.0232481 0.0511315
0 0.644752 0.342955 0.0307475 0.0705497
4 0.97642 0.414552 0.0436196 0.0822127
0 0.824907 0.765599 0.0780153 0.16755
2 0.939028 0.7505 0.1104 0.498999
0 0.354737 0.29482 0.0289027 0.0581945
1 0.329188 0.622322 0.0607253 0.140791
0 0.608876 0.431696 0.0400238 0.102704
4 0.761061 0.463503 0.0517266 0.106933
4 0.133905 0.538986 0.051491 0.113875
0 0.382682 0.304478 0.0288247 0.0632341
0 0.350173 0.359478 0.038829 0.0642226
4 0.740311 0.337099 0.0341353 0.0748853
0 0.792811 0.385593 0.0350605 0.0702802
0 0.567446 0.412883 0.0474397 0.10319
1 0.405996 0.361888 0.0380594 0.0769855
0 0.956266 0.336298 0.0300735 0.058793
4 0.48464 0.635104 0.0591467 0.125925
4 0.333507 0.427269 0.0370957 0.0937982
4 0.29255 0.383519 0.0322512 0.0726234
1 0.908625 0.287672 0.020502 0.0477771
1 0.823885 0.28559 0.0218316 0.0536576
1 0.137624 0.366802 0.0369892 0.0804327
0 0.207029 0.486234 0.0437986 0.0976624
1 0.858632 0.275966 0.0244587 0.0505483
0 0.382367 0.246249 0.0228812 0.0518059
0 0.137652 0.365976 0.0361342 0.0793105
0 0.676997 0.315627 0.0289642 0.0593985
1 0.672199 0.376928 0.0317557 0.0627783
0 0.0125815 0.524222 0.025163 0.122492
0 0.329696 0.622032 0.0592123 0.137945
1 0.445091 0.297825 0.0254955 0.0552602
0 0.212819 0.304197 0.0299231 0.0682714
0 0.838914 0.453016 0.0400139 0.0863488
1 0.54159 0.284911 0.0246357 0.0523803
4 0.665835 0.439569 0.0430437 0.0953416
0 0.912963 0.334395 0.0289541 0.0575677
