1 0.811335 0.793325 0.116996 0.260269
1 0.826202 0.607658 0.0667215 0.111408
2 0.686199 0.467547 0.0868709 0.250064
3 0.378006 0.675299 0.171584 0.216705
1 0.95287 0.839348 0.09426 0.203823
1 0.974279 0.680359 0.0514429 0.124938
1 0.677188 0.725306 0.0749121 0.127985
1 0.774278 0.614754 0.0505795 0.103912
4 0.613329 0.642942 0.0607234 0.124982
1 0.916413 0.688299 0.0728439 0.130619
3 0.380773 0.62147 0.17626 0.288468
1 0.0404563 0.807323 0.0809099 0.281903
1 0.0117989 0.608628 0.0235979 0.105124
1 0.923365 0.600608 0.0579304 0.0756142
3 0.34464 0.581566 0.0972901 0.284205
1 0.615583 0.639439 0.0581528 0.12129
1 0.185541 0.598556 0.059144 0.125982
0 0.142627 0.665401 0.0896318 0.148568
