1 0.591885 0.817482 0.0756316 0.168588
1 0.751725 0.612047 0.0537754 0.114609
1 0.377293 0.493482 0.0510259 0.122039
2 0.512121 0.222682 0.052131 0.232879
1 0.725496 0.458682 0.0407011 0.0897572
1 0.215894 0.58985 0.0566599 0.122531
1 0.758501 0.883056 0.0744013 0.150742
1 0.273338 0.433892 0.0455863 0.108152
1 0.628446 0.321131 0.0287452 0.0707891
1 0.0667885 0.543107 0.0502024 0.114087
1 0.845969 0.47483 0.0455496 0.0983301
1 0.811737 0.373897 0.0356948 0.0811995
1 0.520494 0.384858 0.0364963 0.0823006
4 0.288798 0.315516 0.0454848 0.0887739
1 0.428307 0.35344 0.0438913 0.102128
1 0.265844 0.218044 0.0293753 0.0770235
4 0.13843 0.271348 0.0344406 0.0767459
1 0.209999 0.3007 0.0375393 0.0821785
1 0.128648 0.369427 0.0387531 0.0837886
4 0.209731 0.301863 0.0377651 0.0843371
1 0.598103 0.545864 0.0528845 0.113169
1 0.320541 0.236254 0.0332456 0.0684402
4 0.318912 0.234554 0.0316137 0.0683271
1 0.540403 0.303808 0.0332126 0.0838708
1 0.00870364 0.331773 0.017154 0.0868557
