2 0.784537 0.233967 0.056632 0.240236
1 0.727162 0.453074 0.0416855 0.0912275
1 0.658855 0.574306 0.053372 0.112149
1 0.756382 0.593286 0.0505648 0.117652
1 0.852692 0.46543 0.0450146 0.102144
1 0.632724 0.331584 0.0290466 0.0712108
4 0.14626 0.270982 0.0416916 0.0847076
1 0.214459 0.587361 0.0575264 0.12249
4 0.212256 0.309478 0.0401497 0.0977121
1 0.274554 0.431657 0.0524863 0.108382
1 0.940232 0.377807 0.0378692 0.0877252
3 0.0582328 0.35753 0.0793376 0.154742
1 0.542485 0.288812 0.0353337 0.0856253
1 0.0718832 0.556958 0.0511959 0.126138
1 0.765504 0.904913 0.0991251 0.190174
3 0.278666 0.222837 0.0426805 0.115831
1 0.431293 0.346596 0.0396618 0.101246
4 0.289506 0.319454 0.0419978 0.0907344
1 0.594825 0.816395 0.076701 0.17669
1 0.810659 0.369419 0.034782 0.0818346
4 0.377959 0.493621 0.0548134 0.133758
1 0.378045 0.494374 0.0550593 0.140097
