3 0.052632 0.348733 0.1041 0.192981
1 0.430505 0.309808 0.0628571 0.113985
1 0.761206 0.396923 0.0871292 0.173433
1 0.603715 0.301593 0.0599433 0.153272
1 0.666328 0.252391 0.0525656 0.143051
1 0.52617 0.38261 0.0716271 0.170366
3 0.141714 0.328997 0.108311 0.180128
1 0.874372 0.196646 0.040105 0.106354
1 0.444837 0.195445 0.0519794 0.120559
1 0.818334 0.334299 0.052847 0.171788
1 0.38866 0.177697 0.0441591 0.115085
4 0.916406 0.337146 0.0731579 0.120617
1 0.414272 0.469679 0.103443 0.199499
1 0.680755 0.565865 0.113409 0.219439
1 0.627781 0.178685 0.0390787 0.0960128
1 0.513325 0.17738 0.046497 0.109948
1 0.553834 0.140233 0.0372951 0.103566
1 0.673793 0.131329 0.0438715 0.101564
4 0.849239 0.613915 0.116299 0.207815
1 0.368898 0.261888 0.0499773 0.100206
3 0.901371 0.474992 0.0829681 0.17023
1 0.848421 0.613013 0.115867 0.213094
1 0.359733 0.412928 0.0530962 0.209166
1 0.72998 0.169353 0.0560454 0.169987
4 0.510497 0.265398 0.0525694 0.0761232
