2 0.639097 0.463564 0.12159 0.392792
3 0.358647 0.669668 0.102423 0.146633
3 0.728288 0.631567 0.117768 0.267407
1 0.90841 0.663152 0.0738362 0.124781
3 0.505423 0.709192 0.141822 0.183035
3 0.515504 0.670524 0.162782 0.225315
3 0.487695 0.709882 0.108083 0.160991
1 0.749955 0.855362 0.0960725 0.169885
3 0.530175 0.656049 0.13735 0.181298
1 0.975885 0.877516 0.0480545 0.192769
3 0.235031 0.86046 0.166095 0.224102
1 0.273082 0.754803 0.0760393 0.147658
1 0.943137 0.774457 0.0807966 0.133505
1 0.210672 0.846035 0.112193 0.182288
1 0.495972 0.852402 0.0938126 0.180818
