3 0.068292 0.660703 0.130875 0.332165
1 0.915165 0.866588 0.0779882 0.150642
3 0.355656 0.840767 0.124342 0.219241
2 0.857812 0.689083 0.0772343 0.348798
1 0.135095 0.844783 0.0725406 0.107872
3 0.249758 0.784677 0.0680551 0.165822
3 0.607612 0.79859 0.125534 0.128026
3 0.786465 0.795444 0.0623383 0.134607
1 0.784773 0.782973 0.0528099 0.109445
3 0.518797 0.678994 0.0679552 0.164033
1 0.515436 0.721627 0.0571705 0.0895823
1 0.957156 0.763687 0.049918 0.0903226
1 0.199095 0.790112 0.0507475 0.139496
1 0.872275 0.813708 0.0440815 0.0973303
1 0.53454 0.784457 0.0456619 0.105768
