2 0.520127 0.735919 0.103942 0.514284
1 0.0753515 0.85382 0.0532709 0.0955319
1 0.625105 0.767762 0.0399292 0.0658897
3 0.251375 0.784963 0.0778767 0.20427
1 0.035341 0.778061 0.0432494 0.0742677
1 0.663797 0.832796 0.0463718 0.0884355
3 0.740833 0.783058 0.101302 0.263276
1 0.374151 0.796232 0.0462148 0.082604
3 0.268266 0.754035 0.0687307 0.199899
3 0.971216 0.798512 0.0571101 0.136934
1 0.194266 0.870654 0.0455944 0.084105
1 0.778577 0.848103 0.0459627 0.0895071
3 0.850096 0.757504 0.0613675 0.241585
1 0.159919 0.762717 0.0428529 0.0827754
