0 0.364952 0.436327 0.0422892 0.0879857
0 0.256122 0.466272 0.0459509 0.0954638
0 0.471143 0.411211 0.0430858 0.0803626
1 0.788794 0.45748 0.0348818 0.0809109
1 0.728596 0.383364 0.031471 0.0614313
0 0.144881 0.385271 0.0294107 0.0636435
4 0.905829 0.461252 0.0513275 0.102019
1 0.295386 0.635738 0.0594848 0.11417
1 0.362336 0.300463 0.0278437 0.0666826
1 0.53713 0.292824 0.0274042 0.0484989
1 0.780408 0.364313 0.0311741 0.0588618
1 0.4164 0.239687 0.0256273 0.0510563
1 0.705814 0.319568 0.0254187 0.0593789
1 0.677219 0.384443 0.0308711 0.0623422
1 0.474851 0.295503 0.0289742 0.0533819
0 0.528947 0.347286 0.0346256 0.0610338
1 0.29112 0.309851 0.0291843 0.0618759
1 0.505615 0.254655 0.0207974 0.0473693
1 0.6388 0.283889 0.0234009 0.0520664
1 0.166314 0.248903 0.0235356 0.0527561
0 0.39838 0.363234 0.0362916 0.0703579
1 0.227253 0.325841 0.0286543 0.0631609
0 0.214652 0.252245 0.0238437 0.0483521
1 0.541858 0.24457 0.0202079 0.0455132
1 0.85545 0.48105 0.0406403 0.0766831
4 0.552653 0.567939 0.0604016 0.109505
0 0.599653 0.410197 0.0378844 0.0725761
1 0.737114 0.51669 0.0406479 0.0820082
1 0.246207 0.372972 0.0333797 0.0666141
4 0.854758 0.490682 0.0447254 0.0953036
1 0.653031 0.321957 0.0263102 0.0551765
4 0.44816 0.601145 0.0564883 0.0983966
1 0.327652 0.355756 0.0311837 0.0734855
1 0.598789 0.408839 0.0344361 0.0707306
1 0.588612 0.26495 0.0247921 0.0760742
0 0.447453 0.602045 0.0568051 0.100978
