0 0.387449 0.608676 0.0574001 0.120808
0 0.677791 0.494956 0.0467387 0.0924634
1 0.339112 0.271683 0.0262731 0.055879
1 0.168552 0.424182 0.042448 0.0911592
1 0.695273 0.584157 0.0520428 0.108739
1 0.418509 0.44583 0.0474719 0.0939021
1 0.795807 0.486138 0.0433927 0.0944519
0 0.796422 0.308928 0.0438417 0.0919853
1 0.365148 0.239409 0.0282655 0.0559503
1 0.495788 0.308904 0.0307375 0.0689441
1 0.0510641 0.513939 0.0502971 0.099946
0 0.218362 0.38394 0.0372813 0.0752363
1 0.47974 0.375385 0.0379856 0.0806316
1 0.424774 0.304198 0.0345651 0.0771071
1 0.270196 0.253357 0.030302 0.0608816
0 0.669879 0.346359 0.0353563 0.0718578
1 0.0863232 0.401496 0.0439547 0.0934305
0 0.783521 0.403881 0.0433802 0.0830749
0 0.308814 0.255388 0.0272142 0.0596085
0 0.376043 0.38666 0.0396345 0.0805251
1 0.333305 0.434458 0.0452064 0.0988431
1 0.7339 0.315082 0.0323374 0.0667156
0 0.228261 0.31919 0.0344669 0.0663327
1 0.460697 0.286894 0.0302322 0.0678513
0 0.688684 0.39183 0.0428917 0.0855583
0 0.267629 0.565015 0.0527477 0.103769
0 0.828747 0.623542 0.0593123 0.135529
1 0.718842 0.26413 0.0317239 0.0662514
1 0.294645 0.318075 0.0356383 0.0662468
0 0.658276 0.26937 0.0313443 0.062514
0 0.734958 0.317692 0.0348131 0.0705515
1 0.368369 0.18077 0.0284756 0.0572829
1 0.828949 0.623733 0.0585354 0.139476
