0 0.230632 0.361589 0.0441246 0.102138
0 0.612568 0.389927 0.0582596 0.125582
0 0.154132 0.425043 0.0555245 0.114593
2 0.0538946 0.63811 0.10728 0.708525
0 0.808743 0.170719 0.0353394 0.082901
1 0.388892 0.422521 0.0481586 0.105735
0 0.408388 0.210185 0.0311122 0.0783625
0 0.504721 0.252343 0.0359641 0.0837538
0 0.37973 0.26833 0.0354907 0.0841263
0 0.533649 0.220138 0.0320008 0.0778214
0 0.52819 0.433056 0.0648073 0.159032
0 0.839496 0.230278 0.0372879 0.0809127
0 0.670251 0.197454 0.0364565 0.0861245
0 0.8257 0.29461 0.0422584 0.0891955
0 0.70111 0.162144 0.0333066 0.0834817
4 0.910108 0.521912 0.0550201 0.156033
0 0.655209 0.282582 0.0427944 0.0926324
0 0.471258 0.176161 0.0263803 0.066246
1 0.879953 0.402866 0.0501175 0.125179
0 0.227881 0.236854 0.0363408 0.0747562
0 0.0459941 0.348376 0.0553554 0.112787
0 0.574807 0.167026 0.0275864 0.0694455
0 0.267696 0.196473 0.0437492 0.0786887
0 0.409651 0.34849 0.0463719 0.0949418
0 0.134963 0.204532 0.034363 0.0841402
0 0.476143 0.175331 0.0288965 0.0687589
1 0.0943069 0.227771 0.0332612 0.0818635
0 0.49402 0.145179 0.0209171 0.0540089
