0 0.403791 0.605016 0.0702267 0.122096
0 0.847916 0.649249 0.0602129 0.130085
0 0.692227 0.49187 0.0544391 0.110733
0 0.0538283 0.544235 0.0649683 0.109068
0 0.828522 0.537789 0.051841 0.0924686
0 0.358141 0.442526 0.048445 0.0979573
0 0.442191 0.333881 0.0365387 0.0772404
0 0.721106 0.694268 0.0720163 0.132468
0 0.789279 0.418967 0.0486158 0.0882669
0 0.229208 0.381746 0.0391384 0.0744744
2 0.520759 0.435888 0.071624 0.429723
1 0.381439 0.230567 0.0309337 0.0628763
1 0.285174 0.261246 0.0284262 0.064193
0 0.238935 0.314758 0.0324797 0.0682617
1 0.701967 0.369066 0.0397055 0.0814574
1 0.178699 0.432119 0.0440204 0.0888061
0 0.778122 0.347553 0.0358424 0.0698457
1 0.353659 0.266982 0.0284041 0.0572228
1 0.399926 0.365553 0.0349942 0.0755675
3 0.437146 0.459529 0.062438 0.100461
0 0.745548 0.313538 0.0290249 0.0719646
1 0.311679 0.318591 0.0342856 0.064963
0 0.179671 0.430567 0.0435865 0.0891069
1 0.10303 0.400847 0.0463002 0.0975502
1 0.437047 0.459736 0.0538081 0.103163
