3 0.649285 0.427669 0.069112 0.173358
2 0.528834 0.581026 0.105245 0.611061
1 0.869867 0.702187 0.0592037 0.12278
3 0.765091 0.8038 0.0845801 0.147651
1 0.798268 0.608531 0.0526018 0.116773
1 0.760229 0.485118 0.0428666 0.075692
4 0.259575 0.628563 0.0575661 0.101414
4 0.285125 0.545514 0.0523982 0.0959009
1 0.703746 0.703518 0.0544611 0.115717
1 0.230367 0.728061 0.0613546 0.115434
4 0.293966 0.474492 0.0528808 0.0865214
1 0.380661 0.803085 0.0692856 0.13005
3 0.186906 0.839103 0.0895774 0.150676
4 0.0449486 0.498386 0.0520987 0.106445
4 0.672784 0.631131 0.0491317 0.102909
0 0.942212 0.820254 0.06502 0.151907
1 0.942733 0.82158 0.0676214 0.150862
1 0.763047 0.558441 0.0442697 0.0983657
4 0.978689 0.514446 0.0423896 0.107958
3 0.394019 0.590851 0.0578473 0.108569
1 0.0454683 0.497793 0.050971 0.104379
1 0.650989 0.547759 0.0460396 0.099246
