2 0.317518 0.491337 0.0845945 0.291536
2 0.0602308 0.641316 0.0943811 0.653509
1 0.644441 0.908649 0.0939453 0.181764
1 0.164726 0.877334 0.0944657 0.186973
1 0.254444 0.73201 0.068125 0.13253
1 0.636177 0.738479 0.0640115 0.120857
1 0.400149 0.880979 0.100233 0.18093
1 0.447584 0.725491 0.0777799 0.130518
1 0.279977 0.614193 0.0691735 0.11711
2 0.60575 0.416042 0.0801013 0.338467
1 0.455055 0.601861 0.0657828 0.115777
4 0.857428 0.598836 0.104295 0.145844
1 0.627285 0.636915 0.0614475 0.0971063
1 0.579344 0.550099 0.0463949 0.0882825
4 0.983474 0.676618 0.0329994 0.139748
1 0.985599 0.675161 0.0286552 0.131846
