0 0.336392 0.494579 0.0579626 0.142761
2 0.520095 0.280087 0.0703151 0.506894
0 0.215637 0.49673 0.0479764 0.122753
0 0.726284 0.365266 0.0416279 0.0992193
0 0.029412 0.50133 0.0588239 0.11497
0 0.291458 0.299515 0.0400647 0.081097
0 0.160637 0.261243 0.0379499 0.0861139
0 0.064923 0.29343 0.0408967 0.0879712
0 0.966199 0.405799 0.0612257 0.099296
0 0.965793 0.534884 0.0637752 0.11535
0 0.167485 0.134032 0.0349682 0.0782871
0 0.260771 0.36309 0.0418489 0.0994139
0 0.269984 0.0942688 0.0304455 0.0701413
0 0.208843 0.0858181 0.0325529 0.0748555
0 0.237219 0.150526 0.0341952 0.0698265
0 0.115725 0.368524 0.050622 0.0977291
0 0.209488 0.200391 0.0347914 0.0742831
0 0.399006 0.26054 0.0345408 0.0818518
0 0.364802 0.329086 0.0420154 0.0890017
0 0.703458 0.2839 0.0377199 0.0780509
0 0.805003 0.141985 0.0294077 0.0726632
0 0.589416 0.190861 0.036746 0.0776033
0 0.733351 0.154156 0.0302576 0.0667395
0 0.404108 0.179007 0.0328229 0.0662059
0 0.640638 0.376483 0.0421882 0.0997273
0 0.600929 0.27767 0.0391814 0.0912639
0 0.786091 0.553614 0.0560567 0.115317
0 0.130508 0.196626 0.0353657 0.0756638
0 0.762769 0.103623 0.0292438 0.0655452
0 0.334475 0.151407 0.0327026 0.0652157
0 0.758009 0.216655 0.0305249 0.0727277
0 0.620605 0.114567 0.0271874 0.0636595
0 0.320907 0.216862 0.0338838 0.0679464
0 0.648034 0.142468 0.0298889 0.0689281
0 0.808318 0.279474 0.0412046 0.0885505
0 0.836543 0.195837 0.0368729 0.0777762
0 0.02197 0.310883 0.0422879 0.105716
0 0.674413 0.203516 0.0373514 0.0729188
0 0.421145 0.0820677 0.027275 0.0619044
0 0.705414 0.114708 0.0220224 0.0548639
