0 0.210883 0.458491 0.0503699 0.113586
0 0.364774 0.503491 0.059459 0.12451
0 0.254689 0.357579 0.0430034 0.101208
0 0.802146 0.538381 0.0574192 0.120466
0 0.304531 0.195196 0.0336183 0.0689705
0 0.362509 0.341104 0.0444845 0.0930898
0 0.266465 0.102838 0.0299701 0.0644339
0 0.598152 0.272385 0.0396736 0.0917924
0 0.677065 0.539944 0.0539997 0.111272
0 0.0197561 0.506072 0.0394764 0.0991923
0 0.644315 0.367383 0.0483171 0.102581
2 0.422622 0.413742 0.0938357 0.454974
0 0.241488 0.143154 0.0331142 0.06765
0 0.735081 0.373306 0.0450574 0.0964165
0 0.208264 0.182734 0.0297797 0.0741372
0 0.697429 0.282482 0.0439488 0.0866181
0 0.120638 0.17021 0.0332619 0.0806747
0 0.596891 0.201058 0.0324677 0.058522
0 0.865083 0.355052 0.0466221 0.0980331
4 0.129107 0.334305 0.0442309 0.0898714
0 0.620299 0.111363 0.0282654 0.0589023
1 0.0307279 0.318893 0.0501023 0.101356
0 0.828095 0.19811 0.0353664 0.0766933
1 0.424956 0.0821419 0.0294388 0.0581367
0 0.169553 0.250063 0.0397437 0.0799799
0 0.596121 0.160804 0.0309843 0.056042
0 0.349083 0.139502 0.0303489 0.0610631
0 0.29929 0.260586 0.0404542 0.0814833
0 0.348003 0.210603 0.0409526 0.0839204
0 0.807202 0.293083 0.0410061 0.078184
0 0.97844 0.525856 0.0430416 0.110688
0 0.171208 0.117712 0.0314256 0.0704408
0 0.960468 0.360776 0.0526678 0.101009
0 0.660496 0.196152 0.0337498 0.060496
1 0.0760922 0.241545 0.0425439 0.0877665
0 0.896719 0.282125 0.0418085 0.084559
