3 0.489658 0.513242 0.117 0.22109
3 0.449469 0.323497 0.0988508 0.138771
2 0.650223 0.546406 0.196505 0.755396
3 0.88468 0.516547 0.116803 0.309359
3 0.112708 0.250174 0.0833909 0.147787
3 0.0624763 0.443684 0.123779 0.169846
3 0.302428 0.376955 0.121318 0.191244
3 0.784359 0.299008 0.0851283 0.142907
1 0.278287 0.233227 0.0484237 0.088719
1 0.331257 0.254549 0.0497018 0.0847098
3 0.979168 0.295299 0.0414612 0.168108
4 0.844087 0.298148 0.0639433 0.100563
3 0.769556 0.301054 0.0585408 0.148714
1 0.563797 0.226842 0.0423706 0.0837322
