0 0.349927 0.261926 0.0824817 0.137008
0 0.0434917 0.0858685 0.0676917 0.125216
0 0.689192 0.344932 0.095715 0.208509
0 0.315158 0.446462 0.112583 0.247274
0 0.262037 0.152107 0.0726937 0.160628
0 0.399357 0.0586567 0.0544169 0.10373
0 0.914884 0.304123 0.0956933 0.132221
0 0.900925 0.470399 0.100925 0.218297
0 0.537744 0.567863 0.129439 0.258095
0 0.0263671 0.249572 0.0527341 0.196798
0 0.319558 0.0601578 0.0588839 0.0964154
0 0.880007 0.147407 0.0706291 0.116189
1 0.675198 0.163221 0.0710351 0.149547
0 0.519948 0.121937 0.0670095 0.140317
0 0.675215 0.163638 0.0714205 0.148035
