2 0.102495 0.583889 0.123399 0.498856
1 0.647344 0.909859 0.0942251 0.180283
1 0.450103 0.734695 0.0741505 0.127429
1 0.253205 0.743493 0.07641 0.152289
1 0.405195 0.881576 0.0958935 0.181803
4 0.861182 0.596501 0.0981717 0.141951
4 0.447704 0.59966 0.0699004 0.131601
1 0.182357 0.881028 0.0805345 0.167112
4 0.626121 0.747347 0.0662567 0.130229
1 0.286477 0.606956 0.0645903 0.125003
4 0.5874 0.553261 0.0547869 0.103874
0 0.0138981 0.528726 0.0277963 0.131799
4 0.982619 0.677485 0.0346415 0.152195
1 0.627973 0.638967 0.0588021 0.10191
0 0.358077 0.539463 0.0529439 0.105199
1 0.984297 0.676966 0.0312506 0.142031
