2 0.198943 0.555631 0.0983497 0.477428
1 0.449662 0.728009 0.0752798 0.126019
1 0.642432 0.90999 0.0973518 0.18002
1 0.413884 0.880478 0.0986628 0.17579
2 0.308227 0.552057 0.0924606 0.407976
1 0.260499 0.734921 0.0734434 0.144201
1 0.177109 0.890019 0.0958887 0.162986
4 0.861999 0.597124 0.0901714 0.133574
1 0.453126 0.606323 0.0623631 0.110982
4 0.630634 0.746822 0.0649617 0.129178
1 0.633125 0.636435 0.0559422 0.0992305
4 0.579277 0.555988 0.0496388 0.10301
4 0.983095 0.67701 0.0338104 0.144894
1 0.0159341 0.533909 0.0318681 0.118491
0 0.0149835 0.534559 0.0299669 0.112092
