2 0.365739 0.805327 0.0596708 0.222512
1 0.446803 0.399412 0.0810647 0.211198
1 0.207358 0.172966 0.0288085 0.100127
3 0.0998724 0.34806 0.0549855 0.21209
0 0.0126266 0.199674 0.0252532 0.094504
1 0.0853684 0.202756 0.0417455 0.0981912
1 0.43438 0.240626 0.0360185 0.10534
1 0.35922 0.934638 0.045052 0.0959889
3 0.0273363 0.365594 0.0461333 0.261587
1 0.212119 0.181177 0.0289076 0.0964318
1 0.375067 0.288375 0.053228 0.131088
3 0.0436053 0.371714 0.0747481 0.269454
1 0.691847 0.447577 0.0899988 0.244053
3 0.449959 0.133432 0.0514765 0.147504
1 0.79815 0.406007 0.0678471 0.162849
1 0.134229 0.213141 0.0392946 0.100535
1 0.173097 0.323864 0.0624643 0.164057
1 0.789558 0.270409 0.0424552 0.110853
1 0.556902 0.175602 0.0305058 0.0872097
