1 0.28665 0.7914 0.0955363 0.171872
1 0.326042 0.563653 0.0720309 0.140167
1 0.129521 0.584876 0.0742359 0.14984
1 0.689096 0.550759 0.0693468 0.143735
1 0.189315 0.415492 0.0521848 0.101932
1 0.844434 0.763686 0.0800495 0.157635
1 0.314998 0.432829 0.0553207 0.103095
1 0.0635406 0.856904 0.115879 0.179193
1 0.889674 0.529019 0.0684834 0.128311
1 0.248605 0.287736 0.0453914 0.0850371
0 0.748562 0.400905 0.0520468 0.110328
1 0.658027 0.418819 0.0644626 0.114632
1 0.598217 0.331763 0.0444609 0.0790329
1 0.221027 0.370643 0.0447142 0.0867442
2 0.425665 0.256669 0.0641998 0.440218
4 0.829965 0.283491 0.0433403 0.102628
1 0.652164 0.249286 0.0369023 0.0771032
1 0.986562 0.414641 0.0266891 0.106643
1 0.565685 0.273208 0.0372007 0.0725908
1 0.693546 0.321958 0.0474723 0.0980628
4 0.890683 0.332821 0.0435075 0.090646
4 0.324785 0.301329 0.0565275 0.0854281
1 0.333735 0.368923 0.0438579 0.0847927
