4 0.448767 0.570367 0.0716305 0.123857
4 0.0845837 0.511445 0.0721669 0.113296
4 0.25873 0.581023 0.0857555 0.160995
4 0.3455 0.442255 0.0588244 0.113771
0 0.715169 0.365061 0.0433192 0.086188
0 0.118469 0.703275 0.0912962 0.15046
0 0.818096 0.413326 0.0437048 0.0943073
4 0.188889 0.363564 0.0519065 0.094508
4 0.29783 0.369149 0.0530818 0.087056
0 0.602699 0.318113 0.043293 0.0798007
0 0.829875 0.332017 0.032361 0.0667062
0 0.252158 0.331052 0.0410591 0.0930278
2 0.708659 0.259626 0.0552491 0.164761
1 0.189168 0.25746 0.0282351 0.0674979
0 0.869102 0.322065 0.0342911 0.0699709
4 0.411663 0.288686 0.0367658 0.0778406
0 0.975318 0.347 0.0402237 0.0771543
4 0.146337 0.346472 0.0481479 0.0792521
4 0.474709 0.26076 0.0369291 0.0720395
0 0.545919 0.317267 0.0423988 0.0758457
0 0.364784 0.274743 0.0297291 0.0553393
0 0.762431 0.443821 0.0433353 0.0985873
1 0.812039 0.264893 0.0312664 0.0679545
0 0.774072 0.280696 0.0255405 0.0608366
0 0.92467 0.358639 0.0391805 0.0780639
4 0.217724 0.471577 0.0637284 0.100955
1 0.709622 0.259416 0.0535488 0.162377
0 0.217649 0.470947 0.0641627 0.0993259
1 0.569728 0.208112 0.0242281 0.0552287
4 0.477429 0.341475 0.0427216 0.0835274
0 0.910559 0.291144 0.0322157 0.0656377
4 0.0608898 0.348841 0.0454081 0.0812458
4 0.331779 0.243019 0.0318961 0.0712837
0 0.655647 0.381559 0.047086 0.101106
0 0.673568 0.481846 0.0469663 0.101359
4 0.653506 0.382708 0.0494569 0.104495
0 0.52704 0.225598 0.0292875 0.0585844
0 0.54921 0.396969 0.051213 0.0999827
1 0.748349 0.179663 0.0292377 0.0674429
4 0.216989 0.285862 0.0319232 0.0688424
4 0.118766 0.272978 0.030391 0.065637
1 0.216107 0.28265 0.0299605 0.0618039
0 0.666529 0.252108 0.0321514 0.0677293
1 0.636417 0.232398 0.0248843 0.0586074
4 0.549369 0.397149 0.0502514 0.10146
0 0.602465 0.24162 0.031824 0.0637982
1 0.432544 0.229171 0.0273342 0.0606951
