0 0.952023 0.462393 0.093969 0.233622
0 0.856296 0.383897 0.0573555 0.14884
0 0.456462 0.429504 0.0857543 0.214563
0 0.455345 0.252937 0.0297794 0.0782901
0 0.41198 0.266162 0.0341421 0.0876919
0 0.585815 0.304023 0.0467613 0.157727
0 0.0664746 0.30798 0.0436173 0.111369
1 0.72672 0.509239 0.136778 0.371833
0 0.646752 0.332623 0.0722901 0.196038
0 0.824571 0.283237 0.0414364 0.103344
0 0.886958 0.288867 0.044492 0.105472
0 0.381842 0.310056 0.0392636 0.109285
0 0.726789 0.509208 0.137048 0.372955
0 0.71835 0.267488 0.0572842 0.106691
0 0.526986 0.254607 0.0299886 0.0851776
0 0.216332 0.329008 0.0522913 0.140043
