3 0.0746507 0.600221 0.134811 0.281093
2 0.589544 0.515895 0.0636509 0.190702
4 0.8075 0.718442 0.0607855 0.189761
1 0.686755 0.746505 0.0725182 0.117374
1 0.598486 0.678419 0.0529055 0.165142
2 0.781204 0.504736 0.051674 0.168121
3 0.700122 0.597157 0.0748387 0.122263
1 0.69785 0.898026 0.106034 0.178274
3 0.441102 0.650316 0.0569903 0.170284
3 0.349636 0.57807 0.0727235 0.141913
1 0.521941 0.686758 0.0650285 0.102607
1 0.887393 0.633145 0.0568294 0.111365
1 0.533276 0.603829 0.0357889 0.0683676
3 0.356966 0.749599 0.0883472 0.204629
4 0.956055 0.671314 0.0388843 0.0783982
1 0.875571 0.736026 0.0594955 0.104012
