1 0.541829 0.924484 0.110291 0.151032
2 0.340347 0.502011 0.110225 0.315796
1 0.346715 0.691006 0.0911857 0.124704
2 0.585193 0.62502 0.146222 0.366711
1 0.253861 0.741632 0.0904109 0.139774
1 0.0941246 0.73016 0.0884161 0.150577
1 0.61116 0.778611 0.0818441 0.136822
1 0.185189 0.830348 0.0864986 0.143279
1 0.71651 0.956635 0.0916942 0.0867294
1 0.161332 0.689487 0.0818768 0.121087
0 0.0809389 0.888023 0.111732 0.171676
1 0.860957 0.759287 0.0865955 0.111174
1 0.871873 0.885083 0.0918811 0.156573
4 0.160862 0.689031 0.081283 0.118306
