3 0.0738978 0.644223 0.138465 0.399562
2 0.593679 0.509053 0.0629102 0.203416
1 0.688535 0.741057 0.0714787 0.127609
1 0.699433 0.895518 0.102567 0.180535
3 0.699931 0.587385 0.074951 0.117935
1 0.596639 0.677294 0.0535754 0.163092
2 0.782878 0.499258 0.0529709 0.17371
1 0.519792 0.684205 0.0646915 0.104073
1 0.233202 0.672108 0.0515401 0.140341
3 0.356048 0.743375 0.0881423 0.203675
4 0.810848 0.711981 0.0629043 0.186005
1 0.597859 0.653665 0.0506314 0.117184
3 0.349992 0.561195 0.0653085 0.146805
1 0.891842 0.620422 0.052242 0.101037
3 0.279087 0.558971 0.0582126 0.150225
2 0.907583 0.507096 0.0547585 0.174188
1 0.531933 0.595573 0.037205 0.0748804
1 0.353111 0.743079 0.0830871 0.209824
3 0.433866 0.703941 0.051576 0.129014
