4 0.129521 0.682281 0.0963329 0.14558
0 0.453589 0.574022 0.0662753 0.120348
4 0.0872377 0.516524 0.0761157 0.1151
0 0.214502 0.476822 0.0610052 0.09745
0 0.713787 0.359129 0.0437529 0.0846368
4 0.264652 0.583531 0.084997 0.155417
1 0.825064 0.41346 0.0399437 0.0870928
4 0.188131 0.362271 0.0459321 0.0875861
0 0.5494 0.395518 0.0451918 0.0922308
2 0.765951 0.319617 0.0565479 0.253471
0 0.83113 0.331188 0.0298822 0.0642226
4 0.298185 0.3576 0.0489063 0.0801671
0 0.674973 0.483633 0.0505128 0.11017
0 0.868154 0.324879 0.0324078 0.0702177
0 0.973787 0.347187 0.0396179 0.076309
0 0.603574 0.313799 0.0404194 0.073669
4 0.144277 0.348485 0.048593 0.0746053
0 0.664047 0.254933 0.0288987 0.0629763
4 0.413988 0.286856 0.0389961 0.0842287
1 0.764858 0.317958 0.0560853 0.259803
4 0.651679 0.377987 0.0474688 0.0936253
0 0.477163 0.267686 0.0348839 0.0651154
4 0.328789 0.23968 0.0321601 0.0701807
0 0.639144 0.234936 0.0263667 0.0602187
1 0.213323 0.288514 0.0273145 0.0619158
0 0.342629 0.450021 0.0530588 0.106625
1 0.537105 0.276125 0.0315021 0.0614032
0 0.364962 0.275224 0.0313039 0.0589336
0 0.922214 0.354669 0.0378391 0.0783979
4 0.254269 0.319184 0.0412302 0.0891634
1 0.0616348 0.359412 0.0377975 0.0735327
0 0.900974 0.283002 0.0297754 0.0623657
4 0.812636 0.243799 0.0343661 0.0709263
4 0.0621801 0.359165 0.0393817 0.0722812
1 0.342657 0.450148 0.0533357 0.107699
0 0.476758 0.341532 0.0440186 0.0840006
0 0.253098 0.320598 0.0415519 0.0898623
4 0.0532349 0.288941 0.0293929 0.0612317
0 0.653266 0.37779 0.0449284 0.0916311
0 0.698797 0.263958 0.028383 0.0621613
0 0.60961 0.21092 0.0256407 0.0587724
4 0.152447 0.293281 0.0382575 0.0593794
4 0.188775 0.266443 0.0282834 0.0683898
0 0.0619158 0.36074 0.0411006 0.0768572
0 0.599018 0.242147 0.0344916 0.0635491
0 0.115342 0.276302 0.0303907 0.0641985
