0 0.45442 0.575631 0.0649137 0.114649
4 0.269222 0.583846 0.082432 0.152882
1 0.121166 0.694508 0.0898764 0.146799
0 0.549326 0.395949 0.0453438 0.0915496
0 0.0849569 0.536819 0.0610241 0.104692
0 0.604422 0.314979 0.0371881 0.0718518
4 0.190861 0.361577 0.053548 0.0944041
0 0.714105 0.361738 0.0491727 0.0883591
4 0.414946 0.289645 0.0405676 0.0835556
1 0.919851 0.349638 0.0349194 0.0760814
4 0.810533 0.248365 0.0367289 0.0775011
0 0.0880089 0.432402 0.0495917 0.0845519
0 0.0576487 0.363771 0.0386788 0.0768265
4 0.650798 0.38202 0.0485807 0.0943957
4 0.143988 0.343898 0.0513486 0.0792064
0 0.868198 0.32523 0.0332311 0.0697201
0 0.975889 0.347066 0.0396187 0.0749215
0 0.673537 0.479676 0.0553731 0.115366
2 0.58083 0.227791 0.0443705 0.156064
0 0.217192 0.469849 0.0588078 0.100253
0 0.904081 0.286697 0.0297441 0.0643139
0 0.832933 0.432064 0.0445564 0.0887726
0 0.664475 0.25982 0.0302258 0.0653925
0 0.831142 0.331376 0.0307539 0.0662949
4 0.311516 0.366223 0.0477802 0.0878607
1 0.535666 0.274723 0.0287149 0.0582274
0 0.636776 0.237251 0.0241859 0.0557722
0 0.366334 0.277023 0.0331052 0.0650986
0 0.476065 0.268669 0.0350365 0.0653431
1 0.213849 0.290576 0.0300592 0.0665769
0 0.11547 0.27689 0.0329761 0.0676586
0 0.74311 0.279194 0.0326758 0.0684656
0 0.342721 0.446842 0.0530533 0.109449
1 0.342796 0.447571 0.0521473 0.110262
4 0.256523 0.323641 0.041168 0.0914347
0 0.761779 0.459409 0.03765 0.0792175
0 0.188554 0.267295 0.0281721 0.0698075
4 0.480213 0.341618 0.0428011 0.0901305
0 0.562478 0.328073 0.0351655 0.0610917
4 0.215271 0.291207 0.0308212 0.0681593
0 0.120391 0.696031 0.0931108 0.14835
0 0.480148 0.341347 0.0435572 0.0876446
0 0.0450872 0.302243 0.0358185 0.0653321
4 0.773864 0.278592 0.0308234 0.0655527
0 0.330898 0.238744 0.0305908 0.0607669
