0 0.45369 0.576647 0.0638979 0.114478
4 0.128666 0.684712 0.0942592 0.140214
4 0.346334 0.444531 0.0587614 0.109504
4 0.260636 0.590527 0.0797297 0.16273
4 0.0839578 0.513161 0.0687168 0.110516
0 0.715226 0.355465 0.0423903 0.0835249
0 0.824578 0.421147 0.0465065 0.093035
4 0.187474 0.358666 0.049589 0.0895498
0 0.671499 0.480985 0.0515058 0.110325
4 0.298759 0.367084 0.0515728 0.0872363
0 0.550038 0.394418 0.0447158 0.0912796
4 0.469241 0.336481 0.0421368 0.0848215
0 0.830722 0.33067 0.0322487 0.0683906
1 0.924361 0.376874 0.0728783 0.312464
0 0.605295 0.314748 0.037648 0.0723476
0 0.663316 0.254678 0.0290169 0.0601744
0 0.254236 0.330789 0.0389844 0.0891961
0 0.218089 0.468115 0.0585808 0.095088
0 0.663986 0.398895 0.0429958 0.0800771
0 0.867549 0.323225 0.0330147 0.073011
0 0.738247 0.279427 0.0289802 0.0613269
0 0.97956 0.343736 0.0339531 0.0717472
1 0.213976 0.283795 0.0268531 0.0595996
1 0.536028 0.274027 0.0320077 0.0621433
0 0.364277 0.277143 0.031278 0.0549381
0 0.112109 0.276217 0.0276589 0.0570515
4 0.14333 0.345315 0.0445446 0.0732245
4 0.409893 0.288299 0.0358513 0.0774196
0 0.771434 0.28209 0.0281372 0.0609157
1 0.475844 0.260761 0.0342306 0.0703326
1 0.528304 0.216968 0.0255507 0.054402
1 0.187283 0.265297 0.0282634 0.0665953
1 0.569148 0.208502 0.0242466 0.056201
0 0.758117 0.455415 0.0458018 0.0943157
4 0.331405 0.237893 0.0297235 0.0664118
1 0.636729 0.231438 0.0250333 0.056461
4 0.0615108 0.358518 0.0411393 0.0724042
0 0.698297 0.265158 0.0281348 0.0620659
4 0.2157 0.287034 0.0298506 0.0667833
