0 0.124011 0.699171 0.0848311 0.14227
0 0.0827368 0.51982 0.064367 0.105945
0 0.286742 0.632625 0.0932286 0.141715
0 0.5501 0.398375 0.0423824 0.0909216
2 0.868839 0.358383 0.0537663 0.290508
4 0.188727 0.36269 0.0468375 0.0918198
0 0.222613 0.475456 0.0622752 0.109017
4 0.447844 0.558975 0.0648616 0.119721
2 0.605719 0.182669 0.0305199 0.150785
4 0.0860155 0.41591 0.0546253 0.0822393
1 0.921672 0.349515 0.0336258 0.070531
1 0.811991 0.263386 0.0265906 0.0629084
4 0.143354 0.343203 0.0450378 0.0763159
1 0.812163 0.396058 0.0384057 0.0793082
1 0.111182 0.269513 0.0257481 0.0588748
1 0.249684 0.317864 0.0366214 0.0837384
1 0.666745 0.259405 0.0269791 0.0575384
1 0.706477 0.339317 0.0339006 0.0721638
1 0.772033 0.278799 0.0255184 0.0576183
1 0.567815 0.206279 0.0220804 0.0512844
0 0.540775 0.324518 0.0397297 0.0720339
0 0.604887 0.311758 0.0376015 0.0737905
4 0.417559 0.286241 0.0338626 0.0704714
1 0.647423 0.363176 0.0416868 0.0828483
1 0.638481 0.230141 0.0227859 0.0511186
1 0.471617 0.261553 0.0312988 0.0681033
1 0.535207 0.270047 0.0300688 0.0552913
4 0.328567 0.238583 0.0309709 0.0712392
1 0.736352 0.28949 0.0259501 0.0587264
4 0.364469 0.267676 0.0324018 0.0593397
1 0.532639 0.219553 0.0237612 0.049242
1 0.86964 0.354666 0.0558301 0.285797
4 0.340192 0.44372 0.0497065 0.0991632
0 0.301113 0.369369 0.0452648 0.0825579
4 0.184369 0.258514 0.0273635 0.0639542
0 0.471062 0.341756 0.0414184 0.0802198
4 0.647189 0.363763 0.0427647 0.0838062
4 0.699569 0.463762 0.0497249 0.0950268
1 0.829345 0.333084 0.0308022 0.063167
4 0.75956 0.439744 0.0378162 0.0971457
1 0.759407 0.437369 0.0372941 0.091956
0 0.0344645 0.320765 0.0328157 0.0705361
1 0.971694 0.342522 0.0374306 0.0732751
4 0.0642795 0.344869 0.0397654 0.0682223
4 0.472355 0.344028 0.0434218 0.0863103
1 0.697837 0.249785 0.0249822 0.0571875
4 0.207351 0.288639 0.0289136 0.0613994
4 0.973211 0.343473 0.0384155 0.0753601
