2 0.805734 0.29559 0.0628458 0.185526
0 0.0939558 0.522491 0.0644214 0.103242
4 0.451201 0.555097 0.063418 0.113301
0 0.548986 0.399184 0.0429693 0.0920897
4 0.651076 0.376215 0.0443394 0.0960469
0 0.285335 0.631723 0.0861959 0.140606
0 0.223663 0.486784 0.0619874 0.105303
1 0.818394 0.401679 0.037875 0.0786832
4 0.142961 0.342106 0.0445762 0.0778509
4 0.0817065 0.420563 0.0607398 0.0861664
1 0.131469 0.677402 0.0776668 0.135278
1 0.904429 0.311127 0.0255215 0.0586654
0 0.469274 0.343284 0.0404863 0.0742522
4 0.700253 0.467014 0.0526521 0.10718
1 0.568843 0.205081 0.0213226 0.0490638
2 0.966966 0.365996 0.0654501 0.278564
0 0.540869 0.326978 0.0394135 0.0731455
1 0.736448 0.28998 0.0265768 0.0613814
1 0.113321 0.268978 0.0267698 0.0601411
0 0.604509 0.31179 0.0395432 0.0783941
4 0.763865 0.444656 0.0417605 0.0969863
0 0.662022 0.256722 0.030197 0.0624782
1 0.190153 0.363188 0.0411941 0.0878822
0 0.248882 0.329583 0.0363665 0.0865779
1 0.415167 0.283117 0.0323785 0.0714534
4 0.705428 0.3401 0.0352057 0.0736233
1 0.185861 0.250884 0.0265719 0.0586928
1 0.534033 0.219237 0.0246319 0.0493708
0 0.304315 0.362734 0.0405007 0.0828669
1 0.532861 0.27224 0.0306395 0.0585586
0 0.869681 0.322559 0.0302109 0.0640594
4 0.364086 0.26762 0.0307244 0.0582703
0 0.470895 0.274598 0.0321707 0.0595153
1 0.637431 0.229012 0.0241098 0.0541763
4 0.207779 0.290931 0.0293159 0.0620718
4 0.0657103 0.345711 0.0427896 0.0688581
0 0.131422 0.676821 0.0793096 0.136315
1 0.0518204 0.280599 0.0275667 0.0605843
1 0.921051 0.360895 0.0363673 0.0830417
1 0.248402 0.329333 0.0366996 0.0878186
1 0.0652153 0.347758 0.0420045 0.0685336
1 0.470948 0.274101 0.0319477 0.0634136
1 0.768512 0.281201 0.0274369 0.0626935
