2 0.372041 0.348567 0.0656721 0.333715
0 0.27151 0.615815 0.0851566 0.136599
0 0.445426 0.566945 0.0609549 0.115222
0 0.212761 0.459166 0.0575025 0.107525
0 0.0719496 0.534363 0.0598768 0.0997511
4 0.320114 0.439991 0.058346 0.115932
0 0.551934 0.40138 0.0404838 0.089289
0 0.257287 0.348769 0.0398056 0.0880451
2 0.160746 0.296686 0.0629007 0.241291
1 0.215083 0.287508 0.0283657 0.0645984
1 0.113141 0.269757 0.0264343 0.0597409
1 0.564621 0.205884 0.0222991 0.0531513
0 0.829056 0.331909 0.0315613 0.0655027
1 0.662632 0.25248 0.0256917 0.0552642
1 0.5319 0.271762 0.0287659 0.0571674
1 0.893601 0.302973 0.0267213 0.0601289
1 0.0798552 0.431126 0.0473925 0.0889627
1 0.811474 0.264642 0.0300594 0.0711811
1 0.732121 0.283872 0.0268845 0.0589309
1 0.772705 0.279834 0.0267784 0.058127
1 0.605203 0.311097 0.0337576 0.067136
0 0.973483 0.34642 0.038647 0.0765831
4 0.751579 0.440764 0.0400236 0.0928217
1 0.692033 0.459182 0.045358 0.0993353
1 0.640839 0.227369 0.0211581 0.0504312
4 0.128039 0.684713 0.0881121 0.143912
1 0.412307 0.280103 0.0264919 0.0656511
1 0.129696 0.682811 0.0833432 0.140083
4 0.8091 0.414459 0.0454548 0.0912157
0 0.187633 0.35812 0.0430762 0.0915812
0 0.709407 0.350249 0.0395449 0.0785057
0 0.47561 0.273988 0.0316999 0.0623113
0 0.46424 0.339146 0.0395233 0.0781341
1 0.925221 0.35552 0.0371221 0.0774308
0 0.864344 0.314781 0.028683 0.0664301
1 0.0674877 0.355312 0.0371608 0.0721506
1 0.187886 0.358828 0.0426262 0.0923426
1 0.605316 0.205947 0.0221764 0.0530856
1 0.301322 0.359684 0.03991 0.0731077
1 0.809904 0.413613 0.0431775 0.0903433
1 0.329592 0.241726 0.0304009 0.0655973
1 0.710486 0.351808 0.0403398 0.0860143
1 0.644777 0.375972 0.0378397 0.083328
