4 0.274664 0.576818 0.0806466 0.155351
0 0.719413 0.36453 0.0429277 0.0803096
0 0.551209 0.390806 0.0432188 0.105074
0 0.222917 0.471206 0.0589328 0.105593
0 0.605092 0.312115 0.0400049 0.0770161
0 0.663462 0.256115 0.0303812 0.064336
0 0.0828159 0.540645 0.0657276 0.0956539
4 0.252711 0.336332 0.0438886 0.0922906
4 0.0976776 0.664759 0.0813983 0.146931
2 0.731064 0.264645 0.050651 0.164534
4 0.324819 0.431916 0.0509346 0.103854
1 0.187281 0.263867 0.0282948 0.0704401
0 0.650647 0.377005 0.0385618 0.0863198
0 0.931661 0.361136 0.0376157 0.0788008
4 0.0600742 0.350836 0.0444345 0.0749816
1 0.903706 0.303332 0.0279094 0.0591357
0 0.827416 0.329013 0.0314415 0.0648342
4 0.089235 0.427952 0.0510616 0.0842619
0 0.694333 0.469408 0.0498514 0.114622
0 0.975546 0.349727 0.0363315 0.0788169
0 0.862278 0.313172 0.0308548 0.0669389
1 0.477984 0.268725 0.0300911 0.0664065
4 0.137702 0.336962 0.0384158 0.0771402
4 0.180439 0.357801 0.0482726 0.0928865
1 0.567125 0.207303 0.0221826 0.0515967
1 0.811387 0.261807 0.0304669 0.0686689
0 0.448404 0.567428 0.0621498 0.116773
1 0.534612 0.272954 0.0307301 0.0606934
1 0.0518479 0.273634 0.0307342 0.0627427
1 0.637532 0.229527 0.0230621 0.0547322
4 0.365411 0.273672 0.0336201 0.0564149
1 0.11135 0.274307 0.026722 0.0576309
2 0.698853 0.206867 0.0337473 0.143989
4 0.328637 0.240855 0.030441 0.0707818
0 0.473472 0.342649 0.0403841 0.0795596
1 0.530661 0.214349 0.023909 0.0518017
1 0.771531 0.28238 0.0295705 0.0636684
1 0.42027 0.28519 0.0337254 0.072566
1 0.448242 0.567609 0.0622755 0.118997
4 0.298447 0.360895 0.0437559 0.080437
0 0.7669 0.433124 0.0450025 0.0922888
1 0.21484 0.294021 0.0295392 0.0675556
0 0.821048 0.425765 0.0445742 0.0940001
4 0.821066 0.424425 0.0434019 0.0897956
1 0.595855 0.236609 0.0279129 0.0586958
1 0.14294 0.275655 0.0303031 0.0648204
