0 0.132027 0.714659 0.081813 0.14968
0 0.698808 0.510338 0.0472534 0.0863515
2 0.622803 0.228404 0.0482026 0.141283
0 0.0949415 0.546493 0.0677062 0.110993
0 0.835657 0.429689 0.0399303 0.0896556
0 0.304343 0.645179 0.0812188 0.148726
0 0.558791 0.40811 0.0439207 0.0834943
0 0.349207 0.466852 0.0543504 0.108617
0 0.224235 0.504094 0.0612061 0.11439
0 0.46357 0.596239 0.0595339 0.100856
0 0.831911 0.33089 0.0330419 0.0626831
0 0.060424 0.383622 0.0488265 0.0805741
0 0.160103 0.350887 0.0405615 0.0752149
0 0.311585 0.391331 0.04698 0.090613
0 0.206589 0.40836 0.0451068 0.0836672
0 0.768953 0.440327 0.0417574 0.0933786
0 0.541444 0.325086 0.0433224 0.0778748
0 0.257992 0.360775 0.0415036 0.0844881
0 0.66307 0.402138 0.0501557 0.0855412
0 0.478246 0.358294 0.0402245 0.0776863
0 0.615471 0.32862 0.0392654 0.0725243
0 0.0870551 0.445569 0.0515151 0.0813437
0 0.942931 0.376516 0.0411087 0.0759595
0 0.675312 0.266265 0.0275185 0.0555304
0 0.476048 0.278054 0.0355976 0.0650913
0 0.213515 0.289658 0.0371232 0.0760538
0 0.726819 0.377111 0.0405695 0.0759991
0 0.371699 0.278436 0.0339071 0.0648826
0 0.877743 0.33875 0.0334396 0.0682243
0 0.782223 0.290826 0.028847 0.062769
0 0.41753 0.289007 0.0365602 0.0782777
0 0.745161 0.301916 0.0324848 0.065432
0 0.829859 0.280016 0.0333477 0.0580214
0 0.716029 0.267113 0.0275604 0.0593256
0 0.529257 0.218585 0.0281363 0.059152
1 0.984115 0.359272 0.0303543 0.0626101
0 0.344013 0.257949 0.0311424 0.0632506
0 0.982965 0.359234 0.0305958 0.065306
