0 0.1264 0.694491 0.0835228 0.150998
0 0.0991156 0.552988 0.0710465 0.100484
0 0.228413 0.509917 0.0571059 0.108408
0 0.70485 0.512175 0.0512466 0.0866107
0 0.205974 0.407586 0.0441942 0.0814482
1 0.46224 0.555696 0.0590333 0.112722
0 0.9427 0.37678 0.0432281 0.0807989
0 0.306396 0.626434 0.0778848 0.139414
0 0.15767 0.355689 0.039018 0.0741754
0 0.829273 0.335688 0.0310183 0.059768
0 0.0640897 0.376902 0.0546698 0.0844668
1 0.613307 0.31077 0.0368011 0.0723078
0 0.537367 0.317647 0.0396501 0.0731313
0 0.714826 0.368307 0.0407912 0.0750294
0 0.421503 0.291517 0.0379131 0.0794422
0 0.743405 0.427716 0.0383527 0.0880466
0 0.257483 0.341385 0.0376119 0.0838576
0 0.089209 0.451734 0.0579252 0.0848804
0 0.800128 0.404317 0.0398301 0.0839821
0 0.474822 0.359904 0.0373022 0.071342
0 0.212951 0.29002 0.034288 0.0723759
0 0.371848 0.278214 0.032781 0.0669078
0 0.659849 0.380683 0.041831 0.0818278
0 0.77927 0.288894 0.0273298 0.0634656
0 0.979316 0.341497 0.0354248 0.0734633
0 0.873214 0.331309 0.0339317 0.0701593
0 0.479329 0.297366 0.0349379 0.0653023
0 0.114178 0.289783 0.0385311 0.0717659
0 0.521363 0.223501 0.0283926 0.0635232
0 0.744966 0.308096 0.0328024 0.0681716
0 0.345632 0.255978 0.0280188 0.0632266
0 0.343689 0.443828 0.0479544 0.113525
0 0.606417 0.251445 0.0316145 0.0578173
1 0.667198 0.265279 0.0295133 0.0583957
0 0.711031 0.256939 0.0270865 0.0616411
1 0.343843 0.444343 0.0488017 0.113771
0 0.829094 0.282096 0.032328 0.0644284
0 0.147926 0.291492 0.0351977 0.0689467
1 0.551155 0.389053 0.0431987 0.0859766
4 0.550727 0.389763 0.0441763 0.0908863
