0 0.135707 0.740497 0.0861746 0.140128
0 0.561229 0.415208 0.0473672 0.0909728
0 0.83596 0.436178 0.0393874 0.0870829
0 0.0990032 0.553845 0.069443 0.111237
0 0.205878 0.409824 0.0457479 0.0842322
0 0.229634 0.510672 0.0613024 0.110236
0 0.298809 0.640761 0.084227 0.145951
0 0.0910877 0.451883 0.0553158 0.0822624
1 0.339344 0.450422 0.0514566 0.0943913
1 0.748322 0.43408 0.0391893 0.085965
0 0.158178 0.355894 0.0418438 0.0755836
0 0.370074 0.277957 0.0336778 0.0633431
0 0.939341 0.374871 0.0395477 0.0708204
0 0.716219 0.35772 0.0392699 0.0803785
0 0.831357 0.332541 0.0360737 0.0663893
0 0.533186 0.321639 0.043483 0.0786144
0 0.87753 0.336941 0.0348352 0.0668903
0 0.474098 0.562673 0.0641783 0.121372
0 0.256775 0.338746 0.0349677 0.083837
0 0.654271 0.380366 0.0441507 0.0867823
0 0.615942 0.327538 0.0411473 0.0736959
0 0.477564 0.356115 0.0364275 0.0736451
0 0.605007 0.253134 0.0351214 0.060092
0 0.781333 0.295145 0.0298666 0.0682795
4 0.685567 0.466221 0.0489216 0.100566
0 0.742275 0.288651 0.0335882 0.069657
0 0.419762 0.29159 0.036582 0.0759116
0 0.521535 0.225709 0.0302803 0.0639089
0 0.114845 0.29689 0.0379145 0.0715189
1 0.905254 0.295061 0.0307156 0.0630923
0 0.065841 0.361122 0.0465044 0.0783656
0 0.214697 0.288274 0.0309154 0.0693041
0 0.4853 0.299642 0.0320745 0.0565566
0 0.188166 0.278933 0.0271874 0.0617597
0 0.71236 0.269887 0.0276898 0.0608801
0 0.620886 0.215213 0.0263325 0.0617252
0 0.828965 0.27756 0.0322102 0.062107
0 0.668111 0.26552 0.0313793 0.0611023
4 0.974554 0.339849 0.0346657 0.074535
0 0.339032 0.246561 0.0278575 0.0605073
0 0.576478 0.213594 0.0283508 0.0653811
