2 0.813067 0.634089 0.132876 0.731821
4 0.451067 0.566317 0.0710244 0.119274
0 0.0850483 0.444674 0.0501236 0.0818009
0 0.222403 0.49818 0.0622523 0.108827
1 0.328246 0.434766 0.0419525 0.0926677
0 0.554211 0.397583 0.0428787 0.097958
0 0.187671 0.375789 0.0417978 0.0998835
0 0.0684416 0.55923 0.0697834 0.0973055
1 0.937393 0.353238 0.0327652 0.0710276
0 0.0613694 0.36167 0.040816 0.0767806
0 0.147124 0.352157 0.0410419 0.087084
0 0.257099 0.34648 0.0405749 0.0847191
1 0.659582 0.257232 0.0256062 0.0559778
1 0.284591 0.592923 0.0666407 0.139855
0 0.366197 0.278594 0.0334101 0.0624747
2 0.58015 0.206562 0.0397298 0.154174
1 0.68429 0.475472 0.051238 0.0959899
0 0.539881 0.323509 0.039249 0.0716406
1 0.213062 0.290412 0.0292231 0.0666396
1 0.187347 0.266307 0.0275826 0.0705714
0 0.739463 0.281775 0.0292809 0.059279
1 0.11036 0.272714 0.0268995 0.0617097
1 0.803367 0.255715 0.0270256 0.0617179
1 0.415129 0.284726 0.0323312 0.070576
4 0.106229 0.684752 0.0744382 0.148358
4 0.703088 0.256976 0.0294163 0.0665289
4 0.657882 0.39136 0.0476044 0.0988059
0 0.470725 0.33318 0.0409022 0.0776338
1 0.747064 0.433125 0.0391814 0.0896924
1 0.532836 0.268791 0.0269722 0.0551506
1 0.106336 0.684668 0.0761279 0.149055
0 0.974051 0.344089 0.03396 0.072415
4 0.286207 0.593089 0.0699167 0.141554
4 0.710202 0.342263 0.0367463 0.0810776
1 0.973367 0.346475 0.0322815 0.0726908
0 0.476425 0.26455 0.0318317 0.0585748
0 0.606435 0.31308 0.0381226 0.0761997
1 0.889707 0.296612 0.0301073 0.060744
1 0.521877 0.223507 0.0261587 0.0556443
0 0.323682 0.247205 0.0288634 0.0720904
1 0.151373 0.285498 0.0321748 0.0641651
1 0.772179 0.285036 0.028546 0.0614211
