2 0.609748 0.602343 0.0955968 0.645338
0 0.0848891 0.54383 0.068251 0.103968
0 0.0798585 0.449441 0.0528959 0.0873082
0 0.29453 0.617648 0.0783364 0.137768
4 0.305337 0.372837 0.0509528 0.0866655
0 0.224465 0.5025 0.065981 0.110158
4 0.130733 0.692287 0.0940656 0.147988
0 0.737906 0.29532 0.030329 0.0604124
0 0.712594 0.375445 0.0409031 0.0742645
0 0.146518 0.347343 0.0403771 0.0806596
0 0.868077 0.324739 0.03414 0.0725043
1 0.458721 0.573334 0.0556605 0.103465
0 0.937918 0.368186 0.042334 0.0767361
1 0.213039 0.288967 0.0297917 0.0682052
0 0.830111 0.331737 0.0298378 0.0671823
0 0.339715 0.449598 0.0512661 0.110154
1 0.748409 0.440015 0.0389787 0.084499
0 0.258076 0.34814 0.0425052 0.0868326
1 0.415738 0.284641 0.032308 0.0722254
1 0.186566 0.262825 0.0284184 0.0698195
0 0.365389 0.277892 0.032627 0.0624661
1 0.808734 0.262512 0.0297526 0.0674913
0 0.0594514 0.361752 0.04146 0.0772048
1 0.831444 0.423479 0.0448349 0.089854
0 0.980621 0.348915 0.0349477 0.0741974
0 0.111099 0.277271 0.0281409 0.0618589
1 0.470749 0.330902 0.0370842 0.0781763
1 0.568441 0.20974 0.0226276 0.0518314
0 0.662866 0.256967 0.0258386 0.058432
1 0.775152 0.27806 0.0245838 0.0566844
1 0.187032 0.366037 0.0429518 0.0938112
1 0.326265 0.243066 0.029346 0.0688437
0 0.690291 0.484153 0.0467973 0.096909
1 0.772111 0.282892 0.0246937 0.0541662
0 0.475038 0.26588 0.0329908 0.0624526
1 0.607309 0.203132 0.022477 0.0498875
2 0.544653 0.375795 0.067002 0.284747
0 0.0292375 0.324579 0.0327641 0.0733192
0 0.15045 0.283641 0.0355355 0.0670958
1 0.693028 0.487248 0.047028 0.0971593
