2 0.456839 0.359022 0.0672938 0.262711
1 0.168764 0.880927 0.0829401 0.136859
1 0.521578 0.831522 0.0760382 0.154286
1 0.741784 0.555777 0.049068 0.0914918
1 0.973987 0.825269 0.0519923 0.156407
1 0.437625 0.596359 0.0586943 0.104608
1 0.0833181 0.517596 0.043548 0.0815524
1 0.312243 0.600751 0.0513619 0.101831
1 0.0346733 0.527666 0.0524857 0.100264
1 0.924514 0.50179 0.058643 0.119629
1 0.489754 0.485876 0.0462672 0.0884279
1 0.269652 0.549245 0.0443414 0.0865021
1 0.460131 0.519862 0.04903 0.0817572
1 0.275297 0.501546 0.0510388 0.0796605
