2 0.568537 0.418821 0.0777056 0.390293
1 0.547091 0.812169 0.0898861 0.172383
1 0.157855 0.883984 0.0823215 0.136214
1 0.970199 0.837305 0.0596027 0.16386
1 0.449434 0.598205 0.0631056 0.103088
1 0.719756 0.535469 0.0506968 0.0938273
1 0.284634 0.511166 0.0504919 0.0846468
1 0.314268 0.599287 0.0511286 0.0990573
1 0.491999 0.517393 0.0488246 0.0875713
1 0.079345 0.524499 0.0467469 0.0975031
1 0.0273246 0.531804 0.0462109 0.0964945
1 0.916995 0.506761 0.0475124 0.0976792
1 0.269033 0.560621 0.0453309 0.0903139
