4 0.880749 0.548095 0.0449242 0.125803
0 0.675662 0.505841 0.0477647 0.102353
1 0.542236 0.309356 0.0304848 0.0690592
1 0.390058 0.343464 0.0364133 0.0854205
0 0.1386 0.335531 0.0385102 0.0768025
1 0.522871 0.382311 0.0370647 0.0833918
1 0.459242 0.416681 0.048144 0.105143
0 0.169689 0.288629 0.0341492 0.0748502
1 0.471536 0.301007 0.0364319 0.0733596
0 0.56791 0.240964 0.0318593 0.0668819
1 0.33787 0.360735 0.0362104 0.0854146
0 0.410302 0.196722 0.0285976 0.0687521
1 0.683171 0.254218 0.0315257 0.0701785
1 0.252863 0.31501 0.0408342 0.0758927
0 0.197239 0.353842 0.0381955 0.0747695
0 0.46993 0.20596 0.0256438 0.0617167
1 0.720996 0.451784 0.0442326 0.108947
1 0.826528 0.262085 0.0258387 0.0588945
0 0.377878 0.219627 0.0299926 0.0666384
1 0.802781 0.302879 0.0338795 0.0700424
0 0.444351 0.21797 0.0291859 0.0616
0 0.640375 0.258712 0.0301199 0.0689644
1 0.872592 0.298955 0.0278683 0.0633062
1 0.898012 0.337415 0.027166 0.0661927
1 0.598387 0.236995 0.0267271 0.0654145
