1 0.680345 0.49234 0.0465816 0.106171
4 0.871002 0.539706 0.0517349 0.122503
1 0.392774 0.351716 0.0381775 0.0865547
1 0.536257 0.307397 0.0296255 0.0681627
1 0.337444 0.358125 0.0391781 0.0888131
1 0.523379 0.375753 0.0382286 0.0799322
1 0.479599 0.408256 0.0450657 0.0897317
1 0.239568 0.31557 0.032677 0.0740968
1 0.47206 0.300984 0.0352686 0.0742593
0 0.372399 0.208458 0.0330872 0.0788599
1 0.17447 0.285965 0.0333931 0.0751387
1 0.727375 0.452924 0.0452564 0.120154
1 0.832484 0.276371 0.0239003 0.0611404
1 0.125097 0.308712 0.0336948 0.0745783
0 0.408804 0.197372 0.0315477 0.0763903
1 0.643925 0.258834 0.0285919 0.065902
1 0.565532 0.229973 0.0262907 0.0600169
0 0.466743 0.203262 0.0280743 0.0672906
1 0.871589 0.298256 0.0281326 0.0661368
0 0.445442 0.209386 0.0308736 0.0737372
1 0.676458 0.25767 0.0290213 0.0636717
1 0.808059 0.312051 0.0296331 0.0639241
1 0.195492 0.352363 0.0364735 0.0703623
1 0.899789 0.336621 0.0324022 0.0740631
