4 0.87032 0.53545 0.0554234 0.120496
0 0.723902 0.454036 0.0456001 0.119876
0 0.463357 0.317053 0.0394484 0.0828893
1 0.520056 0.380185 0.0416877 0.0857392
1 0.460398 0.414474 0.047654 0.102844
1 0.538257 0.309833 0.0311132 0.0705708
1 0.128376 0.306808 0.0335024 0.0694866
1 0.393087 0.349235 0.0371769 0.0863256
1 0.33756 0.357823 0.0396556 0.0902773
1 0.254605 0.307072 0.0398835 0.0798613
1 0.682885 0.487561 0.0437954 0.105366
1 0.567475 0.232013 0.0278802 0.0606395
0 0.808921 0.317233 0.0296385 0.0657529
0 0.372628 0.201124 0.0309373 0.0684897
1 0.834636 0.282654 0.0236881 0.0622595
4 0.914666 0.506401 0.037616 0.0886059
0 0.177103 0.287445 0.031547 0.0723478
1 0.19667 0.35341 0.039354 0.0726717
0 0.644246 0.258797 0.0299467 0.0682547
1 0.175958 0.28771 0.0323083 0.0727341
0 0.407779 0.198151 0.0301223 0.0737793
1 0.871252 0.299083 0.0269234 0.0655972
1 0.900941 0.33608 0.032999 0.0715596
0 0.445262 0.197034 0.0298122 0.066334
0 0.473414 0.200389 0.0292367 0.0725805
0 0.677133 0.259034 0.0290039 0.0652033
