4 0.869187 0.541127 0.0517166 0.12081
1 0.335515 0.365745 0.0386309 0.0891855
0 0.722791 0.446994 0.041008 0.100878
1 0.467066 0.300378 0.0379344 0.0755272
1 0.520246 0.380896 0.0385019 0.0839985
1 0.463533 0.415127 0.0458359 0.100339
1 0.539598 0.31127 0.0299037 0.0725135
0 0.378131 0.215172 0.0322761 0.0685641
1 0.834077 0.271673 0.0257465 0.0583177
1 0.242978 0.315367 0.0348514 0.0723231
1 0.169194 0.271757 0.0351944 0.0806293
0 0.44192 0.207806 0.0315459 0.0659081
0 0.566972 0.241664 0.0307947 0.0743382
1 0.683496 0.491198 0.0429022 0.104862
0 0.399342 0.356683 0.0404785 0.085404
1 0.121807 0.304927 0.0361585 0.077454
0 0.409648 0.192768 0.0269868 0.0704457
1 0.399876 0.357804 0.0396828 0.084195
1 0.800055 0.301581 0.0354777 0.0714706
0 0.471287 0.198144 0.0276955 0.0656693
1 0.598576 0.238298 0.028511 0.0681255
1 0.872275 0.298417 0.0272217 0.0657198
1 0.655739 0.252417 0.0301843 0.069118
1 0.205439 0.336008 0.0407433 0.0881582
