4 0.869845 0.539298 0.0519943 0.121364
1 0.678769 0.500324 0.0474653 0.101607
0 0.133006 0.337731 0.0427972 0.0813239
1 0.538399 0.307249 0.0327435 0.0679583
0 0.377585 0.22229 0.034744 0.0661521
1 0.205081 0.340784 0.0373768 0.0774728
1 0.522963 0.376014 0.0392506 0.0845562
0 0.3996 0.361471 0.0405615 0.0829651
1 0.334989 0.36548 0.0384748 0.0892498
1 0.46319 0.41299 0.0453052 0.0982706
1 0.465272 0.301001 0.0371344 0.0761776
1 0.243371 0.312343 0.0344585 0.0670508
0 0.70728 0.429454 0.0396389 0.10049
0 0.172016 0.2943 0.0351828 0.0768705
1 0.832868 0.282814 0.0255692 0.0641653
1 0.564638 0.238023 0.0310732 0.0719574
0 0.440383 0.210262 0.0296432 0.0644756
0 0.468674 0.203436 0.0283272 0.0644731
1 0.869321 0.286572 0.0281963 0.0674657
0 0.647554 0.263377 0.0286102 0.0661956
1 0.802531 0.301299 0.0313009 0.0670949
0 0.409717 0.196495 0.0259338 0.0690502
0 0.674605 0.258627 0.0281622 0.062521
1 0.598549 0.237965 0.0295895 0.070383
1 0.766781 0.421101 0.0432388 0.0990091
1 0.899686 0.336883 0.0323601 0.0749079
1 0.708245 0.428081 0.0404559 0.106815
