4 0.870323 0.534701 0.0541435 0.115251
0 0.131405 0.331217 0.0397943 0.0794424
0 0.713865 0.436601 0.0389272 0.104681
1 0.400613 0.357371 0.0393274 0.0804902
1 0.46861 0.410157 0.0450255 0.0930121
1 0.210798 0.338483 0.033407 0.0722093
1 0.535461 0.311214 0.0330233 0.0712637
1 0.520316 0.377686 0.0357285 0.0809686
1 0.465972 0.301199 0.037034 0.07469
0 0.373079 0.215193 0.0332412 0.0696368
1 0.335986 0.366684 0.0380944 0.0883772
0 0.656065 0.260276 0.0310802 0.0683445
1 0.834032 0.283319 0.0255984 0.0639535
0 0.682018 0.497597 0.0432936 0.103447
1 0.248138 0.312634 0.0351025 0.0684377
0 0.56711 0.242225 0.0316322 0.0730647
0 0.468405 0.204361 0.0282805 0.0653186
0 0.407049 0.196083 0.0270514 0.0697116
0 0.440912 0.211464 0.0291128 0.0636723
0 0.171608 0.289929 0.0352861 0.0774995
1 0.803505 0.300783 0.0299135 0.0647572
1 0.868131 0.290153 0.0272404 0.065435
1 0.598758 0.239353 0.029512 0.0709085
0 0.760571 0.439116 0.0552906 0.142921
