1 0.519701 0.377372 0.0334473 0.0783016
1 0.393742 0.342537 0.040037 0.0812517
1 0.473249 0.410863 0.0435494 0.0908315
1 0.324462 0.351009 0.0384085 0.0840649
1 0.543265 0.310891 0.0293402 0.0701253
1 0.470044 0.298647 0.0347453 0.0712492
1 0.557092 0.232798 0.0282552 0.0684495
1 0.733001 0.314604 0.0391101 0.0927427
1 0.121046 0.307602 0.0353116 0.0755017
1 0.680859 0.381012 0.0459902 0.109368
1 0.594361 0.23445 0.0280619 0.0670661
1 0.823519 0.26478 0.0236755 0.0546232
1 0.803099 0.304722 0.0301935 0.0642994
2 0.670598 0.612685 0.0845121 0.566774
1 0.904098 0.340629 0.0284268 0.0685794
1 0.404634 0.186985 0.0267208 0.0592761
1 0.249301 0.315807 0.0371107 0.0703251
1 0.437674 0.221493 0.0258986 0.0530622
1 0.875963 0.290768 0.0256832 0.0614574
1 0.655833 0.247285 0.0306419 0.0807329
0 0.173856 0.284907 0.0347078 0.079977
1 0.197189 0.347407 0.0342736 0.0710201
