1 0.394156 0.341818 0.0388513 0.0814283
1 0.47346 0.410722 0.0431499 0.0901836
1 0.519733 0.376114 0.0338623 0.0778595
1 0.324995 0.353789 0.0376402 0.0856532
1 0.469349 0.298817 0.0350828 0.0722319
1 0.555849 0.233079 0.0277354 0.0685081
1 0.536716 0.308971 0.0311705 0.0696122
1 0.656218 0.247137 0.0292618 0.0755141
1 0.12639 0.311441 0.0343072 0.0739542
1 0.240063 0.316692 0.0321982 0.0695606
1 0.59509 0.23706 0.0297508 0.0689979
1 0.905527 0.341 0.0265601 0.0695413
0 0.179016 0.285917 0.0336166 0.0737434
1 0.874059 0.278386 0.0272949 0.0651302
1 0.405367 0.18764 0.0277246 0.0621511
1 0.825787 0.284806 0.0253555 0.0637811
1 0.803344 0.304116 0.0279423 0.0630598
2 0.665444 0.615524 0.0748454 0.568452
0 0.466118 0.205251 0.0250559 0.0563353
4 0.743244 0.349874 0.05577 0.113163
