1 0.872647 0.538733 0.0495909 0.10926
1 0.392421 0.341222 0.040297 0.0810801
0 0.719962 0.459805 0.041847 0.110047
1 0.475064 0.410287 0.0430313 0.0905842
1 0.519912 0.376256 0.0348122 0.0791178
1 0.468004 0.300502 0.0360894 0.0723806
1 0.538793 0.311451 0.0311308 0.0718222
1 0.323363 0.344512 0.0375061 0.0909161
1 0.239306 0.318603 0.0338517 0.0710565
1 0.120807 0.306475 0.0350094 0.0775072
1 0.870793 0.276028 0.0256416 0.0598779
2 0.65585 0.795066 0.12983 0.409867
1 0.173048 0.280966 0.0339178 0.0742184
2 0.913264 0.328884 0.0422905 0.265561
1 0.823678 0.265057 0.0240028 0.0570968
1 0.595123 0.23646 0.0300653 0.0696171
1 0.548253 0.230978 0.0311531 0.0692252
1 0.4059 0.192794 0.0310598 0.0692419
1 0.651275 0.252802 0.0284628 0.0721905
1 0.680226 0.255242 0.0299323 0.0680193
1 0.198995 0.350605 0.033699 0.0756602
0 0.442025 0.215353 0.0276718 0.0561301
1 0.801579 0.301885 0.033847 0.0691455
