1 0.520155 0.376381 0.0366304 0.0771356
1 0.537788 0.309999 0.0307791 0.0693922
1 0.474363 0.411402 0.0430168 0.0901169
1 0.392997 0.341752 0.040463 0.0820603
1 0.324855 0.344497 0.0367405 0.087148
1 0.468117 0.300499 0.0362797 0.0735201
1 0.121163 0.306166 0.0355629 0.075268
1 0.240364 0.317717 0.0345644 0.0734746
0 0.718048 0.453318 0.039054 0.102371
2 0.661867 0.793957 0.126277 0.412087
1 0.174888 0.280596 0.0351066 0.0756579
1 0.817864 0.200373 0.0302914 0.0756002
1 0.594948 0.238005 0.0312397 0.0730656
1 0.872904 0.538437 0.0496953 0.111974
1 0.54581 0.226863 0.0314473 0.0732643
1 0.6468 0.253472 0.028387 0.0687242
0 0.441263 0.216454 0.0289069 0.0583923
1 0.199829 0.348137 0.0346453 0.075647
4 0.873016 0.537251 0.0502022 0.112799
1 0.406127 0.190851 0.0289182 0.0664684
1 0.805274 0.306824 0.0363055 0.0835375
1 0.679823 0.256786 0.0302248 0.0695652
1 0.858372 0.20777 0.0334186 0.0757166
0 0.471268 0.200121 0.0263448 0.0605675
