2 0.377274 0.307063 0.0660697 0.265489
1 0.465786 0.301414 0.0380806 0.0763581
0 0.724142 0.44348 0.043632 0.108147
2 0.323235 0.615722 0.0916934 0.62838
1 0.887756 0.535096 0.0497993 0.108303
1 0.176548 0.272736 0.0326593 0.0740263
1 0.827055 0.272687 0.0250269 0.0591392
1 0.123363 0.310018 0.036482 0.0764028
1 0.587994 0.229683 0.027532 0.0609539
1 0.47929 0.406036 0.0494223 0.0971626
1 0.543651 0.218825 0.0259483 0.0624661
0 0.693471 0.496096 0.0418915 0.0985685
1 0.872237 0.29154 0.0258237 0.0602989
1 0.800242 0.300357 0.0335902 0.0683829
1 0.904972 0.322427 0.0325817 0.0704943
1 0.651322 0.256678 0.0284485 0.0735442
1 0.410267 0.194725 0.0258895 0.0728307
1 0.679268 0.256394 0.0294173 0.0672962
1 0.237421 0.318851 0.0353413 0.0747013
0 0.199797 0.349139 0.0386816 0.0758134
2 0.523653 0.392556 0.0561308 0.338363
1 0.661041 0.491904 0.033062 0.0896987
