0 0.73099 0.460152 0.0425316 0.114054
2 0.535278 0.281992 0.0600516 0.185121
0 0.688661 0.496474 0.042264 0.101655
2 0.32182 0.607626 0.101377 0.628517
1 0.478819 0.407783 0.0450048 0.095806
4 0.879923 0.552062 0.0488155 0.10458
1 0.17752 0.273165 0.0304328 0.0697293
1 0.589934 0.232834 0.0284888 0.0648344
0 0.395841 0.329988 0.0412444 0.0908393
1 0.123216 0.304919 0.0344964 0.0750049
1 0.82801 0.274621 0.0246901 0.0605998
1 0.871312 0.292807 0.027753 0.0607211
0 0.645837 0.257234 0.029075 0.0673314
1 0.526841 0.375225 0.0416383 0.0878973
0 0.372273 0.222559 0.0322808 0.061241
1 0.444656 0.204735 0.0330353 0.0673734
1 0.241062 0.315975 0.0331892 0.0679
1 0.407463 0.191686 0.0273728 0.0661094
0 0.798182 0.304471 0.0343633 0.0707781
1 0.906956 0.323107 0.0316606 0.0691721
2 0.449529 0.271237 0.0506256 0.208181
1 0.880419 0.551328 0.0467863 0.103707
0 0.678489 0.258184 0.028853 0.0671645
