0 0.726156 0.462847 0.043745 0.117359
1 0.47757 0.406177 0.0428983 0.0922106
1 0.53249 0.303141 0.0307141 0.0656498
1 0.880199 0.549751 0.0449684 0.103021
1 0.396347 0.323893 0.038224 0.0795582
1 0.523903 0.369166 0.0336573 0.0752889
1 0.320893 0.343952 0.0375565 0.088848
1 0.587275 0.173912 0.025654 0.0611874
1 0.176128 0.272303 0.0302282 0.0696304
1 0.466341 0.299436 0.0351711 0.0713757
0 0.683313 0.491439 0.0482784 0.11106
1 0.54633 0.224074 0.026984 0.0670615
1 0.247126 0.310222 0.0336623 0.0683006
1 0.671091 0.190548 0.0294879 0.0708441
1 0.126947 0.305818 0.0351817 0.0751353
1 0.652021 0.257527 0.0313004 0.072267
1 0.202121 0.347706 0.0367886 0.0751272
1 0.829285 0.276475 0.0244679 0.0577815
1 0.871379 0.291747 0.0261971 0.0582602
0 0.372607 0.222993 0.0321328 0.0599952
2 0.0245032 0.477798 0.0490064 0.465268
0 0.440568 0.216783 0.026361 0.0564076
1 0.907286 0.322903 0.0337425 0.0712518
0 0.406412 0.187816 0.0271006 0.0595837
0 0.466117 0.20262 0.0253942 0.0562003
0 0.797782 0.300797 0.0311121 0.0671275
