0 0.699968 0.509507 0.0485057 0.108686
1 0.479414 0.406437 0.0438965 0.093021
1 0.534145 0.3042 0.0309222 0.0660371
1 0.320684 0.34452 0.0380671 0.0901499
1 0.524652 0.369756 0.032314 0.0766406
1 0.586951 0.175787 0.0255849 0.0612126
2 0.0244644 0.479072 0.0489288 0.461121
1 0.17604 0.272955 0.0311826 0.0705298
0 0.398486 0.335864 0.0408627 0.0848257
0 0.744011 0.480647 0.0403538 0.0987625
1 0.122873 0.305603 0.032476 0.0747234
1 0.465535 0.300227 0.0359606 0.0741034
1 0.545622 0.223958 0.0273415 0.0681246
0 0.37188 0.223678 0.032403 0.0597285
1 0.668678 0.192475 0.032795 0.070774
1 0.201944 0.345964 0.0354741 0.0698761
1 0.653187 0.257186 0.0314674 0.0710994
1 0.885509 0.548552 0.0438372 0.0950739
1 0.244245 0.31158 0.0340399 0.0658028
1 0.829305 0.278393 0.0248177 0.0614401
1 0.871832 0.291067 0.0261552 0.0616821
4 0.885165 0.549274 0.0425509 0.0977394
0 0.798147 0.300107 0.0340225 0.0724817
0 0.406484 0.191344 0.0280884 0.0644255
0 0.44006 0.219212 0.0259666 0.0564625
