2 0.0505869 0.464462 0.079634 0.460001
0 0.695129 0.499797 0.0417309 0.102532
1 0.320811 0.344451 0.0390311 0.0900443
1 0.527657 0.373058 0.0356131 0.0750115
1 0.480141 0.406925 0.0445711 0.0932785
1 0.46353 0.300947 0.0345247 0.0740848
1 0.539128 0.306398 0.0312546 0.0649149
4 0.887254 0.552093 0.046665 0.104552
2 0.437135 0.212492 0.0443144 0.236135
1 0.398412 0.332902 0.0392311 0.0864457
1 0.545682 0.228627 0.0284155 0.0614885
1 0.580168 0.225189 0.0253311 0.0574361
1 0.829432 0.27608 0.0244629 0.0575298
1 0.871318 0.29244 0.0260025 0.0584431
1 0.122253 0.306462 0.0388567 0.0838505
0 0.729342 0.443958 0.0437949 0.0934986
1 0.246855 0.314219 0.0358034 0.0711635
1 0.174019 0.275153 0.034531 0.0795344
1 0.66229 0.267832 0.0354112 0.0755754
1 0.908503 0.324318 0.032309 0.0689358
0 0.399269 0.332621 0.0388676 0.0888298
4 0.830258 0.571292 0.033046 0.0728192
1 0.79909 0.301657 0.0306745 0.0642859
1 0.195556 0.35156 0.0373574 0.0829795
