2 0.0503499 0.465558 0.0811074 0.459729
0 0.69732 0.50813 0.0448889 0.0997911
2 0.435801 0.2143 0.0415468 0.236189
1 0.321672 0.344829 0.0393419 0.0895327
1 0.478992 0.407198 0.0433006 0.0917333
1 0.528644 0.375939 0.0388247 0.0791872
1 0.537276 0.309333 0.030768 0.0612782
1 0.465136 0.30046 0.0342224 0.0742432
1 0.58324 0.224638 0.0269971 0.0593236
1 0.398434 0.333559 0.0398331 0.0842339
1 0.17391 0.273715 0.0326434 0.075136
1 0.546153 0.226235 0.0279201 0.061318
1 0.66187 0.26635 0.0328218 0.0689558
1 0.891036 0.551693 0.0494655 0.102206
0 0.12839 0.311634 0.0369252 0.077219
0 0.661667 0.505516 0.0391365 0.0884683
1 0.245394 0.315296 0.035227 0.0703873
1 0.829838 0.278773 0.023813 0.0593253
1 0.87097 0.292993 0.0263039 0.059342
0 0.72695 0.443317 0.0424252 0.0897672
4 0.890382 0.552328 0.0490982 0.103801
4 0.831361 0.569615 0.0307053 0.0736891
0 0.801994 0.304302 0.0294757 0.0633345
1 0.907831 0.324466 0.0321865 0.066887
0 0.369729 0.220691 0.0276569 0.0531159
2 0.469122 0.193161 0.0351279 0.18928
