2 0.0511524 0.46427 0.0789131 0.457656
2 0.413794 0.173832 0.0410918 0.162048
1 0.321782 0.344539 0.0395345 0.0883797
1 0.527185 0.372278 0.0351974 0.0764757
1 0.685367 0.475388 0.051318 0.0888785
1 0.479894 0.410475 0.046 0.102226
0 0.808024 0.316554 0.0290563 0.0651196
2 0.369772 0.182744 0.0396184 0.17487
1 0.535602 0.306735 0.0308762 0.0622424
1 0.735775 0.442477 0.0402403 0.0815056
0 0.127824 0.318165 0.0370138 0.0751374
1 0.464219 0.300959 0.0360657 0.0744353
1 0.398652 0.334046 0.040296 0.0859545
1 0.586485 0.22549 0.0294836 0.0608376
1 0.890353 0.550476 0.0497349 0.101153
1 0.662339 0.266154 0.0334724 0.0720218
1 0.547312 0.225906 0.0276504 0.0631954
1 0.828814 0.275736 0.0240196 0.0562042
1 0.248941 0.312727 0.0342127 0.0669491
1 0.189578 0.349056 0.0360947 0.06584
1 0.871511 0.294262 0.0270464 0.060143
1 0.457755 0.116887 0.0266586 0.0708934
0 0.399296 0.333361 0.040525 0.0871496
4 0.891028 0.552997 0.0515942 0.105331
1 0.171554 0.278948 0.0356614 0.073605
1 0.907207 0.324672 0.0361526 0.0735351
0 0.171588 0.278154 0.0354188 0.0757913
1 0.474206 0.192954 0.0236549 0.0548179
