1 0.69332 0.501424 0.0447773 0.102567
0 0.567539 0.249745 0.0341014 0.0668696
1 0.535732 0.31072 0.0318279 0.0728332
1 0.321969 0.356139 0.0385969 0.0858448
0 0.605201 0.257172 0.0305762 0.0708008
0 0.123864 0.330036 0.0388189 0.0835444
0 0.182703 0.282703 0.0337513 0.0666472
1 0.389404 0.348496 0.040433 0.0853176
1 0.474406 0.41796 0.0458048 0.0937395
1 0.507436 0.354802 0.0340666 0.070212
0 0.642898 0.287831 0.032514 0.067178
0 0.471209 0.204272 0.0280905 0.0632943
0 0.79852 0.296779 0.0322625 0.0695136
0 0.367385 0.214918 0.0281495 0.0650443
1 0.247585 0.320673 0.039879 0.0863883
0 0.872059 0.575757 0.0451578 0.113713
0 0.442645 0.215581 0.0284187 0.0600258
0 0.671307 0.263894 0.0326836 0.0649603
1 0.829217 0.282617 0.0272312 0.0650707
0 0.466413 0.307466 0.0376113 0.0791018
1 0.189059 0.345099 0.0361851 0.0762381
3 0.243609 0.234265 0.0545868 0.100327
1 0.406846 0.190694 0.0287814 0.0660083
1 0.466779 0.306391 0.0360243 0.0794501
0 0.694644 0.418522 0.0422193 0.0735426
