2 0.670578 0.299167 0.0705711 0.336441
2 0.546484 0.212762 0.038497 0.18993
1 0.385938 0.326054 0.0382113 0.0813926
1 0.467501 0.302261 0.0375517 0.0761963
1 0.678189 0.502935 0.0584329 0.10903
1 0.526004 0.369565 0.0362778 0.0777559
1 0.32176 0.348769 0.0382484 0.0865046
1 0.117391 0.308876 0.0342969 0.0747939
1 0.534528 0.304578 0.0275147 0.0586491
1 0.469819 0.419014 0.0473862 0.09583
1 0.254377 0.316377 0.0342417 0.0694832
0 0.369836 0.226947 0.0321311 0.0606442
1 0.826141 0.264578 0.0268738 0.062577
1 0.582476 0.227981 0.0290804 0.06794
1 0.173189 0.279988 0.0361292 0.0746058
1 0.899056 0.554617 0.04785 0.0960712
4 0.898483 0.555239 0.0479935 0.0955094
1 0.202397 0.347749 0.0360668 0.0700796
0 0.408015 0.191971 0.0290764 0.0632599
0 0.467507 0.212701 0.0253613 0.0574789
0 0.800581 0.304395 0.0318966 0.0692768
1 0.871355 0.30082 0.0294308 0.0677619
1 0.438225 0.221546 0.0259759 0.0534736
2 0.747009 0.683896 0.0741753 0.612589
