1 0.680116 0.503354 0.0480946 0.0965263
1 0.386295 0.337776 0.0389033 0.0800888
1 0.31774 0.352122 0.0379269 0.0845971
1 0.467722 0.303739 0.035009 0.078021
1 0.111727 0.307734 0.0339105 0.0742219
1 0.517489 0.21001 0.0270046 0.0525681
1 0.470285 0.420789 0.044873 0.0884646
1 0.562304 0.226479 0.0248562 0.0601991
1 0.713263 0.42989 0.0377364 0.100421
1 0.593483 0.23224 0.0258434 0.0587025
0 0.804188 0.306677 0.0317511 0.0662177
1 0.172517 0.278108 0.0360886 0.0802794
2 0.528512 0.511052 0.0595994 0.554168
1 0.408916 0.186647 0.026531 0.0569388
0 0.370801 0.223182 0.0337964 0.0587578
0 0.242359 0.323747 0.036907 0.0763876
0 0.830014 0.27668 0.0259941 0.0638873
1 0.243135 0.323385 0.0379892 0.0757794
0 0.664024 0.273647 0.0350229 0.0759309
1 0.880501 0.534427 0.0473116 0.114612
0 0.4383 0.224202 0.0298433 0.0585053
1 0.899041 0.341384 0.0293092 0.0674714
