1 0.680245 0.50325 0.0476883 0.0962392
1 0.38509 0.336837 0.0392197 0.0811384
1 0.467543 0.304553 0.0352684 0.0778873
1 0.112439 0.308554 0.0330377 0.069985
1 0.317879 0.352589 0.0379884 0.0852328
1 0.560051 0.223897 0.0251326 0.0628199
1 0.470614 0.421701 0.0458875 0.0904741
1 0.517617 0.210917 0.0272021 0.0530003
1 0.172143 0.278275 0.035241 0.0796742
1 0.593961 0.232041 0.0264955 0.0605874
1 0.714366 0.430688 0.0402789 0.101229
0 0.370418 0.22297 0.0334704 0.0570667
0 0.804958 0.30837 0.033022 0.0649863
1 0.409281 0.187686 0.0265898 0.0579157
1 0.898911 0.341564 0.0290409 0.0659671
0 0.242073 0.324382 0.0374104 0.0779287
0 0.664962 0.272537 0.0360735 0.0764599
0 0.829017 0.278659 0.0257244 0.0632833
1 0.871258 0.301315 0.0276233 0.0660773
4 0.882498 0.536117 0.0518879 0.115371
0 0.438167 0.225222 0.0292791 0.0590578
