1 0.671304 0.511828 0.0517864 0.105104
1 0.382827 0.338592 0.0395268 0.077535
1 0.467228 0.304674 0.0373417 0.0795375
1 0.321703 0.355244 0.0378701 0.086592
1 0.879426 0.548372 0.0436302 0.0994011
2 0.531307 0.502789 0.0592974 0.541791
1 0.110574 0.309409 0.0328316 0.0723823
1 0.471943 0.421681 0.0449092 0.0910724
1 0.176893 0.27694 0.0353545 0.0784128
0 0.433435 0.214555 0.02815 0.0608294
1 0.593271 0.231893 0.0268503 0.05993
0 0.465311 0.216671 0.0266061 0.0592647
0 0.367876 0.22036 0.0325384 0.0642592
1 0.662361 0.273403 0.0326134 0.0723088
1 0.562174 0.228223 0.024755 0.0635783
0 0.40934 0.195015 0.028035 0.0662084
0 0.80254 0.307928 0.029246 0.0601419
0 0.705472 0.436196 0.0426983 0.089289
1 0.190183 0.357568 0.0366589 0.0793845
1 0.9169 0.494723 0.0369171 0.0828867
1 0.245083 0.319441 0.0381791 0.0724228
1 0.828813 0.275434 0.0250248 0.0605948
1 0.902155 0.341995 0.0265616 0.0630106
1 0.871765 0.298111 0.0262337 0.0618948
