2 0.557542 0.448279 0.0757933 0.389259
1 0.515918 0.83117 0.0877413 0.154777
1 0.132393 0.875019 0.0826258 0.139043
1 0.744427 0.554859 0.0423819 0.0805376
1 0.431725 0.603589 0.0545303 0.0961391
1 0.474225 0.548345 0.0485256 0.086587
1 0.91639 0.507119 0.0557995 0.102355
1 0.0699231 0.516729 0.0396023 0.079593
1 0.0310853 0.529459 0.0451646 0.0918382
1 0.269098 0.554765 0.0492802 0.0937556
1 0.444419 0.41776 0.0582323 0.250752
1 0.987182 0.833666 0.0256354 0.106327
2 0.443121 0.418919 0.0574116 0.247056
1 0.293107 0.526662 0.0406843 0.0826727
