0 0.728096 0.456909 0.0456326 0.117521
0 0.332123 0.355163 0.0380877 0.0876809
1 0.516563 0.367765 0.0372982 0.0801636
1 0.679275 0.499419 0.049469 0.110264
1 0.465892 0.410123 0.0446609 0.0818694
1 0.234602 0.309215 0.0346751 0.0772147
1 0.120858 0.302861 0.0368646 0.0793358
0 0.372911 0.223386 0.034609 0.0609838
1 0.834827 0.299377 0.0246704 0.05894
1 0.180988 0.269712 0.0323881 0.0698865
1 0.878348 0.553113 0.0431088 0.102978
1 0.530626 0.314795 0.0312613 0.0608709
1 0.386537 0.334326 0.0419885 0.0852495
0 0.567255 0.241378 0.0307056 0.0689278
1 0.46078 0.315824 0.0374944 0.077215
1 0.895029 0.329776 0.0311351 0.0676668
1 0.186601 0.333221 0.0362782 0.0736142
0 0.472562 0.21318 0.0285065 0.0671775
0 0.650919 0.267862 0.0302922 0.0658747
1 0.33078 0.356068 0.0363582 0.0908611
0 0.476731 0.220576 0.0311209 0.0723761
0 0.680333 0.256348 0.0283476 0.0628975
1 0.598219 0.235423 0.0265035 0.0635959
4 0.878661 0.552912 0.0448391 0.103709
1 0.409913 0.194308 0.0287197 0.067346
0 0.446418 0.211709 0.027232 0.061623
