2 0.354949 0.554072 0.0718709 0.461623
1 0.533489 0.369016 0.0405963 0.0801255
1 0.461438 0.311257 0.0380309 0.0756134
0 0.726612 0.451475 0.042955 0.115808
1 0.132991 0.302879 0.0332289 0.0767309
1 0.697001 0.498408 0.051424 0.102854
1 0.468472 0.404106 0.0490797 0.0889731
0 0.409904 0.199477 0.0272622 0.0677532
1 0.394689 0.351755 0.0325082 0.0723712
0 0.655011 0.265657 0.030035 0.0696217
1 0.239519 0.317737 0.0343883 0.0768042
4 0.882577 0.542342 0.0442738 0.121035
1 0.534246 0.308354 0.0285263 0.0578082
1 0.185867 0.335899 0.0334273 0.0711294
1 0.56837 0.23657 0.0281715 0.0651798
1 0.191051 0.273757 0.0326331 0.0716429
1 0.832852 0.285459 0.0271446 0.0650579
0 0.371616 0.226153 0.0311899 0.0602778
0 0.464038 0.20193 0.0281645 0.06468
0 0.442296 0.22042 0.0280161 0.0585134
1 0.87624 0.308616 0.0286938 0.0669298
1 0.903969 0.33115 0.0325069 0.0719468
