2 0.37015 0.43879 0.0805366 0.387754
2 0.539344 0.419582 0.0873202 0.391375
2 0.434338 0.404873 0.0539199 0.318046
2 0.291146 0.392267 0.0683298 0.289281
0 0.967676 0.834111 0.0646478 0.166965
1 0.739326 0.562441 0.0413847 0.0906106
1 0.42991 0.595845 0.0549603 0.101401
1 0.480763 0.557755 0.0484072 0.0966811
1 0.263843 0.575634 0.0485376 0.102328
1 0.30777 0.597862 0.0478526 0.0977426
1 0.0611056 0.529578 0.0483108 0.100237
0 0.0175248 0.55994 0.0350496 0.107224
2 0.222855 0.426268 0.0677223 0.270295
0 0.898956 0.525826 0.0552925 0.138329
