2 0.390176 0.480877 0.0621399 0.316418
2 0.476397 0.344281 0.0680608 0.25483
2 0.328293 0.428441 0.0725103 0.333563
1 0.43138 0.600933 0.0520377 0.101602
1 0.742619 0.565533 0.0460027 0.0988402
1 0.486204 0.490609 0.0463501 0.0846379
2 0.21509 0.459867 0.0609402 0.347405
1 0.461371 0.548425 0.043409 0.0876546
1 0.30774 0.597932 0.0491347 0.0988509
1 0.0601264 0.526828 0.0470456 0.098797
0 0.0169961 0.563727 0.0339922 0.107993
1 0.263561 0.578011 0.0483845 0.101143
0 0.969998 0.860142 0.0598728 0.178815
1 0.969449 0.857861 0.0611014 0.182797
2 0.280375 0.409149 0.0595979 0.327424
1 0.900695 0.516832 0.0540288 0.119049
