2 0.761328 0.574405 0.0670018 0.283143
2 0.862361 0.527913 0.0766296 0.278233
2 0.479604 0.566908 0.0534409 0.39229
1 0.0771392 0.793987 0.0600685 0.112164
1 0.555434 0.582805 0.0405821 0.0709006
1 0.216879 0.77525 0.0589907 0.102179
1 0.713807 0.677912 0.0518735 0.104894
1 0.618249 0.788875 0.0627048 0.11457
0 0.78392 0.818883 0.0668728 0.125549
1 0.961985 0.702942 0.0681274 0.110698
1 0.587243 0.648671 0.0541139 0.102649
1 0.200091 0.5778 0.0435269 0.0792274
1 0.65501 0.600457 0.0451181 0.0799583
1 0.631671 0.54554 0.036731 0.070238
4 0.261339 0.537786 0.0373545 0.0731303
1 0.946243 0.852298 0.0717928 0.125214
4 0.138791 0.675189 0.0628701 0.121579
1 0.844685 0.67412 0.0556183 0.0932186
1 0.257854 0.688958 0.0527166 0.0969973
4 0.02517 0.558655 0.0417086 0.0812462
0 0.945927 0.852271 0.0715858 0.126574
1 0.562322 0.524291 0.0424784 0.0711441
1 0.0117953 0.690191 0.0235905 0.109311
4 0.0912398 0.503113 0.0361261 0.065089
4 0.305356 0.568062 0.0452301 0.0814993
1 0.147461 0.514535 0.0409304 0.082494
4 0.114615 0.560571 0.0401127 0.073544
1 0.843385 0.720083 0.0679855 0.202394
4 0.258536 0.690033 0.0506345 0.0990708
1 0.351716 0.547304 0.0359761 0.0771619
