2 0.33945 0.147816 0.0340624 0.12826
1 0.185268 0.265669 0.0332 0.0692069
4 0.501073 0.320347 0.0419486 0.0810636
2 0.0184634 0.323292 0.0368795 0.345835
4 0.627105 0.453552 0.0517903 0.105476
1 0.461698 0.195058 0.0258446 0.056289
4 0.699517 0.37955 0.0480678 0.0983704
1 0.355074 0.335335 0.0385352 0.084856
4 0.439044 0.285867 0.0404623 0.0809284
1 0.314434 0.252476 0.0315754 0.0648628
1 0.112977 0.245161 0.0299271 0.0649544
1 0.237454 0.192145 0.0248309 0.053365
1 0.806124 0.390253 0.041087 0.0990197
1 0.239966 0.285433 0.0329324 0.0614058
4 0.756758 0.298411 0.0363257 0.080903
1 0.393569 0.225608 0.0270662 0.0609048
1 0.079779 0.227031 0.0284418 0.0717263
1 0.268639 0.235922 0.0281508 0.0549824
1 0.870277 0.27608 0.0332329 0.0748278
1 0.160789 0.214484 0.0237814 0.0521246
1 0.84263 0.333607 0.0344673 0.0828054
1 0.412864 0.186045 0.0242388 0.0506433
4 0.418663 0.385275 0.0386733 0.0822586
4 0.794427 0.271213 0.0330704 0.0754427
1 0.314197 0.167034 0.0255855 0.068651
4 0.499374 0.251123 0.0370531 0.0639951
1 0.27326 0.192879 0.0239295 0.0469282
1 0.563408 0.254809 0.0303316 0.0649471
1 0.351239 0.220264 0.0275619 0.0633783
2 0.330407 0.145714 0.0360311 0.113328
4 0.623535 0.248207 0.0358469 0.0817635
