2 0.137643 0.306684 0.0545984 0.251104
1 0.642553 0.446847 0.0475683 0.111396
1 0.794917 0.270095 0.0319411 0.0711245
1 0.418992 0.385344 0.0352242 0.0770563
1 0.757926 0.465881 0.0435416 0.0994873
1 0.238311 0.28671 0.0281956 0.0595543
1 0.806229 0.393934 0.0389925 0.0948159
1 0.462487 0.194821 0.023641 0.0562396
1 0.356764 0.217788 0.0245516 0.0560067
1 0.188643 0.266782 0.0316981 0.0661393
1 0.354195 0.333446 0.0376593 0.0823219
1 0.760366 0.2958 0.0335529 0.0772155
1 0.237625 0.193458 0.0231986 0.0520119
1 0.313807 0.160741 0.025234 0.055695
1 0.315557 0.2542 0.0310105 0.0626886
1 0.503143 0.314586 0.0332785 0.0707064
1 0.393146 0.225492 0.0253578 0.0593679
1 0.268275 0.237718 0.0252494 0.0522807
1 0.411181 0.193615 0.0227234 0.0541038
1 0.55742 0.207057 0.0266003 0.0496496
1 0.56201 0.253142 0.0275288 0.0608404
1 0.441295 0.284192 0.0313565 0.0720605
1 0.629505 0.242798 0.0307854 0.0744852
1 0.847658 0.331074 0.0365742 0.0840327
1 0.0796009 0.229009 0.029521 0.073057
1 0.4982 0.2495 0.0303589 0.0630551
3 0.703666 0.37734 0.0458201 0.0908461
1 0.878673 0.206015 0.0350998 0.0732255
1 0.274121 0.196902 0.0218884 0.0422234
1 0.342573 0.179064 0.0219317 0.0459078
