2 0.274964 0.484257 0.060603 0.527726
1 0.23627 0.194251 0.0227843 0.0502654
1 0.794288 0.272555 0.0317028 0.0733774
1 0.189546 0.268456 0.0317223 0.0654892
1 0.707488 0.374984 0.0383171 0.0850085
1 0.463085 0.195695 0.0233901 0.055153
1 0.354421 0.33719 0.0361306 0.0796614
1 0.421684 0.382621 0.0343794 0.0733963
1 0.846215 0.333275 0.0327666 0.0756534
1 0.392517 0.222157 0.0243124 0.0573391
1 0.313862 0.16142 0.0246696 0.0551231
1 0.11317 0.248396 0.0293755 0.0659279
1 0.157808 0.221888 0.0242863 0.0545564
1 0.757665 0.29484 0.0322134 0.0758964
1 0.564536 0.253223 0.0272839 0.0588723
1 0.503485 0.315172 0.0287779 0.0657461
1 0.238379 0.285321 0.0263975 0.0553738
1 0.504104 0.252865 0.0266821 0.0570809
1 0.354714 0.217706 0.0232492 0.0518528
1 0.802631 0.394894 0.0394745 0.0950677
1 0.862743 0.270254 0.0293068 0.0642398
1 0.413881 0.194878 0.0215393 0.0528812
1 0.558903 0.208302 0.0255495 0.0487211
1 0.316641 0.256544 0.0281019 0.0622341
1 0.442215 0.286115 0.0312922 0.0709924
1 0.190102 0.211708 0.0254696 0.0493598
1 0.75762 0.469106 0.0437462 0.0995627
2 0.634778 0.382291 0.0764511 0.290022
1 0.344176 0.178481 0.0222691 0.0451109
1 0.0764232 0.232379 0.0302723 0.0699554
1 0.27378 0.195277 0.0212914 0.0407514
1 0.62938 0.288452 0.0439026 0.089945
