2 0.0587999 0.300397 0.0568962 0.227787
2 0.338267 0.149416 0.034385 0.133844
1 0.63376 0.447475 0.0427896 0.101495
1 0.187128 0.267169 0.0328515 0.069001
1 0.239111 0.286633 0.029251 0.0592253
1 0.461739 0.194994 0.0249634 0.0557716
1 0.237756 0.193344 0.0238118 0.0522081
4 0.499897 0.317382 0.0395576 0.0765596
1 0.315253 0.252903 0.0305077 0.0635198
1 0.110939 0.246655 0.0285378 0.0643608
1 0.354554 0.339311 0.0383484 0.0850966
1 0.189168 0.210838 0.0248227 0.0495972
1 0.160608 0.217878 0.0241575 0.0540215
1 0.392183 0.224689 0.0269614 0.0599355
1 0.846096 0.329687 0.0329838 0.0750943
1 0.705754 0.373171 0.0382074 0.0827487
1 0.267491 0.23747 0.0267198 0.051465
1 0.562912 0.252426 0.0276396 0.0608764
1 0.761576 0.299033 0.0351051 0.0781112
1 0.80791 0.398551 0.0417568 0.0982666
1 0.795735 0.274479 0.0325333 0.0713594
4 0.500647 0.252297 0.0355837 0.0607057
1 0.557045 0.207879 0.0265365 0.0488869
1 0.868869 0.278595 0.0289036 0.0701319
1 0.622856 0.24057 0.0316214 0.0726286
1 0.274537 0.196384 0.0227982 0.0460766
1 0.440044 0.285198 0.0321774 0.0749285
1 0.313721 0.168419 0.024272 0.066887
4 0.418697 0.386927 0.0393254 0.0808926
1 0.0821064 0.222321 0.0235622 0.0622442
2 0.333369 0.145521 0.0357931 0.12007
1 0.418361 0.385261 0.0381081 0.0780692
1 0.351887 0.222622 0.0265259 0.0627434
1 0.412513 0.191678 0.0224226 0.0523029
