1 0.239121 0.288653 0.0264445 0.0558182
1 0.186279 0.265177 0.0313822 0.0643998
1 0.425481 0.368055 0.033886 0.073115
1 0.444542 0.286809 0.0314157 0.0658264
1 0.561209 0.250939 0.0288412 0.0664178
1 0.862377 0.265973 0.0272652 0.0604093
1 0.315933 0.158769 0.0258374 0.0549735
1 0.765424 0.296082 0.0323479 0.0728703
1 0.354883 0.33496 0.0376399 0.0841081
1 0.106676 0.254841 0.0271708 0.0564504
1 0.809542 0.394838 0.0380382 0.0936576
1 0.23737 0.193758 0.0240383 0.0523105
1 0.509282 0.308001 0.0343457 0.0763228
1 0.361387 0.216008 0.0246531 0.0607452
4 0.746085 0.475664 0.0503931 0.109897
1 0.312975 0.2617 0.0327335 0.0672577
2 0.391538 0.205529 0.0455236 0.164152
1 0.6303 0.238327 0.0265498 0.0641574
1 0.161274 0.21895 0.023158 0.0498995
1 0.510748 0.249489 0.0283529 0.0589485
1 0.34235 0.181048 0.0229893 0.0501516
1 0.256855 0.239126 0.0250715 0.0513734
1 0.0820398 0.226204 0.0269424 0.0627241
1 0.853947 0.329666 0.0305031 0.076658
1 0.799118 0.273428 0.0299454 0.0660387
4 0.712639 0.37508 0.0392199 0.0808837
1 0.276239 0.198983 0.0233364 0.0472352
4 0.62819 0.433839 0.0484311 0.0975249
1 0.189744 0.211376 0.0231907 0.04565
2 0.473964 0.217286 0.0519622 0.190308
