2 0.488518 0.322208 0.0651253 0.219918
1 0.406732 0.462382 0.040593 0.0958874
1 0.682001 0.255297 0.03781 0.0695278
1 0.588272 0.316757 0.040682 0.07979
0 0.488758 0.476958 0.0468975 0.108369
1 0.192682 0.292254 0.0322714 0.0659522
1 0.710652 0.426144 0.0452479 0.0981021
2 0.160781 0.568426 0.0728137 0.478014
1 0.392261 0.264894 0.0317033 0.067295
1 0.310175 0.300424 0.0320881 0.0689146
4 0.592964 0.526296 0.0550487 0.121914
1 0.673937 0.330577 0.0396324 0.0870346
4 0.711308 0.562102 0.0549425 0.110624
1 0.924116 0.303322 0.0384556 0.0795501
1 0.368826 0.324189 0.0373547 0.0749871
4 0.806335 0.450852 0.0557945 0.123532
1 0.332641 0.251561 0.0309281 0.0669845
1 0.860404 0.288756 0.0361963 0.0690633
1 0.088218 0.335332 0.0323831 0.0741487
1 0.595527 0.401273 0.0420002 0.0895517
1 0.287382 0.250512 0.0316072 0.0675406
1 0.755521 0.283086 0.0337335 0.0755363
1 0.118926 0.349118 0.0314001 0.0700254
1 0.773448 0.349145 0.0366814 0.0852505
0 0.846214 0.358949 0.0428955 0.0949247
1 0.240033 0.321292 0.0341848 0.0701289
1 0.448878 0.271255 0.0322919 0.0695963
