2 0.114518 0.30814 0.0690277 0.245049
0 0.645533 0.449644 0.0486614 0.1067
0 0.811703 0.409702 0.0421892 0.100357
0 0.865693 0.326988 0.0371784 0.0711573
4 0.367601 0.333972 0.0424781 0.0962976
1 0.258175 0.23825 0.0253074 0.052317
0 0.202765 0.275254 0.0321068 0.0736216
0 0.798555 0.291809 0.0306562 0.0761836
0 0.766681 0.297325 0.0337588 0.0762884
1 0.434636 0.292573 0.0360769 0.0720083
1 0.715992 0.387381 0.0397736 0.0892999
1 0.459837 0.202659 0.0281273 0.0594875
0 0.771983 0.468869 0.0474232 0.12602
4 0.300791 0.271898 0.0323877 0.0653236
0 0.715652 0.38786 0.0393681 0.0914041
1 0.442045 0.368535 0.0358415 0.0768768
4 0.507939 0.321571 0.0411802 0.0859727
1 0.309734 0.16622 0.0269466 0.0578159
1 0.620189 0.243585 0.0295238 0.066471
1 0.772201 0.468029 0.047793 0.125237
4 0.259969 0.195841 0.0242944 0.0510483
1 0.381317 0.224207 0.0253614 0.0553324
4 0.768551 0.498861 0.0597619 0.178642
0 0.178252 0.232668 0.0300646 0.0588651
