2 0.464013 0.266259 0.0666758 0.215622
1 0.406998 0.463079 0.0429291 0.096769
1 0.513625 0.361223 0.0409136 0.0857763
4 0.8069 0.455403 0.0622662 0.12976
1 0.679992 0.254644 0.0398008 0.0695176
4 0.848332 0.36367 0.0526453 0.101999
2 0.196519 0.548929 0.0713435 0.454087
1 0.392858 0.264527 0.0309034 0.0652914
1 0.310048 0.301653 0.0323224 0.0690453
1 0.233832 0.407702 0.0369813 0.0800226
1 0.594875 0.400961 0.0427511 0.0923141
4 0.70889 0.418494 0.0506076 0.107517
1 0.0877261 0.337633 0.0355539 0.0728677
1 0.368532 0.323798 0.0357256 0.0710691
4 0.490223 0.469194 0.0558584 0.100862
1 0.191091 0.282925 0.0317645 0.0558413
4 0.783123 0.344533 0.0498592 0.0899611
4 0.673959 0.329251 0.045065 0.0869477
1 0.335367 0.25103 0.031899 0.0644356
4 0.588143 0.319877 0.0418411 0.0812304
1 0.241788 0.322013 0.0300669 0.065332
4 0.591851 0.527562 0.0521507 0.121557
4 0.711042 0.563045 0.0549966 0.114658
1 0.122375 0.349432 0.0333093 0.0725435
1 0.755626 0.282565 0.0366818 0.076305
1 0.285754 0.252065 0.0333451 0.0679751
1 0.91736 0.310896 0.0390263 0.0863752
4 0.85372 0.28817 0.0422949 0.0713974
