4 0.839641 0.339183 0.0421394 0.0893311
1 0.166902 0.217771 0.0246512 0.0530855
1 0.77075 0.478791 0.0531801 0.125047
1 0.239016 0.199283 0.0229325 0.0503066
1 0.504249 0.307415 0.0339726 0.0727129
1 0.443519 0.384593 0.0375545 0.0873833
1 0.713012 0.398463 0.0405622 0.0954549
1 0.558069 0.267344 0.0298553 0.0674151
4 0.369652 0.332714 0.0377696 0.0847921
4 0.303479 0.263856 0.0335787 0.0708815
1 0.769583 0.304444 0.0327055 0.0787523
1 0.566542 0.215114 0.0265322 0.0513791
1 0.260483 0.235399 0.0274668 0.0657449
1 0.655549 0.433392 0.0483803 0.102236
2 0.356788 0.154931 0.0371084 0.107795
0 0.0825908 0.235947 0.0302395 0.0671989
0 0.803158 0.291537 0.0305706 0.0763221
1 0.500477 0.251099 0.0296812 0.0561353
1 0.202147 0.264861 0.0332276 0.0709493
1 0.436038 0.295155 0.0362867 0.0737279
1 0.30915 0.178061 0.0264806 0.0547541
1 0.807203 0.415009 0.0378091 0.0984226
4 0.370487 0.233386 0.0273214 0.0600365
1 0.618378 0.250128 0.0328948 0.0778415
0 0.807695 0.414741 0.0394328 0.101458
