2 0.850706 0.381126 0.0486964 0.160754
1 0.29961 0.668381 0.0588937 0.107092
1 0.748439 0.680324 0.0580427 0.10738
1 0.903903 0.690062 0.0614474 0.0967097
4 0.124715 0.43656 0.0430838 0.0825253
1 0.446144 0.659139 0.0516183 0.0978849
2 0.657349 0.357825 0.0461209 0.168283
1 0.757776 0.495451 0.0373829 0.0735242
1 0.452057 0.549159 0.0472208 0.0873074
1 0.808451 0.577133 0.0446739 0.0859541
1 0.698474 0.560873 0.0489811 0.0924791
4 0.0511764 0.555295 0.0582057 0.10621
1 0.906966 0.494426 0.0384274 0.0722352
1 0.347477 0.524579 0.0446728 0.0868169
4 0.215601 0.448317 0.0437348 0.0772303
1 0.670182 0.494966 0.037871 0.0662079
4 0.0783375 0.479282 0.0440804 0.0819671
4 0.155865 0.50295 0.0410181 0.0767537
1 0.851843 0.464105 0.0337858 0.0637959
1 0.467316 0.443377 0.0328045 0.0626696
1 0.377051 0.47985 0.0400325 0.0786332
1 0.936643 0.444142 0.0385376 0.0688371
1 0.987708 0.508301 0.0243398 0.0693915
1 0.440284 0.476746 0.0388773 0.0628201
1 0.634966 0.456872 0.0425465 0.0717295
