2 0.608167 0.342342 0.0747374 0.219523
0 0.531412 0.250231 0.0269287 0.0564368
0 0.694474 0.47898 0.0425358 0.0896583
0 0.259567 0.419476 0.043284 0.0911943
0 0.233766 0.352767 0.0343335 0.0727729
1 0.102815 0.367935 0.0357838 0.0809624
1 0.814967 0.267005 0.0237326 0.0580232
1 0.746995 0.334847 0.0338123 0.0734527
1 0.516621 0.202962 0.0204717 0.0479485
0 0.740023 0.246028 0.0265735 0.0590589
1 0.791102 0.480812 0.044214 0.0903005
0 0.618169 0.472095 0.0429413 0.0944388
0 0.708005 0.283746 0.0308716 0.0644445
1 0.783145 0.212058 0.0267074 0.0559207
1 0.297958 0.272658 0.0296159 0.0632477
1 0.169207 0.335815 0.0390821 0.0812848
1 0.883083 0.280858 0.0367138 0.0812853
0 0.487353 0.231105 0.0263686 0.0550362
0 0.273944 0.340704 0.0344796 0.0720477
4 0.89098 0.609966 0.0685937 0.128188
0 0.244451 0.291668 0.031222 0.0658375
1 0.823416 0.354239 0.03433 0.0790724
0 0.576906 0.523884 0.0659323 0.120662
4 0.904073 0.404365 0.046088 0.0947278
0 0.414949 0.240138 0.0213224 0.053904
0 0.303962 0.372817 0.0344945 0.0817289
0 0.402862 0.334872 0.0359123 0.0780955
0 0.506019 0.265196 0.0306145 0.0621105
1 0.765369 0.27684 0.0285764 0.0611773
4 0.65149 0.357847 0.0381174 0.0873406
0 0.394092 0.271149 0.0277749 0.052924
2 0.623495 0.162212 0.032571 0.10014
4 0.900678 0.50833 0.0506725 0.0940532
