1 0.747343 0.33514 0.0333969 0.072781
2 0.599933 0.341872 0.0650179 0.241542
0 0.694894 0.477308 0.0429288 0.090821
0 0.233843 0.354742 0.0346208 0.0725907
1 0.763717 0.263606 0.0276928 0.0579931
1 0.814765 0.267169 0.0254694 0.0591724
0 0.531191 0.251359 0.0279549 0.057843
1 0.517006 0.198327 0.0194504 0.0464917
1 0.792244 0.481492 0.0440173 0.0916829
0 0.709138 0.284932 0.0314636 0.068913
1 0.29606 0.27356 0.0290914 0.0623916
0 0.302438 0.373052 0.0343251 0.0803674
1 0.105239 0.369501 0.0401325 0.0823303
0 0.260975 0.412439 0.0396627 0.0854518
4 0.904903 0.406961 0.0455171 0.0967741
1 0.487355 0.227314 0.0245918 0.0533668
0 0.27401 0.339743 0.0329306 0.0713089
0 0.618485 0.47226 0.0426714 0.0914521
1 0.785418 0.220972 0.0252113 0.0563989
0 0.24504 0.293048 0.0301888 0.0664276
1 0.171823 0.332356 0.0404859 0.086017
1 0.732755 0.236772 0.0235764 0.0601244
1 0.404969 0.228303 0.0223264 0.0489521
2 0.623459 0.160865 0.0341463 0.101763
0 0.577257 0.524061 0.0670923 0.12056
1 0.50567 0.265668 0.0301408 0.0615433
1 0.741257 0.229781 0.0254799 0.059841
1 0.448456 0.22772 0.0254183 0.0550281
4 0.890295 0.61122 0.0686478 0.128683
1 0.832391 0.229882 0.0254572 0.0549626
0 0.39728 0.273379 0.0311192 0.0556882
0 0.824285 0.347509 0.0369293 0.0766516
4 0.401236 0.3319 0.0376928 0.0778771
