0 0.960243 0.724552 0.0789448 0.14042
0 0.858761 0.548016 0.0700771 0.118695
0 0.212508 0.708591 0.0973346 0.161414
0 0.0588809 0.758877 0.0917512 0.157918
0 0.74721 0.550814 0.053472 0.108367
0 0.0469318 0.576338 0.0676663 0.138497
0 0.70768 0.50779 0.0480807 0.0937332
0 0.84797 0.457697 0.0455891 0.078686
0 0.18938 0.565684 0.0704061 0.105536
0 0.923995 0.450158 0.0425036 0.0901879
0 0.878576 0.924294 0.125798 0.151413
0 0.796198 0.713857 0.0720898 0.144334
4 0.165781 0.452092 0.0489057 0.0863782
2 0.347024 0.63602 0.127101 0.537163
0 0.712033 0.434908 0.0370563 0.0644446
1 0.777501 0.429879 0.0486584 0.0870428
1 0.251349 0.460183 0.0466989 0.082499
0 0.0101789 0.544327 0.0203577 0.107317
0 0.0922564 0.449428 0.0479973 0.0964569
0 0.0168619 0.47112 0.0337239 0.0800652
1 0.79593 0.714543 0.0746207 0.139169
0 0.952118 0.534687 0.052446 0.105957
