0 0.164837 0.347215 0.037318 0.0778326
1 0.311271 0.369909 0.030739 0.0759145
0 0.617801 0.464286 0.0393853 0.0985104
0 0.651054 0.373317 0.0378368 0.0841246
1 0.100546 0.367575 0.0384912 0.0824524
0 0.692177 0.463733 0.0389308 0.0887916
1 0.745339 0.323051 0.0311086 0.0740914
1 0.824192 0.351781 0.0327755 0.0777164
0 0.278903 0.334232 0.0311328 0.0704515
1 0.815776 0.27359 0.0248806 0.0551309
1 0.78431 0.216392 0.0258761 0.0556423
0 0.232623 0.347575 0.0321263 0.0718062
0 0.577217 0.527785 0.056352 0.115051
1 0.359043 0.22833 0.0201128 0.0445771
2 0.922242 0.430244 0.0688015 0.406142
1 0.795971 0.466983 0.0421223 0.0898073
1 0.762797 0.261377 0.0258987 0.054122
0 0.532092 0.253583 0.0273476 0.0627773
1 0.48985 0.224471 0.0229824 0.0491839
1 0.870861 0.245835 0.0229819 0.0520097
1 0.729201 0.226241 0.0241322 0.0562909
0 0.275834 0.419469 0.0462848 0.0898944
1 0.519418 0.186832 0.0206715 0.0496463
1 0.353204 0.268095 0.0238587 0.0541489
0 0.25265 0.299504 0.0272995 0.0667449
1 0.435809 0.302794 0.0290997 0.0699682
1 0.479593 0.192021 0.0211847 0.0467265
1 0.298606 0.271333 0.0270105 0.0632422
1 0.8311 0.230214 0.0250995 0.055393
1 0.453353 0.22632 0.0228731 0.0517868
0 0.503555 0.268285 0.0303958 0.0625883
1 0.703301 0.239818 0.0246118 0.0596747
2 0.391909 0.540257 0.0726529 0.58281
1 0.594035 0.208063 0.0222679 0.0546058
1 0.707474 0.281419 0.0259104 0.0654803
