0 0.326754 0.681215 0.0923764 0.200616
0 0.249029 0.81763 0.110524 0.207914
2 0.863122 0.520619 0.125764 0.662371
0 0.414342 0.482468 0.0704243 0.145838
0 0.667697 0.656786 0.0698402 0.183316
0 0.573307 0.224934 0.043256 0.0917955
0 0.725224 0.434133 0.0545268 0.147527
0 0.0596568 0.253339 0.0472757 0.107417
0 0.664398 0.196468 0.0453075 0.0834439
0 0.0718243 0.165604 0.0425342 0.0841761
0 0.259159 0.205809 0.0454157 0.09363
0 0.112113 0.301017 0.0545198 0.11249
0 0.583732 0.396499 0.0563041 0.146665
0 0.48871 0.682652 0.0851831 0.194356
0 0.627912 0.287562 0.0476862 0.113071
0 0.0188573 0.158642 0.0363813 0.0925516
0 0.299895 0.16992 0.0488174 0.0891674
0 0.716731 0.313356 0.0485953 0.092651
0 0.536127 0.32495 0.0521421 0.102855
0 0.201321 0.179253 0.0441175 0.0975855
0 0.168574 0.271928 0.0470002 0.10285
0 0.140205 0.157181 0.0418288 0.0917156
0 0.442455 0.404504 0.0576205 0.105447
0 0.806084 0.478135 0.0441006 0.134246
0 0.590239 0.162468 0.0399652 0.0733596
0 0.00891506 0.244481 0.0175826 0.107274
1 0.169156 0.271596 0.0459898 0.103303
