1 0.0763204 0.727998 0.0854443 0.148914
1 0.790802 0.714977 0.0715567 0.118272
0 0.970505 0.716628 0.0587511 0.165908
1 0.236307 0.673132 0.0698724 0.141156
2 0.588444 0.448966 0.0661932 0.441375
1 0.174008 0.543133 0.0529017 0.104608
1 0.729756 0.54713 0.061927 0.115612
4 0.778633 0.435914 0.0546535 0.103057
4 0.94558 0.436735 0.0580495 0.103371
1 0.146547 0.914832 0.105773 0.15734
1 0.156447 0.438675 0.0415199 0.0787767
1 0.75551 0.641543 0.0571474 0.109364
0 0.859437 0.542479 0.0641514 0.110028
0 0.0418686 0.565666 0.0682649 0.132755
1 0.687961 0.489525 0.0516169 0.0937378
2 0.257942 0.445485 0.068744 0.279879
1 0.0143245 0.469985 0.028649 0.0785717
1 0.859464 0.54137 0.0651459 0.110202
0 0.952498 0.534206 0.0574558 0.108645
4 0.0781308 0.448007 0.0473811 0.0952901
0 0.262136 0.348552 0.0496913 0.0901295
0 0.852274 0.447747 0.0530121 0.088252
1 0.837891 0.908886 0.103639 0.165159
1 0.311329 0.514453 0.0588069 0.12296
1 0.10978 0.413941 0.0361233 0.087595
