0 0.187503 0.68172 0.0758455 0.176847
0 0.28666 0.765558 0.0925309 0.199086
0 0.504834 0.638161 0.0736567 0.139247
0 0.621475 0.596048 0.0803602 0.153496
0 0.428382 0.443321 0.0694579 0.141123
0 0.357343 0.516641 0.0707905 0.161966
0 0.225855 0.54589 0.067625 0.130582
0 0.474885 0.534283 0.0617054 0.135554
0 0.504941 0.401978 0.0662626 0.128922
0 0.0361703 0.710444 0.0723405 0.197266
1 0.970885 0.922867 0.0582294 0.154265
0 0.690816 0.445591 0.0658264 0.121571
1 0.601806 0.373699 0.0598722 0.120219
2 0.106994 0.68846 0.075494 0.407282
0 0.117843 0.537072 0.0624912 0.117006
