0 0.624383 0.591098 0.0772559 0.151981
0 0.287571 0.762816 0.0951026 0.196626
0 0.504899 0.637491 0.0741411 0.143641
0 0.34822 0.531002 0.0748368 0.166391
0 0.171432 0.689494 0.0856968 0.175646
0 0.42961 0.439879 0.0723554 0.139121
0 0.165873 0.87931 0.12011 0.183797
0 0.224005 0.561909 0.0633405 0.131794
1 0.967479 0.918018 0.0648666 0.163964
0 0.682887 0.460935 0.0500488 0.115004
0 0.597034 0.400006 0.0535141 0.119038
0 0.505262 0.402726 0.0658783 0.128785
2 0.0889808 0.688005 0.109124 0.418391
0 0.474121 0.535052 0.0606726 0.139928
0 0.0308119 0.708765 0.0615536 0.190437
2 0.766363 0.62155 0.133593 0.611294
2 0.797296 0.624915 0.185973 0.669544
