0 0.5491 0.549135 0.0631462 0.120965
1 0.778375 0.695439 0.0710606 0.180276
0 0.448418 0.716121 0.0673487 0.174733
0 0.672276 0.512675 0.0567268 0.12624
0 0.928546 0.791596 0.123447 0.217387
0 0.776858 0.539996 0.0599699 0.120121
1 0.602491 0.655247 0.0651665 0.171274
0 0.910063 0.562334 0.0676814 0.142275
0 0.381756 0.740479 0.0801932 0.168545
0 0.747199 0.21732 0.0433038 0.090492
0 0.812208 0.419881 0.0454953 0.0951548
0 0.0262927 0.528889 0.0524183 0.133654
0 0.63507 0.381061 0.0408463 0.105156
0 0.603408 0.654623 0.0658442 0.173268
1 0.138649 0.371486 0.0460334 0.109891
0 0.493638 0.930601 0.110355 0.138798
0 0.71589 0.378315 0.0502564 0.111991
0 0.773139 0.109734 0.0375535 0.0708154
0 0.0925047 0.493903 0.0618683 0.121262
0 0.704936 0.939214 0.106684 0.121573
1 0.0653303 0.364073 0.0485623 0.107687
0 0.903316 0.408816 0.0537373 0.0762621
0 0.329951 0.209242 0.0416411 0.0883118
2 0.571345 0.384995 0.0881102 0.250735
