1 0.0737231 0.73634 0.0871053 0.161777
2 0.0417437 0.468145 0.0834874 0.388028
1 0.785167 0.723179 0.0784426 0.126936
1 0.688346 0.480839 0.0479897 0.0930293
2 0.699013 0.331363 0.0649403 0.250242
0 0.966149 0.708492 0.0677023 0.169216
1 0.733673 0.540827 0.0548861 0.100349
1 0.865466 0.532847 0.0618317 0.112209
1 0.776626 0.420066 0.0505542 0.0906971
4 0.324099 0.518615 0.0650613 0.129192
1 0.170292 0.541209 0.055376 0.10627
1 0.830511 0.910159 0.0964401 0.157528
1 0.24799 0.446472 0.0475375 0.0791263
4 0.933784 0.443349 0.0471439 0.0854084
1 0.110673 0.419871 0.0433463 0.0931217
1 0.264687 0.66468 0.0766793 0.160209
0 0.350789 0.422745 0.0375374 0.082397
1 0.955637 0.527827 0.0582153 0.0978284
1 0.652851 0.400329 0.0422428 0.0831341
1 0.158912 0.447785 0.0450122 0.0782842
1 0.85598 0.440974 0.0522612 0.0850984
0 0.95785 0.526655 0.0586782 0.0996407
1 0.760771 0.64304 0.0651614 0.0960411
