2 0.63757 0.439655 0.0626237 0.394977
2 0.88615 0.338594 0.0655933 0.270547
1 0.791868 0.705673 0.0702131 0.128667
1 0.976755 0.709969 0.0462793 0.158206
1 0.859928 0.532427 0.0607913 0.106165
1 0.0424835 0.744262 0.0831272 0.145034
1 0.742518 0.544295 0.0555685 0.0976508
1 0.77825 0.427239 0.0524116 0.0933763
1 0.696912 0.478196 0.0501904 0.0852105
1 0.852809 0.445693 0.0495247 0.0775256
1 0.0454771 0.539701 0.0628548 0.117971
1 0.268374 0.665653 0.0851775 0.166021
4 0.312097 0.524229 0.0637299 0.109294
0 0.352844 0.428576 0.038713 0.0814596
1 0.145837 0.917636 0.10854 0.155755
1 0.162603 0.555402 0.0659589 0.129881
4 0.158334 0.449875 0.0490602 0.0796644
4 0.0867446 0.43708 0.0522806 0.0974604
1 0.935513 0.445862 0.0420232 0.081046
1 0.012601 0.47276 0.0249424 0.097296
1 0.957687 0.531245 0.0548069 0.106232
1 0.24581 0.454239 0.0509266 0.0854741
1 0.695142 0.407052 0.0450385 0.0723768
1 0.817888 0.911128 0.104446 0.16801
1 0.116016 0.414099 0.032353 0.0794033
