0 0.59145 0.454048 0.0508719 0.106192
0 0.841769 0.321407 0.0399755 0.0876973
0 0.710469 0.526795 0.0674038 0.106772
0 0.761389 0.363478 0.0422819 0.0972337
0 0.391854 0.49216 0.0558212 0.116745
0 0.567368 0.362035 0.040779 0.0881165
0 0.929017 0.353068 0.0417793 0.08239
0 0.488501 0.536062 0.0562405 0.116283
0 0.714494 0.648408 0.0780704 0.145042
0 0.507392 0.420262 0.0464548 0.108103
0 0.598298 0.596888 0.0588473 0.119619
0 0.672738 0.372266 0.0489516 0.0989863
0 0.160671 0.415677 0.0429864 0.0849683
0 0.816745 0.506178 0.0728623 0.146512
0 0.184772 0.318485 0.0428798 0.0760743
0 0.220245 0.351138 0.0373364 0.0731164
0 0.214512 0.439237 0.0451312 0.0891212
0 0.385121 0.30754 0.0331443 0.0674487
0 0.0722444 0.361203 0.03979 0.0864718
0 0.114006 0.375969 0.0403177 0.0828631
0 0.452087 0.311539 0.0360281 0.0754838
0 0.350993 0.355847 0.0409401 0.0760904
0 0.843966 0.416327 0.0506077 0.0974691
1 0.3277 0.266332 0.0404962 0.0765341
0 0.273761 0.268985 0.0372922 0.0752352
0 0.328952 0.267717 0.0372184 0.0743161
0 0.298502 0.303023 0.0412468 0.0796904
