1 0.505358 0.69884 0.05242 0.115199
1 0.588218 0.653949 0.0476898 0.105712
0 0.673041 0.649077 0.0457128 0.106794
1 0.829627 0.427906 0.0268291 0.060946
1 0.655315 0.50627 0.0382522 0.0884723
1 0.825797 0.512404 0.0396511 0.0890523
1 0.684616 0.423937 0.0323425 0.0775904
1 0.360014 0.384132 0.0264013 0.0607368
1 0.763622 0.66121 0.0476023 0.105314
1 0.789133 0.374477 0.0276692 0.0678151
1 0.408937 0.366375 0.0260498 0.0694118
1 0.612255 0.525606 0.0378722 0.0964812
2 0.530428 0.478726 0.0744326 0.347167
1 0.31942 0.385298 0.0318257 0.0622045
1 0.23097 0.446065 0.033497 0.0736711
0 0.178516 0.589286 0.0479589 0.1011
1 0.737681 0.496904 0.0418858 0.0919176
1 0.139299 0.514375 0.0418769 0.0954044
1 0.762889 0.415961 0.0293568 0.066763
0 0.18691 0.512091 0.0445192 0.0780728
1 0.0628665 0.528466 0.0470721 0.0857335
1 0.497041 0.414268 0.0285941 0.0664058
1 0.488781 0.333625 0.0220637 0.051197
1 0.926372 0.571389 0.0477074 0.0969722
1 0.904187 0.449467 0.0412973 0.0785892
1 0.446355 0.377654 0.0260743 0.0599657
2 0.938265 0.761739 0.0980778 0.476522
1 0.336964 0.466323 0.0411199 0.0820516
1 0.00770856 0.579663 0.0154059 0.0777829
1 0.369726 0.463521 0.0322844 0.0677162
1 0.465515 0.42844 0.0336795 0.0722226
1 0.287368 0.445518 0.0325974 0.0774302
4 0.869243 0.765052 0.06716 0.124287
