0 0.594935 0.651928 0.0494366 0.106426
1 0.833663 0.51084 0.0402857 0.0934789
2 0.940603 0.764947 0.0891312 0.470105
0 0.676009 0.651422 0.0509825 0.118804
1 0.752452 0.498359 0.037925 0.0857273
1 0.617875 0.540362 0.0382135 0.0961517
1 0.330573 0.488955 0.0330431 0.0729821
1 0.489554 0.345417 0.0225302 0.0540778
1 0.357336 0.381282 0.0243694 0.0598679
0 0.523745 0.694941 0.0584261 0.115386
1 0.444287 0.376608 0.0260641 0.0629015
1 0.238998 0.450233 0.0321555 0.0713741
1 0.466947 0.42797 0.0303013 0.0678753
1 0.78609 0.665811 0.0463663 0.107688
1 0.836231 0.389312 0.0246597 0.0584969
1 0.40918 0.368142 0.0281351 0.0681488
0 0.337532 0.433321 0.0330467 0.0579981
1 0.815062 0.420996 0.0269841 0.064537
1 0.0658632 0.527661 0.049948 0.090371
1 0.76279 0.418249 0.0274496 0.0667152
4 0.659636 0.509449 0.0472757 0.0921252
1 0.515511 0.35033 0.0250095 0.0575095
1 0.193039 0.506912 0.0392862 0.0794735
1 0.143819 0.521343 0.0383287 0.0932597
0 0.858857 0.791398 0.0581541 0.143159
1 0.494071 0.410523 0.0301504 0.0603539
4 0.568196 0.452215 0.050571 0.232659
1 0.905408 0.446327 0.0399296 0.0772261
1 0.788649 0.369288 0.0276279 0.0656748
4 0.332632 0.388123 0.0291676 0.0673294
1 0.375911 0.473041 0.038023 0.073966
1 0.891602 0.715919 0.0471187 0.09034
0 0.28666 0.445056 0.0311626 0.0699141
4 0.923443 0.584939 0.0494208 0.107147
0 0.879039 0.405173 0.0295423 0.0714011
1 0.18014 0.589738 0.0475638 0.0991803
1 0.690043 0.432817 0.0358673 0.0795931
