1 0.764417 0.930845 0.107286 0.13831
1 0.399403 0.688185 0.0692881 0.111268
1 0.430345 0.817371 0.0822714 0.135117
1 0.330034 0.714602 0.0814482 0.138227
2 0.511322 0.67021 0.131873 0.560396
1 0.85837 0.787328 0.0840151 0.144118
1 0.33399 0.862618 0.101111 0.137495
1 0.229695 0.771297 0.10408 0.13335
0 0.0990866 0.858759 0.114022 0.180809
1 0.940012 0.665357 0.0689322 0.126621
1 0.967338 0.955759 0.0653232 0.0884813
2 0.509351 0.597394 0.137572 0.389281
1 0.900335 0.741932 0.0651939 0.11077
1 0.79539 0.843361 0.0874115 0.118036
