2 0.151738 0.696741 0.0857359 0.529956
1 0.497941 0.693318 0.0530061 0.11636
1 0.31025 0.391916 0.0260151 0.0621867
1 0.288012 0.435296 0.0301849 0.066867
1 0.230403 0.445597 0.032232 0.0715426
1 0.492488 0.337142 0.0222954 0.051868
1 0.355835 0.378655 0.0244072 0.0521267
1 0.822494 0.511792 0.0428692 0.0915748
1 0.469631 0.428099 0.0292718 0.0679816
1 0.782503 0.652179 0.050417 0.102635
1 0.409329 0.362434 0.026713 0.060342
0 0.68166 0.666646 0.0547041 0.120868
1 0.229862 0.545579 0.0386665 0.0997496
1 0.723238 0.367939 0.0271133 0.066897
1 0.349257 0.492708 0.0327445 0.0759581
1 0.383506 0.467919 0.0310606 0.0709827
1 0.49687 0.404644 0.0268907 0.0586687
1 0.589164 0.651863 0.0461412 0.104995
0 0.589591 0.651092 0.0474342 0.106325
1 0.737337 0.505304 0.0412621 0.092019
1 0.760542 0.416766 0.0337729 0.0710025
1 0.527937 0.349263 0.0230946 0.0528697
1 0.0582035 0.506236 0.0468086 0.102801
1 0.67646 0.436582 0.0336277 0.0791485
1 0.823722 0.428257 0.0312145 0.0616135
1 0.453514 0.367684 0.0254706 0.0568067
1 0.580057 0.353863 0.0248238 0.0598816
1 0.352139 0.426032 0.0278779 0.0580585
1 0.781963 0.363616 0.0293981 0.0668501
1 0.696508 0.395068 0.0280779 0.0655943
0 0.622737 0.539629 0.0440008 0.0936337
1 0.554961 0.370654 0.0251371 0.0631487
1 0.914777 0.596323 0.0798408 0.14618
4 0.059448 0.506221 0.0483015 0.108791
1 0.883197 0.849878 0.110116 0.234497
1 0.198223 0.511491 0.0365602 0.0869931
1 0.839009 0.385216 0.0280361 0.056415
