1 0.192892 0.587487 0.0433553 0.0948668
2 0.356847 0.636831 0.0715045 0.503106
1 0.287505 0.436931 0.0304845 0.0671746
2 0.903897 0.377336 0.0551815 0.219174
0 0.511535 0.702428 0.0555477 0.123935
1 0.841731 0.379242 0.0292759 0.0653349
1 0.782754 0.652438 0.0515488 0.103375
1 0.492491 0.336638 0.021847 0.0530553
1 0.469461 0.427051 0.0302464 0.0679592
0 0.588356 0.65197 0.048142 0.107793
1 0.304753 0.392463 0.024083 0.0593817
1 0.786292 0.36316 0.0277819 0.0693704
1 0.737015 0.500525 0.043224 0.0932229
1 0.456375 0.368507 0.0259127 0.0572244
1 0.823668 0.508738 0.0388657 0.0841782
1 0.557518 0.37134 0.0263077 0.0665585
1 0.724567 0.371965 0.027803 0.0687661
4 0.0663152 0.506461 0.0541125 0.10437
1 0.149219 0.520717 0.0362116 0.0859312
1 0.823563 0.429145 0.033622 0.0683295
4 0.573335 0.509769 0.0477001 0.0997491
1 0.90665 0.444377 0.0400963 0.0847378
1 0.759384 0.416839 0.035429 0.0745792
1 0.227121 0.448712 0.0325866 0.0729829
1 0.496236 0.407905 0.0275416 0.0595426
1 0.581127 0.358075 0.0261301 0.057449
1 0.526801 0.347293 0.024038 0.0544143
1 0.405257 0.371784 0.0253937 0.0631983
1 0.682315 0.432111 0.0372318 0.089345
1 0.675547 0.65751 0.0454279 0.102244
0 0.619954 0.542978 0.0438787 0.0960945
1 0.172376 0.464664 0.0305329 0.0735283
