0 0.593245 0.457544 0.0483995 0.101091
0 0.712129 0.527323 0.0689214 0.102548
0 0.397424 0.50386 0.0559761 0.114872
0 0.669194 0.372311 0.0533558 0.108506
0 0.708903 0.647979 0.0798421 0.145745
0 0.492516 0.534024 0.0545103 0.117106
0 0.803824 0.543468 0.0639236 0.122945
0 0.513237 0.413597 0.0469418 0.104442
0 0.575084 0.36081 0.0426636 0.0905585
0 0.595209 0.59836 0.0575254 0.111917
0 0.765665 0.405658 0.0480034 0.101271
0 0.355784 0.342759 0.041763 0.0793031
0 0.669063 0.280663 0.0489473 0.0739953
0 0.750056 0.307234 0.0412588 0.0813678
0 0.44917 0.302682 0.0361153 0.082937
0 0.228193 0.337871 0.0402196 0.0829086
0 0.874406 0.371405 0.0510895 0.103967
0 0.116059 0.374795 0.038006 0.0868023
0 0.182469 0.32161 0.0422153 0.0750148
0 0.330627 0.262282 0.0378509 0.0735013
0 0.392018 0.298648 0.033979 0.0698062
0 0.848257 0.30572 0.0367575 0.0750497
0 0.842694 0.429578 0.0470883 0.100825
0 0.297938 0.304024 0.0407976 0.0864562
0 0.162543 0.407746 0.0430751 0.0844772
0 0.210548 0.448052 0.0494133 0.102279
0 0.927011 0.332255 0.0394124 0.0773448
4 0.0755854 0.354632 0.0390688 0.0852896
0 0.0761596 0.355005 0.0378767 0.0883213
