0 0.960361 0.731744 0.0792195 0.153048
0 0.79538 0.737179 0.0844375 0.163401
0 0.0642593 0.76873 0.100402 0.165694
0 0.20212 0.730029 0.0817201 0.160188
1 0.167526 0.546193 0.0630311 0.0991796
0 0.321719 0.454606 0.0519278 0.0999124
0 0.9352 0.46356 0.0453167 0.0802982
1 0.83968 0.530227 0.057783 0.10775
0 0.693671 0.335959 0.0383083 0.0739588
0 0.748742 0.540041 0.0446823 0.106904
0 0.676442 0.419286 0.0393199 0.0818498
0 0.985309 0.540654 0.0293823 0.104912
0 0.244938 0.460903 0.0466377 0.0804259
0 0.285783 0.560766 0.0563107 0.104887
1 0.0401066 0.55393 0.0604774 0.111572
0 0.715254 0.499481 0.0395436 0.0820872
0 0.767695 0.428455 0.0456757 0.082938
0 0.950316 0.536132 0.0413786 0.0921988
