0 0.746978 0.289296 0.0395919 0.0809027
0 0.841099 0.320497 0.0392584 0.086892
0 0.510947 0.415324 0.0474558 0.106212
0 0.675341 0.279443 0.0412286 0.072064
0 0.803746 0.541861 0.0657787 0.121449
0 0.397161 0.50123 0.0516668 0.110271
0 0.707411 0.528343 0.0695574 0.0997609
0 0.670216 0.369835 0.0486303 0.0982993
0 0.594431 0.451322 0.0480573 0.105104
0 0.706607 0.645747 0.078204 0.151114
0 0.492081 0.534132 0.0539934 0.113554
0 0.571657 0.360133 0.0410963 0.0888467
0 0.357464 0.354815 0.0453127 0.0833784
0 0.18912 0.312757 0.0404407 0.0779072
0 0.597008 0.598232 0.0534416 0.113774
0 0.844081 0.423412 0.0526394 0.10998
0 0.170781 0.394915 0.0448814 0.0918306
0 0.228044 0.341611 0.0383569 0.0848358
0 0.921822 0.358087 0.0343717 0.0664372
0 0.389327 0.297465 0.0362007 0.0683908
0 0.455213 0.293725 0.0357229 0.0813912
0 0.934199 0.299279 0.0475652 0.0857661
0 0.116865 0.371367 0.0366653 0.0888959
0 0.76631 0.365313 0.0441643 0.0958284
0 0.332042 0.264123 0.0353577 0.073764
0 0.296146 0.299613 0.0402765 0.0814893
0 0.0750748 0.357525 0.0397313 0.0917466
4 0.0758389 0.358879 0.0402256 0.0895519
0 0.212431 0.458482 0.0500052 0.0993144
