0 0.192428 0.707877 0.0689196 0.144678
0 0.298624 0.54648 0.0572222 0.113244
0 0.0708291 0.764936 0.0958243 0.181391
1 0.181561 0.553091 0.0608271 0.103366
0 0.78367 0.732727 0.0879169 0.165349
0 0.929675 0.472602 0.0487656 0.0918213
0 0.837777 0.545945 0.0612123 0.108404
0 0.974017 0.717819 0.051899 0.137732
0 0.735903 0.551602 0.0555749 0.11124
0 0.888345 0.930955 0.0977632 0.138091
0 0.0409136 0.569946 0.0610015 0.113087
0 0.330619 0.461961 0.0464767 0.0896199
0 0.957717 0.555232 0.0562245 0.108137
1 0.0100379 0.47333 0.0199142 0.0703239
0 0.763931 0.432524 0.0498804 0.0845744
0 0.269423 0.379455 0.064233 0.115256
1 0.244589 0.461501 0.0465245 0.0797592
0 0.932208 0.410853 0.0482597 0.060317
0 0.115122 0.446621 0.0422227 0.0871904
0 0.00830831 0.545525 0.0166166 0.0865784
