2 0.456969 0.486258 0.101995 0.323469
1 0.730013 0.891943 0.0768849 0.145784
2 0.853227 0.544429 0.0915108 0.332917
1 0.901263 0.884905 0.0850536 0.15232
1 0.643652 0.806775 0.0852346 0.134728
1 0.788251 0.722463 0.0790024 0.132996
1 0.887988 0.768213 0.0682434 0.106688
0 0.0827838 0.776284 0.0671917 0.121401
1 0.641871 0.69409 0.0742237 0.104519
0 0.127934 0.722215 0.061213 0.125313
1 0.0422358 0.863163 0.0786356 0.145181
0 0.641994 0.692707 0.0754606 0.108154
1 0.989551 0.718916 0.020787 0.137138
