2 0.443146 0.458254 0.104185 0.37835
1 0.699501 0.873795 0.0801909 0.152645
1 0.640204 0.816357 0.0752087 0.124948
2 0.847784 0.568289 0.0942698 0.371682
1 0.901806 0.889459 0.0846127 0.15203
1 0.0369838 0.861438 0.0738268 0.155204
1 0.153683 0.698849 0.06422 0.114995
1 0.623417 0.690917 0.0733664 0.118364
1 0.784892 0.706116 0.0734962 0.126197
0 0.908582 0.764897 0.0703304 0.11412
0 0.785654 0.705177 0.07224 0.121867
1 0.0828926 0.765568 0.0683868 0.11634
0 0.0830017 0.766166 0.0683911 0.116821
1 0.990618 0.720917 0.0187644 0.110418
