2 0.436447 0.718353 0.111287 0.563295
2 0.0985914 0.604641 0.122888 0.691723
1 0.23227 0.451527 0.0443295 0.0958652
1 0.198374 0.609827 0.0595576 0.124881
1 0.311236 0.330619 0.031905 0.0668552
1 0.29579 0.398942 0.0357706 0.0779151
1 0.798696 0.434757 0.0406298 0.0885509
1 0.172464 0.406183 0.0414968 0.095999
1 0.363484 0.258569 0.0278259 0.0606116
1 0.0120769 0.309239 0.0241538 0.0787473
1 0.361241 0.443411 0.0372205 0.0963545
1 0.480144 0.252155 0.0281967 0.0636115
4 0.829616 0.343764 0.0377355 0.0825237
0 0.544417 0.567784 0.0828546 0.185818
4 0.930077 0.394942 0.0462605 0.089511
1 0.179134 0.304409 0.0325492 0.0859568
1 0.249534 0.281777 0.036003 0.0799859
1 0.764994 0.351724 0.0350222 0.0801377
1 0.747546 0.485543 0.0471313 0.0906721
1 0.608426 0.342032 0.0288437 0.0675325
1 0.528989 0.259469 0.0271095 0.0633788
1 0.73434 0.305656 0.0296677 0.0734756
1 0.426735 0.276429 0.0291027 0.0644943
1 0.884982 0.437973 0.0391223 0.0828033
0 0.546092 0.544486 0.0674747 0.131675
1 0.62819 0.402459 0.0387198 0.0819163
1 0.383126 0.379795 0.0322853 0.0747085
1 0.341503 0.619234 0.0575219 0.132298
0 0.748593 0.483128 0.045887 0.0893534
1 0.478617 0.328818 0.0288731 0.0728575
1 0.149624 0.2853 0.0306445 0.0755632
1 0.66564 0.316974 0.0323283 0.070334
4 0.692712 0.363984 0.0390002 0.0865796
1 0.572585 0.245288 0.0287121 0.0661587
