2 0.563481 0.712753 0.109298 0.574495
2 0.468643 0.516384 0.0905346 0.404763
1 0.238827 0.456073 0.0444489 0.0992378
4 0.194837 0.622674 0.0707117 0.149597
1 0.173583 0.407036 0.0399116 0.0926941
1 0.306576 0.330013 0.0316394 0.0666452
1 0.745124 0.482192 0.0451533 0.0926361
1 0.792015 0.442807 0.0390697 0.0816958
1 0.293058 0.398834 0.0351702 0.0800334
1 0.063611 0.289904 0.0307109 0.0780153
4 0.342188 0.605983 0.0649112 0.114454
1 0.246463 0.280151 0.0342739 0.0779117
1 0.0132442 0.30576 0.0264885 0.0814847
1 0.480066 0.267621 0.0305998 0.0649614
1 0.883674 0.438466 0.0389076 0.0823666
1 0.092442 0.320507 0.0330731 0.0764882
4 0.693177 0.364573 0.038646 0.0883906
1 0.363314 0.256039 0.0288 0.0635074
1 0.175454 0.294595 0.0332585 0.0734962
1 0.627513 0.400662 0.0341753 0.0752614
4 0.9345 0.400208 0.0480232 0.0909795
1 0.765625 0.355896 0.0372276 0.0830677
1 0.733508 0.309202 0.0309432 0.0756123
1 0.423437 0.276365 0.0297985 0.0670196
0 0.112338 0.500923 0.0545613 0.107645
1 0.0757624 0.41864 0.0390343 0.0868365
0 0.13259 0.391366 0.0380013 0.0860953
4 0.827787 0.348587 0.0438126 0.0959873
1 0.551413 0.341495 0.0336591 0.0775634
1 0.52809 0.255658 0.0284637 0.0668147
1 0.360644 0.441023 0.0448412 0.0982846
1 0.610211 0.3432 0.0318886 0.0613003
1 0.828127 0.343284 0.0381073 0.0816128
1 0.568582 0.25174 0.028432 0.0692743
1 0.148223 0.277969 0.0324727 0.0796238
1 0.196347 0.618432 0.067923 0.132737
1 0.0311285 0.393382 0.0411811 0.0840559
1 0.324635 0.244643 0.0323758 0.0690438
1 0.382298 0.376714 0.0348021 0.0763621
4 0.0295634 0.395194 0.0450351 0.085685
1 0.603247 0.289029 0.0306758 0.0618605
1 0.132287 0.392504 0.0413351 0.0887461
