2 0.928966 0.574401 0.120627 0.485385
2 0.766856 0.318066 0.0535371 0.230374
4 0.197385 0.63187 0.0828503 0.163881
4 0.36399 0.446175 0.0554051 0.113642
4 0.345071 0.625005 0.0793539 0.115317
1 0.237311 0.45941 0.0445604 0.098049
1 0.743564 0.480694 0.0455988 0.0949965
1 0.245626 0.282426 0.0366938 0.0789463
1 0.176744 0.408934 0.0406256 0.0951179
1 0.0602868 0.293838 0.0321209 0.0784108
1 0.463289 0.545541 0.0567723 0.11329
1 0.0961874 0.322302 0.0366496 0.0772544
1 0.795164 0.443908 0.0418709 0.0851919
1 0.1817 0.289039 0.0335902 0.0746968
1 0.567637 0.250842 0.0284817 0.0671167
1 0.301646 0.404576 0.0428006 0.0933862
1 0.545364 0.520399 0.0534533 0.108186
4 0.0334329 0.395733 0.0418907 0.0876076
1 0.0133043 0.312241 0.0266085 0.0813082
4 0.626245 0.406592 0.0498218 0.0957999
0 0.548786 0.343463 0.0391285 0.084638
1 0.527858 0.257233 0.0269334 0.0643993
1 0.828924 0.34352 0.0373152 0.0852747
1 0.148035 0.283301 0.0318879 0.0757256
1 0.477086 0.222125 0.0265364 0.053175
4 0.828483 0.348818 0.0414326 0.0955575
4 0.1321 0.395854 0.0430989 0.094397
1 0.425289 0.278154 0.0283494 0.0621022
4 0.115809 0.505522 0.0581331 0.108679
1 0.367397 0.254695 0.0328102 0.0703572
1 0.0749975 0.422907 0.0424849 0.0922994
1 0.612095 0.342073 0.0355714 0.0640594
4 0.0744922 0.419528 0.043084 0.0869495
1 0.480732 0.331901 0.0303675 0.068437
1 0.306525 0.330322 0.0372578 0.063743
1 0.603522 0.28808 0.030814 0.0608698
1 0.734054 0.303994 0.025141 0.0702333
4 0.0137199 0.314736 0.0274397 0.0845599
4 0.385833 0.374972 0.0435078 0.0827844
1 0.324773 0.242422 0.0325201 0.069483
1 0.478837 0.272355 0.0275198 0.0533341
4 0.697313 0.367786 0.0394505 0.0857129
1 0.66833 0.321739 0.031235 0.0693987
