2 0.760497 0.312653 0.0596471 0.234237
2 0.9434 0.545777 0.0998413 0.485278
4 0.19821 0.632405 0.0791425 0.150778
0 0.539207 0.530975 0.0564907 0.121075
1 0.460079 0.543824 0.0564147 0.112541
4 0.362405 0.447551 0.0591699 0.117064
1 0.239588 0.463003 0.0480146 0.104007
1 0.743946 0.480337 0.0456491 0.0926327
1 0.244723 0.282039 0.0355568 0.0791393
4 0.117808 0.512275 0.0605708 0.10917
4 0.331063 0.603713 0.0737721 0.140214
1 0.176639 0.408712 0.0396226 0.094951
1 0.792466 0.442535 0.0421535 0.0853602
1 0.178749 0.295473 0.0340333 0.0776574
1 0.095225 0.322077 0.0374037 0.0787619
1 0.0772874 0.416292 0.0430607 0.0900883
1 0.012451 0.312146 0.0249019 0.081602
0 0.548696 0.341986 0.0378938 0.0832978
1 0.0566942 0.299521 0.0351634 0.0831185
1 0.567024 0.251091 0.0287048 0.0693735
1 0.828463 0.344754 0.0384346 0.087285
4 0.828315 0.350101 0.0417552 0.0944904
1 0.47284 0.223806 0.0301693 0.0579148
4 0.0337005 0.396725 0.0435619 0.0897212
1 0.528807 0.261129 0.0262661 0.0645765
1 0.14816 0.278705 0.0301314 0.07697
1 0.365269 0.260226 0.0311101 0.0639884
4 0.628682 0.4047 0.0489732 0.0962401
1 0.301818 0.404704 0.0425476 0.0925556
1 0.307225 0.330302 0.0379443 0.0641454
4 0.302528 0.405424 0.0406766 0.0899589
1 0.42486 0.27548 0.028373 0.0638092
1 0.480748 0.332092 0.0311432 0.0675709
4 0.691086 0.363069 0.0381702 0.0896564
1 0.326885 0.24267 0.0325982 0.0709307
1 0.603871 0.288318 0.0311462 0.062474
4 0.132372 0.394422 0.0428607 0.0930225
1 0.132345 0.392812 0.0420881 0.0881811
1 0.691519 0.363566 0.0368826 0.0878174
1 0.611646 0.342776 0.0355391 0.0657269
