2 0.529448 0.231854 0.0568359 0.181204
1 0.750214 0.478418 0.0403332 0.0855265
1 0.331159 0.601089 0.062466 0.117581
1 0.538862 0.518888 0.0519388 0.111306
1 0.459808 0.52195 0.0497675 0.119114
1 0.244795 0.282712 0.0352334 0.079501
1 0.619443 0.383176 0.0362513 0.0784082
1 0.764418 0.341435 0.0350961 0.0835695
1 0.193578 0.627359 0.0668253 0.145678
1 0.877352 0.431982 0.0387684 0.0830246
1 0.171908 0.407527 0.0394046 0.0959159
1 0.370124 0.446849 0.0470767 0.0984704
1 0.180213 0.300112 0.0300658 0.076831
1 0.383896 0.372221 0.0339106 0.0740386
0 0.117885 0.500734 0.0479259 0.102996
1 0.310209 0.329476 0.0295433 0.0659551
0 0.241737 0.473078 0.0598104 0.121758
1 0.797585 0.445349 0.0405551 0.0871973
1 0.145794 0.291583 0.0296927 0.0716584
1 0.0138752 0.310538 0.0277504 0.0807105
1 0.688271 0.363232 0.0397192 0.0825077
1 0.423995 0.282237 0.0270276 0.0647307
1 0.476818 0.331836 0.0301179 0.0729413
1 0.472388 0.252278 0.0289817 0.0631618
1 0.292579 0.389497 0.0363212 0.0855547
1 0.577788 0.252796 0.0286671 0.0715707
1 0.605478 0.321355 0.0319673 0.0760812
1 0.362153 0.264088 0.0290639 0.0623183
1 0.127504 0.384784 0.0368164 0.0832023
1 0.324244 0.241682 0.0336861 0.0669844
1 0.0654852 0.419109 0.0450377 0.0996641
1 0.823731 0.341842 0.0364708 0.0830173
0 0.938665 0.403968 0.0458508 0.0962611
1 0.0583742 0.287234 0.033099 0.0774767
4 0.82493 0.342688 0.0376324 0.0867922
1 0.0962778 0.321922 0.0420704 0.0804136
4 0.93906 0.405792 0.0452841 0.0889296
0 0.127992 0.386125 0.037248 0.0864136
0 0.0580966 0.286596 0.0344795 0.0790432
