2 0.318143 0.284546 0.0731995 0.278327
2 0.68232 0.182912 0.0453457 0.173267
1 0.882051 0.623081 0.0781147 0.149897
1 0.729388 0.585004 0.0734543 0.138947
1 0.0332353 0.73967 0.0664707 0.176946
1 0.0681838 0.52872 0.070649 0.133288
1 0.734682 0.873367 0.095378 0.168985
1 0.286624 0.486358 0.0607457 0.110383
1 0.185358 0.549764 0.0689622 0.121819
1 0.198573 0.437079 0.052783 0.0929176
1 0.690992 0.400087 0.0406075 0.0776879
1 0.593787 0.405376 0.0440672 0.0855824
1 0.692782 0.505294 0.0574862 0.0982396
1 0.564962 0.5533 0.0673214 0.132858
1 0.971129 0.540598 0.0577412 0.108726
1 0.824542 0.43118 0.0501572 0.0858991
1 0.0934061 0.364112 0.0424297 0.0808952
1 0.36047 0.381059 0.0435367 0.0845678
1 0.40113 0.350191 0.0428275 0.0803696
4 0.174848 0.321444 0.0438136 0.0684058
1 0.620438 0.322878 0.0299956 0.0643594
1 0.800566 0.360235 0.0421841 0.0793829
1 0.856841 0.345694 0.0391402 0.0811097
1 0.235369 0.317699 0.0406295 0.074081
1 0.432153 0.325865 0.0322781 0.0642049
1 0.89457 0.384798 0.0434677 0.0823364
1 0.931671 0.436249 0.0553097 0.0966327
1 0.776143 0.346986 0.0348162 0.0704885
1 0.0891262 0.43346 0.0494309 0.0825416
1 0.173455 0.384544 0.044958 0.0703227
