1 0.884454 0.6233 0.0780998 0.150721
1 0.730723 0.586197 0.0749329 0.141892
2 0.632719 0.305403 0.0655075 0.229084
1 0.180969 0.554175 0.0658604 0.120382
1 0.0549577 0.533103 0.065538 0.120509
1 0.0328644 0.736925 0.0657288 0.177354
1 0.194457 0.444808 0.0552863 0.0898794
1 0.961494 0.547308 0.0612733 0.113855
2 0.712639 0.188472 0.0461448 0.184377
1 0.35851 0.3841 0.042696 0.0816249
1 0.826207 0.431974 0.0503887 0.0855164
1 0.587575 0.560487 0.0682851 0.140369
1 0.706555 0.854456 0.101235 0.186822
1 0.0925308 0.365546 0.0440454 0.0799654
1 0.691799 0.400546 0.0435517 0.0777735
1 0.299223 0.495897 0.0607158 0.11625
1 0.432065 0.329564 0.0323799 0.0660662
1 0.800331 0.361054 0.0427258 0.0804419
1 0.0883205 0.442162 0.0546474 0.0962368
1 0.598011 0.397506 0.0461095 0.0891583
1 0.692383 0.507421 0.0582309 0.102039
1 0.856051 0.346607 0.0384495 0.0786384
1 0.29607 0.321153 0.0347583 0.0692755
1 0.266122 0.385743 0.0479552 0.0869146
1 0.930656 0.432044 0.0525665 0.0970415
1 0.183016 0.312177 0.0399004 0.0730966
1 0.89272 0.382499 0.0440201 0.0833505
1 0.227993 0.315837 0.0327098 0.0709402
1 0.398951 0.34759 0.0392435 0.0723528
1 0.179189 0.365294 0.0442509 0.0688444
1 0.691875 0.339637 0.0358082 0.0556621
1 0.85524 0.551901 0.053698 0.10475
