2 0.3138 0.28559 0.0718601 0.282027
1 0.901006 0.624841 0.0820467 0.148905
1 0.733031 0.590352 0.0754231 0.138358
1 0.0328032 0.731958 0.0653451 0.174395
2 0.759704 0.233717 0.0493806 0.247952
1 0.0678385 0.542816 0.0715558 0.126662
1 0.186692 0.449434 0.0517618 0.0881892
1 0.183402 0.560068 0.0695704 0.129002
1 0.704421 0.8549 0.105223 0.186164
1 0.853535 0.548346 0.0597545 0.115124
1 0.579159 0.525042 0.067403 0.14392
1 0.967072 0.878114 0.065856 0.203989
1 0.684849 0.511304 0.0607875 0.101145
1 0.285144 0.49031 0.0657777 0.119403
1 0.826881 0.431184 0.049176 0.0842441
1 0.600161 0.408822 0.0495201 0.0957388
1 0.431882 0.327748 0.0345415 0.0641978
1 0.689141 0.40386 0.043878 0.0822006
1 0.358569 0.378011 0.0431834 0.0907722
1 0.630606 0.323858 0.0304833 0.0592008
1 0.966608 0.545651 0.0649883 0.124055
1 0.106409 0.364453 0.0467709 0.0823792
1 0.398483 0.354479 0.0422468 0.0790738
1 0.231236 0.315369 0.0369901 0.0753771
1 0.265082 0.388436 0.0490549 0.0887387
1 0.176632 0.305137 0.0380216 0.0716001
1 0.0855343 0.432994 0.0507559 0.0841863
1 0.85821 0.347807 0.0406474 0.0812239
1 0.802971 0.35922 0.0375502 0.0800858
1 0.927711 0.438212 0.0543449 0.0952144
1 0.895958 0.385424 0.0451702 0.0833345
1 0.772808 0.350931 0.0325233 0.0719713
1 0.173277 0.378329 0.0444268 0.0651644
1 0.688389 0.3405 0.032653 0.0566117
