2 0.775067 0.640344 0.103841 0.638139
2 0.696217 0.319223 0.0818558 0.320596
4 0.110812 0.511242 0.0654876 0.113156
4 0.185149 0.62853 0.0870175 0.155679
1 0.185548 0.302858 0.0342371 0.0790987
4 0.348251 0.584192 0.0627321 0.117429
0 0.551931 0.359595 0.041494 0.0786205
0 0.526642 0.51698 0.0522744 0.11088
0 0.127729 0.404472 0.0438078 0.089566
1 0.0952808 0.319023 0.0375267 0.0771395
1 0.133927 0.288714 0.0311987 0.0723996
1 0.315195 0.242569 0.030933 0.0653122
1 0.876811 0.437629 0.0413533 0.0898114
1 0.617092 0.37437 0.0477623 0.106084
0 0.365368 0.452278 0.0480468 0.0996606
4 0.232978 0.473562 0.062882 0.116638
1 0.360035 0.253001 0.03494 0.0749406
1 0.258596 0.273322 0.0339884 0.0781185
4 0.933585 0.397606 0.048777 0.0872106
1 0.464668 0.26653 0.0302068 0.0646208
4 0.070894 0.426272 0.0480187 0.0957308
1 0.0137869 0.312086 0.0275737 0.0838779
3 0.448515 0.523265 0.0631868 0.164638
1 0.593678 0.288513 0.0314238 0.0654834
1 0.579526 0.237428 0.0274855 0.0652073
1 0.175873 0.425056 0.0412974 0.0970113
1 0.303394 0.336494 0.0343097 0.0685064
1 0.416095 0.275432 0.0318655 0.0746333
1 0.525769 0.257956 0.0253582 0.057623
4 0.281109 0.398697 0.0424564 0.0934487
4 0.379457 0.368777 0.0387202 0.0748728
0 0.17633 0.424414 0.0401924 0.092631
4 0.84239 0.339567 0.038172 0.0921118
0 0.477735 0.334068 0.0316147 0.0776285
1 0.281012 0.393881 0.0405255 0.0885817
