2 0.689579 0.360129 0.0720152 0.249419
2 0.765581 0.64781 0.096787 0.653883
4 0.109048 0.511881 0.0659181 0.11325
4 0.184561 0.626633 0.0845838 0.155745
1 0.183238 0.300156 0.0344131 0.0768363
0 0.126454 0.408659 0.0452655 0.0926314
4 0.364715 0.447704 0.0535786 0.1068
1 0.0948213 0.317679 0.0384025 0.0764771
1 0.144492 0.286983 0.0334873 0.069696
1 0.258673 0.273581 0.0339446 0.0752732
1 0.878457 0.435729 0.0366997 0.0876952
4 0.0697795 0.426045 0.0500684 0.0950284
1 0.616113 0.372287 0.0510367 0.107375
1 0.318318 0.241246 0.0322622 0.0652239
4 0.93761 0.403536 0.0527967 0.091998
4 0.378592 0.366676 0.0433532 0.0738866
1 0.462653 0.265839 0.0273977 0.0614326
1 0.0136213 0.308262 0.0272243 0.0797067
1 0.528759 0.514492 0.0549293 0.111519
1 0.540991 0.343825 0.0363145 0.0831828
4 0.84 0.341488 0.0396004 0.0871631
1 0.176761 0.426579 0.0420673 0.0931651
1 0.234412 0.460795 0.0493625 0.108136
1 0.0514982 0.287461 0.03363 0.0765643
1 0.30757 0.33971 0.0317982 0.0744606
1 0.522385 0.256738 0.0274566 0.0617672
1 0.580222 0.236289 0.0288348 0.0687914
1 0.592662 0.290682 0.032358 0.0678036
1 0.359538 0.250401 0.0349165 0.0731409
1 0.416123 0.275897 0.031193 0.0739388
1 0.281537 0.392856 0.0381836 0.0878225
4 0.325758 0.586709 0.0617824 0.119442
1 0.474378 0.330367 0.0310102 0.0729219
1 0.325467 0.588154 0.0601476 0.117432
4 0.448418 0.502489 0.0515999 0.114306
1 0.448644 0.502741 0.0525949 0.111752
1 0.468993 0.263384 0.0282621 0.0561951
4 0.281699 0.397637 0.0424643 0.0939882
