1 0.438936 0.523552 0.0586235 0.116549
1 0.316486 0.510836 0.0636802 0.11483
1 0.425668 0.400131 0.0514686 0.0923048
1 0.940412 0.489886 0.0587589 0.116359
1 0.963463 0.682794 0.0714943 0.132625
1 0.363622 0.303534 0.0370334 0.0660664
1 0.106357 0.485706 0.0563989 0.0970405
1 0.171016 0.346129 0.0423103 0.0766533
1 0.0899465 0.275354 0.0419561 0.0674009
1 0.254708 0.382647 0.044473 0.0789086
1 0.0208322 0.46 0.0406843 0.0828642
1 0.0354583 0.35819 0.0397445 0.0683407
1 0.280658 0.29548 0.0357038 0.0647574
2 0.805224 0.722423 0.149156 0.508533
1 0.546125 0.426505 0.0478918 0.0922709
1 0.432074 0.265093 0.03545 0.0699243
1 0.663406 0.282458 0.0348571 0.0636097
1 0.744059 0.612347 0.0665628 0.131752
1 0.329094 0.229951 0.0311353 0.0507128
1 0.569335 0.273359 0.0341185 0.0693839
1 0.179714 0.235066 0.0322971 0.0571909
1 0.844354 0.306047 0.040419 0.0750096
1 0.499444 0.318045 0.0429663 0.080224
1 0.239858 0.245335 0.031496 0.0572463
1 0.945706 0.389581 0.0504645 0.0784088
1 0.63233 0.236444 0.0326891 0.0594095
1 0.15224 0.284443 0.0395322 0.0621806
1 0.611645 0.346486 0.0435754 0.0910242
1 0.26924 0.211379 0.0303636 0.056021
1 0.68767 0.247601 0.0308262 0.058925
