2 0.787107 0.676924 0.115157 0.646152
2 0.46455 0.509842 0.0859287 0.413475
4 0.184966 0.636095 0.0892536 0.15873
1 0.541652 0.504636 0.0544851 0.11986
1 0.23252 0.461481 0.0465383 0.0969759
1 0.318844 0.24157 0.0310701 0.0653225
0 0.113503 0.504376 0.0524963 0.10662
1 0.178636 0.300867 0.0321886 0.0763173
1 0.256617 0.276438 0.0328524 0.0769013
1 0.358798 0.255496 0.0309525 0.0651922
1 0.0148564 0.305992 0.0297129 0.0766886
1 0.094823 0.314559 0.0357691 0.0783313
1 0.0550077 0.294589 0.0294754 0.0767263
1 0.476768 0.264642 0.0297668 0.0658226
0 0.12734 0.403438 0.0404468 0.0881641
1 0.879164 0.437507 0.0356923 0.0840373
1 0.414668 0.284011 0.0287552 0.0657134
4 0.928687 0.392921 0.0467949 0.0912818
1 0.285007 0.39723 0.0403458 0.0883532
1 0.825274 0.321099 0.036106 0.0813045
1 0.173195 0.428132 0.0419941 0.0991269
1 0.381277 0.375586 0.035886 0.0711792
1 0.754719 0.35691 0.0317609 0.0718552
1 0.366781 0.44742 0.0450989 0.0997149
1 0.524708 0.258244 0.0262276 0.0617201
1 0.595451 0.290919 0.0292305 0.0621141
4 0.330548 0.593104 0.0697853 0.126483
1 0.0685392 0.428304 0.045843 0.0933499
1 0.603618 0.343936 0.0294095 0.0667542
1 0.588815 0.242632 0.0278046 0.0601185
1 0.299258 0.327778 0.0311635 0.0662946
4 0.0274617 0.38478 0.0400534 0.08223
1 0.144134 0.297363 0.0311606 0.0750883
1 0.723684 0.305118 0.0332098 0.0733394
1 0.634036 0.391836 0.0348663 0.0805078
4 0.700363 0.389376 0.0387945 0.0762086
1 0.551152 0.344913 0.0333929 0.0773276
