2 0.674194 0.60322 0.0798559 0.583027
1 0.747146 0.470208 0.0437343 0.0915509
2 0.0305193 0.269698 0.0610386 0.279275
0 0.130441 0.399464 0.0390385 0.0862178
1 0.0857597 0.311044 0.035111 0.0759814
4 0.329264 0.604624 0.0741678 0.136195
1 0.877231 0.431796 0.0388519 0.0821006
0 0.236721 0.471344 0.0567066 0.120439
1 0.539731 0.532831 0.0565155 0.114073
1 0.800201 0.423943 0.0404581 0.0942704
1 0.318228 0.24531 0.0310746 0.0665028
1 0.17918 0.300729 0.031051 0.0740201
0 0.369911 0.457843 0.0519414 0.103621
1 0.14239 0.294825 0.0316706 0.0745669
1 0.25436 0.275434 0.0335477 0.0755563
1 0.304444 0.33397 0.0318406 0.0726811
4 0.822863 0.324106 0.0418869 0.089999
1 0.360013 0.257208 0.0314474 0.0670643
1 0.534231 0.268802 0.027759 0.0590724
0 0.175986 0.426861 0.0434967 0.0959012
1 0.414491 0.278051 0.0292356 0.0714893
1 0.278863 0.393332 0.0366934 0.0844592
0 0.45867 0.558578 0.0597673 0.110177
1 0.747128 0.349537 0.0341511 0.0739781
4 0.922507 0.390554 0.0455574 0.0893436
1 0.606146 0.348876 0.0309164 0.0723264
0 0.232012 0.377726 0.0396945 0.0745326
1 0.175227 0.427761 0.0439911 0.0992115
1 0.627333 0.386286 0.0317577 0.077778
1 0.592455 0.289464 0.0294468 0.0610617
1 0.0694866 0.427216 0.0466754 0.099205
1 0.48009 0.265817 0.026752 0.0521947
1 0.723607 0.304431 0.031558 0.0699205
0 0.192525 0.626567 0.070133 0.148648
4 0.0683521 0.427289 0.0467788 0.0974969
1 0.481264 0.223717 0.0244822 0.0467473
4 0.117346 0.505169 0.0565966 0.107833
0 0.116016 0.504612 0.0559068 0.111482
1 0.191354 0.626768 0.069091 0.151589
1 0.474476 0.329193 0.0309214 0.0748521
1 0.54652 0.345242 0.034407 0.0760549
4 0.45864 0.558749 0.0583725 0.116926
0 0.369083 0.371388 0.0464943 0.0697337
