0 0.768201 0.386098 0.0418491 0.0964979
0 0.70734 0.634584 0.0761857 0.138972
0 0.397702 0.499308 0.0543243 0.114073
4 0.838763 0.39165 0.0572891 0.100994
0 0.746714 0.298553 0.036939 0.0808219
0 0.494282 0.477496 0.0449854 0.103507
0 0.589625 0.588604 0.0590038 0.11629
0 0.522878 0.393949 0.0410002 0.0917273
1 0.678542 0.274221 0.0420347 0.0812003
0 0.931388 0.372684 0.0431671 0.0887562
0 0.225633 0.422654 0.0380298 0.0861977
0 0.573174 0.35823 0.033278 0.0848293
0 0.839256 0.31341 0.0379407 0.0655905
0 0.796609 0.490136 0.0710861 0.124015
0 0.355277 0.357444 0.0442522 0.0898414
0 0.222762 0.333604 0.0380802 0.0723491
0 0.172414 0.387565 0.0430437 0.0877175
0 0.383606 0.281855 0.0391287 0.0759875
1 0.327515 0.249727 0.033713 0.0706036
0 0.295309 0.314388 0.0366805 0.077034
4 0.688211 0.426768 0.0589727 0.15558
0 0.286383 0.251442 0.0352649 0.0626808
0 0.0732386 0.353917 0.0386099 0.0854559
0 0.602691 0.418046 0.0430253 0.108545
0 0.442628 0.288275 0.0378405 0.0793223
0 0.117348 0.383006 0.035567 0.0772027
1 0.602649 0.418035 0.0431142 0.109244
0 0.189073 0.313114 0.0356073 0.0681083
4 0.0716535 0.354385 0.0414384 0.0900575
