0 0.702725 0.667529 0.0818336 0.156541
4 0.803295 0.467894 0.0657242 0.13214
0 0.513524 0.407286 0.04389 0.0946546
0 0.388488 0.493689 0.0566856 0.113114
0 0.587124 0.347187 0.0418766 0.0799379
0 0.36378 0.352551 0.043552 0.0909895
0 0.591873 0.584391 0.0536764 0.116908
0 0.500249 0.511881 0.0565395 0.121123
0 0.382687 0.274933 0.0375158 0.0747659
0 0.681313 0.271696 0.0396208 0.0686931
0 0.592529 0.439836 0.0483732 0.109392
1 0.920308 0.296006 0.039613 0.0886421
0 0.220152 0.341128 0.0370072 0.0719206
0 0.116383 0.380715 0.0345903 0.0778699
0 0.292089 0.324224 0.0432653 0.0838211
0 0.213128 0.437882 0.0442331 0.0958599
1 0.44753 0.279272 0.0356981 0.0740024
0 0.665826 0.345196 0.0430762 0.101709
4 0.706897 0.433894 0.0493924 0.171158
0 0.846411 0.364652 0.0416397 0.0946042
0 0.0763176 0.352325 0.0364649 0.0838273
1 0.758116 0.359123 0.0396523 0.0913046
2 0.24839 0.27526 0.0692305 0.152205
0 0.840846 0.293409 0.0377987 0.0660005
0 0.328187 0.255183 0.0374338 0.0743126
2 0.242044 0.289773 0.0800375 0.185642
0 0.751895 0.286665 0.0373125 0.0654384
0 0.160531 0.390657 0.0353461 0.0836478
