0 0.688566 0.577023 0.0618687 0.119982
0 0.803158 0.659383 0.0593193 0.129677
0 0.331232 0.638041 0.0642738 0.138545
0 0.17953 0.846547 0.0919821 0.173762
0 0.37004 0.814817 0.0812308 0.168835
0 0.0933464 0.554585 0.0545086 0.127799
0 0.254083 0.528057 0.0497022 0.127719
0 0.669709 0.378066 0.0348295 0.0778921
0 0.720216 0.699563 0.0738187 0.122007
0 0.146377 0.689979 0.0734846 0.129876
0 0.688482 0.438252 0.0399036 0.0776139
0 0.614327 0.387112 0.0427671 0.0871419
0 0.897027 0.52284 0.0517877 0.102643
0 0.191944 0.421133 0.0365502 0.0807269
0 0.837868 0.439068 0.0458683 0.10239
0 0.568853 0.575161 0.0544968 0.132386
0 0.518891 0.435199 0.0372488 0.0899961
0 0.351138 0.3841 0.0348892 0.0727922
0 0.765042 0.464258 0.0425696 0.0935966
0 0.576736 0.472416 0.0436732 0.0913604
0 0.385415 0.417669 0.0312302 0.0732719
0 0.428895 0.362295 0.0345709 0.0724365
0 0.955806 0.512672 0.0450651 0.102478
2 0.439666 0.710354 0.103702 0.503699
0 0.73626 0.411216 0.0354253 0.0780841
0 0.496728 0.512605 0.0457268 0.106767
0 0.0889564 0.383067 0.03138 0.0613385
0 0.107197 0.426399 0.0355895 0.0649505
