1 0.710506 0.755935 0.0981133 0.175027
0 0.948449 0.752636 0.100983 0.167813
1 0.726496 0.591567 0.0838364 0.155724
1 0.915653 0.605084 0.0810764 0.157301
0 0.163017 0.547756 0.106193 0.271258
0 0.85784 0.455734 0.0593335 0.116096
1 0.734655 0.41511 0.0634633 0.112223
1 0.244017 0.431199 0.0707016 0.14131
0 0.0510562 0.906332 0.102112 0.187335
1 0.140689 0.791963 0.0981324 0.186737
0 0.142046 0.791244 0.0964211 0.181791
1 0.652952 0.925607 0.116018 0.148785
0 0.243305 0.434169 0.0712703 0.141164
2 0.438517 0.650143 0.22938 0.593319
