0 0.768161 0.517162 0.050795 0.123921
0 0.652415 0.447341 0.0493042 0.0999756
0 0.33016 0.515828 0.0575563 0.12821
0 0.187594 0.69909 0.0887671 0.179238
0 0.853164 0.395759 0.0451775 0.0933748
0 0.692419 0.571567 0.0605681 0.117743
0 0.158641 0.566641 0.0653154 0.127307
0 0.373069 0.651508 0.0701446 0.159617
0 0.909189 0.380043 0.040351 0.103916
0 0.559245 0.45979 0.05099 0.108144
0 0.798219 0.322551 0.0441266 0.0929176
0 0.103025 0.274387 0.0355952 0.0673871
0 0.256952 0.434377 0.0485953 0.105605
0 0.564189 0.360994 0.042588 0.0930553
0 0.110192 0.442942 0.0560945 0.118857
0 0.726425 0.349589 0.041824 0.0852345
0 0.702836 0.28921 0.0355059 0.081913
0 0.427148 0.341886 0.038867 0.0800474
0 0.381331 0.316664 0.036077 0.0756236
0 0.590555 0.273742 0.0385971 0.0807488
0 0.478188 0.380441 0.0413666 0.0902903
0 0.202532 0.319618 0.0331024 0.0780019
0 0.630591 0.271489 0.0290802 0.0771545
0 0.417742 0.250904 0.0305722 0.0695552
0 0.130895 0.330128 0.0308323 0.0679936
0 0.499619 0.315443 0.0364035 0.0770737
0 0.985802 0.480818 0.0283554 0.104202
0 0.23597 0.372661 0.0398462 0.0796923
0 0.510136 0.252901 0.0327228 0.0740464
1 0.659136 0.307061 0.0314883 0.076958
0 0.343466 0.263642 0.0331235 0.0719174
1 0.447141 0.27138 0.0312044 0.0722753
0 0.103508 0.349622 0.0396854 0.0730856
