2 0.506995 0.521185 0.101234 0.316669
0 0.844832 0.804028 0.0774017 0.188473
0 0.506116 0.757863 0.0780905 0.194252
2 0.396712 0.762361 0.115517 0.475279
1 0.118428 0.843019 0.096087 0.216506
0 0.0334023 0.713989 0.066777 0.174898
1 0.576755 0.644094 0.0542972 0.128853
1 0.63164 0.860755 0.0833856 0.196446
1 0.684614 0.717707 0.074881 0.16901
0 0.875281 0.627096 0.0668152 0.144094
0 0.374114 0.495227 0.0612105 0.118818
0 0.0228339 0.585047 0.0456678 0.124137
1 0.988843 0.592295 0.0223133 0.14426
