0 0.361261 0.666371 0.0787547 0.157603
0 0.757694 0.508122 0.0596333 0.110693
0 0.632685 0.549186 0.0558519 0.106665
0 0.614927 0.431182 0.0463846 0.09617
0 0.301968 0.504617 0.0577303 0.123167
0 0.938808 0.473363 0.0589292 0.105825
0 0.608419 0.254449 0.0311214 0.0710603
2 0.390276 0.475085 0.0699777 0.29364
0 0.682775 0.346281 0.038131 0.0787557
0 0.801239 0.393585 0.0471686 0.0892097
0 0.758782 0.328738 0.0422096 0.082934
0 0.854703 0.361908 0.0430946 0.104513
0 0.127505 0.525909 0.0655569 0.119031
0 0.340076 0.306361 0.0345822 0.0690264
0 0.614602 0.310514 0.0336245 0.0665193
0 0.548998 0.269174 0.0370297 0.0778592
1 0.0876583 0.3945 0.0478073 0.098878
0 0.227527 0.43395 0.0461257 0.100037
0 0.517904 0.449181 0.0477243 0.112587
0 0.153684 0.671735 0.0783945 0.171821
0 0.314431 0.269815 0.0270914 0.0587311
0 0.210834 0.35967 0.0405486 0.0779581
0 0.391923 0.255585 0.0301571 0.0647969
0 0.0910612 0.308852 0.0368543 0.0675942
0 0.457603 0.402081 0.0393045 0.0846483
0 0.549183 0.356271 0.0393887 0.0825694
0 0.466784 0.321139 0.0340788 0.0778719
0 0.987066 0.450138 0.0258621 0.106741
0 0.173376 0.310825 0.0353021 0.0698406
0 0.668537 0.284751 0.0336078 0.0690173
0 0.0763402 0.266728 0.035365 0.0578266
0 0.422178 0.290226 0.0317613 0.0714034
0 0.384501 0.310726 0.0325899 0.0565399
