2 0.549506 0.401886 0.0717033 0.320089
2 0.887509 0.47857 0.110235 0.481446
1 0.464507 0.730683 0.0650516 0.136033
2 0.759488 0.552926 0.110036 0.630351
1 0.697044 0.914187 0.102243 0.171626
1 0.413167 0.805408 0.07805 0.139647
1 0.0439251 0.721064 0.0676112 0.133056
1 0.976019 0.722338 0.0474327 0.145749
1 0.620067 0.650715 0.0625345 0.110089
1 0.0989513 0.657995 0.0643515 0.116941
1 0.956599 0.633658 0.0676781 0.116672
1 0.443639 0.639567 0.061405 0.0998155
1 0.628528 0.737075 0.0640469 0.132363
1 0.653538 0.820954 0.0642334 0.133076
