1 0.759416 0.503066 0.0894135 0.603891
2 0.688842 0.507114 0.0802158 0.551604
1 0.976522 0.724547 0.0468991 0.138489
1 0.46292 0.733673 0.0639887 0.137873
2 0.352564 0.569321 0.0961538 0.650628
1 0.0982225 0.656769 0.0644206 0.116453
1 0.963192 0.623939 0.0721346 0.11872
1 0.0453164 0.718851 0.06459 0.137366
1 0.660355 0.797776 0.0736603 0.153136
1 0.410066 0.809942 0.0794045 0.144708
1 0.433089 0.642765 0.0659313 0.108879
1 0.635871 0.647243 0.0622526 0.105048
1 0.621079 0.74061 0.0638315 0.119715
1 0.695851 0.925301 0.106868 0.149399
