2 0.561713 0.49717 0.11176 0.288638
1 0.764087 0.932029 0.106959 0.135942
1 0.870818 0.797336 0.0838187 0.139846
2 0.384685 0.663671 0.129201 0.349482
1 0.493794 0.725989 0.0903142 0.146848
1 0.587635 0.684009 0.0759126 0.119875
1 0.316964 0.859878 0.0906718 0.149303
0 0.0895318 0.84725 0.108709 0.18866
1 0.964147 0.956384 0.0717062 0.087205
1 0.906294 0.737904 0.0683618 0.114629
1 0.792009 0.840137 0.0870832 0.137437
1 0.0892472 0.841484 0.107574 0.182916
1 0.937934 0.662298 0.0677379 0.118624
1 0.215359 0.757368 0.103274 0.146676
