2 0.528691 0.429698 0.0820146 0.300293
0 0.588555 0.62062 0.0481564 0.136999
0 0.865277 0.247082 0.0411461 0.0955214
0 0.14337 0.488303 0.0508436 0.0952238
0 0.250449 0.610133 0.0510675 0.107047
0 0.154083 0.598539 0.0511045 0.108587
0 0.462071 0.592794 0.0658096 0.125976
0 0.944054 0.278665 0.0419226 0.0976238
0 0.762183 0.630621 0.0864163 0.170352
0 0.912858 0.377883 0.0492575 0.109994
0 0.709478 0.479463 0.0564649 0.11367
0 0.330022 0.396319 0.0389347 0.0796575
0 0.264578 0.40697 0.0412324 0.084838
0 0.58858 0.460584 0.0499711 0.100107
0 0.0263499 0.543936 0.0526935 0.112141
0 0.210958 0.490741 0.0438781 0.0815697
0 0.296985 0.486506 0.0472681 0.0917608
0 0.38246 0.484689 0.0489613 0.0959506
4 0.949335 0.634322 0.082564 0.192321
0 0.774633 0.261907 0.0419859 0.0892955
0 0.829445 0.312251 0.0415905 0.0913192
0 0.778935 0.389275 0.0458466 0.0980553
1 0.865474 0.464438 0.0494656 0.115929
0 0.431316 0.282471 0.0334682 0.0796475
0 0.410568 0.379807 0.0373532 0.0786874
0 0.717015 0.345094 0.0403291 0.0859304
0 0.946178 0.503904 0.0753891 0.106108
1 0.677386 0.358539 0.0420916 0.0934071
1 0.485173 0.266191 0.0320749 0.0664663
0 0.950893 0.63308 0.0809749 0.186538
0 0.351314 0.34143 0.0347516 0.0752342
0 0.964597 0.504692 0.0676041 0.0996573
0 0.637894 0.242861 0.043754 0.094783
0 0.0962062 0.565929 0.0455936 0.092646
1 0.479517 0.394921 0.0363176 0.0735305
0 0.220454 0.486004 0.044966 0.08026
0 0.479182 0.395222 0.0378218 0.0832274
0 0.966946 0.234982 0.0465897 0.0920963
0 0.575491 0.242257 0.039559 0.0850148
1 0.575229 0.241513 0.0407048 0.0853598
