2 0.745709 0.347674 0.0875298 0.430924
1 0.574389 0.65008 0.0788097 0.140995
1 0.800838 0.552729 0.072338 0.127338
1 0.80344 0.699768 0.0847984 0.157506
1 0.509699 0.765454 0.0864948 0.159511
0 0.369474 0.492096 0.0608889 0.11088
1 0.207424 0.639137 0.0800618 0.153352
1 0.768214 0.818912 0.0848925 0.16632
1 0.300015 0.560729 0.0612414 0.124197
1 0.852899 0.468797 0.0670224 0.145486
1 0.457127 0.544339 0.0652567 0.127506
1 0.339899 0.785889 0.0935065 0.164812
1 0.629576 0.55866 0.065729 0.121386
1 0.0746409 0.425347 0.0647326 0.127092
1 0.119323 0.883999 0.123451 0.217377
1 0.525613 0.478807 0.0648867 0.116665
0 0.389668 0.633265 0.0693214 0.145607
0 0.526562 0.479123 0.0650948 0.118501
0 0.457039 0.543757 0.065365 0.125732
1 0.389387 0.633802 0.0706686 0.1452
0 0.11837 0.884397 0.123603 0.21541
