2 0.165403 0.641479 0.0942586 0.593064
0 0.762065 0.640556 0.093449 0.159557
0 0.592003 0.607812 0.0584442 0.121874
0 0.467022 0.570172 0.0680438 0.151311
0 0.633253 0.263321 0.0392487 0.0971863
0 0.947985 0.6688 0.0825823 0.162362
0 0.333142 0.386893 0.0345478 0.0754685
0 0.782773 0.386566 0.0463597 0.108387
0 0.554939 0.329626 0.0424697 0.0883889
0 0.772326 0.246506 0.0407408 0.0950634
0 0.706773 0.454073 0.0480404 0.106758
0 0.3032 0.477973 0.0475031 0.0873388
0 0.222693 0.477072 0.046058 0.0930716
0 0.603531 0.45149 0.0479656 0.101201
0 0.476551 0.408536 0.0442614 0.0845429
0 0.719832 0.314278 0.0444697 0.0978547
0 0.678529 0.362496 0.0418413 0.0947102
0 0.914551 0.400845 0.0489926 0.108616
0 0.487159 0.27257 0.0357448 0.0707214
0 0.410785 0.371631 0.0348921 0.0791644
0 0.254395 0.603842 0.0521265 0.115047
0 0.0892476 0.576803 0.0580983 0.102209
0 0.383663 0.48383 0.0481762 0.0904534
1 0.268547 0.39564 0.0335726 0.0801629
1 0.866414 0.460572 0.0516762 0.114146
0 0.826971 0.288591 0.0468647 0.0993103
1 0.0362309 0.506935 0.0384869 0.0950811
0 0.481652 0.335488 0.0390667 0.0699868
1 0.951883 0.274919 0.0414882 0.0909986
0 0.862909 0.230953 0.0402501 0.0942841
0 0.981188 0.458762 0.0376233 0.132059
1 0.571078 0.241202 0.0394352 0.0855592
0 0.352383 0.330215 0.0323962 0.0741033
0 0.268257 0.39482 0.0342183 0.083536
1 0.0880719 0.573899 0.0586176 0.105287
0 0.433862 0.27244 0.0297442 0.0719701
