2 0.30257 0.498799 0.103915 0.436717
0 0.19141 0.680878 0.0858459 0.136802
2 0.424698 0.503728 0.107247 0.397577
1 0.530599 0.7787 0.0908718 0.150214
1 0.634762 0.554349 0.0616691 0.123794
1 0.323284 0.789573 0.098314 0.158133
1 0.107265 0.720077 0.0887971 0.183626
1 0.776238 0.818847 0.0921981 0.176432
4 0.774362 0.566078 0.0854169 0.141358
1 0.0762333 0.431744 0.0663887 0.120226
2 0.615702 0.353956 0.0800918 0.315157
1 0.806496 0.710435 0.0839569 0.16536
1 0.491682 0.466032 0.0546988 0.119432
1 0.589404 0.669101 0.0762375 0.143186
1 0.383033 0.659986 0.0785029 0.166573
1 0.0869404 0.916955 0.153599 0.166091
4 0.589876 0.669989 0.0763346 0.144743
0 0.383851 0.657014 0.0783694 0.167189
