0 0.806521 0.522447 0.0532359 0.110944
0 0.58264 0.354145 0.040542 0.0808009
0 0.932992 0.345178 0.03784 0.0881277
0 0.59627 0.584869 0.0586039 0.113337
0 0.830705 0.325673 0.0382317 0.0807184
0 0.181568 0.31348 0.0417255 0.0714097
0 0.585476 0.444707 0.0495686 0.101566
0 0.750403 0.300191 0.0407433 0.0739486
0 0.394344 0.496638 0.0547328 0.11202
0 0.523632 0.414978 0.044444 0.0977212
0 0.700572 0.632078 0.0707204 0.143293
0 0.666699 0.365391 0.0478461 0.104096
0 0.477391 0.549684 0.0589476 0.117529
0 0.746656 0.388585 0.041938 0.0923707
0 0.71136 0.487185 0.0537918 0.102985
0 0.833206 0.422247 0.0513842 0.0991944
0 0.230198 0.334675 0.0421176 0.0796996
0 0.289067 0.33457 0.0436417 0.0833073
0 0.218643 0.437879 0.0410997 0.0823285
0 0.120552 0.388033 0.0351872 0.0829674
0 0.169359 0.385012 0.0442644 0.0887416
0 0.0803409 0.3619 0.0419975 0.0831841
0 0.320988 0.269921 0.0360259 0.0696138
0 0.281407 0.269593 0.0419687 0.0720166
0 0.666039 0.27725 0.0423711 0.0736103
0 0.443999 0.305112 0.0353222 0.0826631
0 0.352292 0.326521 0.0450873 0.0876438
