4 0.785812 0.580673 0.101357 0.192751
2 0.222526 0.425922 0.0659792 0.255089
0 0.478548 0.578122 0.0602312 0.124074
4 0.966524 0.614138 0.0669403 0.188216
0 0.170643 0.576159 0.0524897 0.106571
0 0.595932 0.602291 0.0557163 0.14259
4 0.311823 0.463815 0.0519067 0.096742
0 0.678876 0.35698 0.0415127 0.0934559
0 0.101109 0.553696 0.0472904 0.107231
1 0.410962 0.374048 0.0361237 0.0766449
0 0.698288 0.448637 0.0501929 0.113237
2 0.0819574 0.43109 0.0754686 0.217824
0 0.552817 0.316868 0.0405712 0.0902467
1 0.868683 0.218392 0.0419898 0.0913634
1 0.640147 0.243886 0.0377541 0.0849792
1 0.916493 0.336993 0.0447121 0.0969315
1 0.86139 0.329503 0.0445892 0.0895729
1 0.435899 0.2785 0.0305809 0.077936
1 0.777076 0.245654 0.0388531 0.0901819
1 0.347132 0.380709 0.0339307 0.0723146
1 0.388555 0.455062 0.0418134 0.0876801
0 0.593459 0.442327 0.0491383 0.104655
1 0.877574 0.423541 0.0568691 0.116083
1 0.729106 0.286953 0.0370886 0.0940477
1 0.785451 0.352939 0.0445986 0.090982
1 0.276336 0.387341 0.0327046 0.0795018
4 0.877151 0.428496 0.0590218 0.127275
0 0.583228 0.235949 0.0350794 0.0887443
1 0.0329747 0.522434 0.0429844 0.0971911
1 0.494964 0.36967 0.0373493 0.0742818
1 0.160118 0.410416 0.0532429 0.216851
0 0.264406 0.588704 0.0488666 0.113183
2 0.161157 0.420417 0.0593646 0.233584
0 0.951075 0.290131 0.0381769 0.0853907
