1 0.207677 0.626287 0.0783131 0.151122
1 0.600279 0.673591 0.0823597 0.143402
0 0.11561 0.904306 0.127047 0.184266
1 0.341111 0.773254 0.101738 0.154682
2 0.654366 0.372549 0.10115 0.347507
1 0.304412 0.533291 0.0622681 0.122449
1 0.367361 0.491853 0.057573 0.106601
0 0.787088 0.827509 0.0916666 0.173453
1 0.103212 0.708382 0.105601 0.190856
1 0.785185 0.560602 0.0763833 0.126093
1 0.515969 0.448193 0.0899298 0.461468
1 0.52899 0.811265 0.0993489 0.161419
4 0.847398 0.483935 0.0720407 0.138134
1 0.438639 0.548229 0.0551556 0.114195
1 0.637912 0.56456 0.0649286 0.127029
1 0.80025 0.699149 0.0881271 0.149626
4 0.0794447 0.469341 0.0777048 0.12419
1 0.381361 0.645703 0.0776878 0.148275
0 0.638131 0.562196 0.0666185 0.124113
4 0.0927241 0.498378 0.121938 0.179822
4 0.0891615 0.482426 0.102364 0.145253
