1 0.0992774 0.715306 0.0971619 0.186245
1 0.601397 0.677052 0.0799526 0.135986
1 0.205332 0.639215 0.0767017 0.136652
1 0.302029 0.532053 0.0652628 0.119391
1 0.440104 0.544305 0.0583987 0.113646
1 0.333434 0.77547 0.0870452 0.150066
1 0.370183 0.492979 0.0616 0.11612
1 0.801481 0.700895 0.0808607 0.14995
1 0.636031 0.556691 0.0700694 0.12537
1 0.770865 0.818343 0.092863 0.171329
1 0.788849 0.562048 0.0772257 0.126004
1 0.529465 0.816774 0.0950143 0.162782
1 0.515397 0.445583 0.0909659 0.453698
1 0.681228 0.476079 0.0637004 0.122142
4 0.0795483 0.46941 0.0702889 0.118865
4 0.854253 0.465997 0.0724601 0.145999
2 0.516207 0.444265 0.0921372 0.45352
2 0.66003 0.348953 0.102745 0.266115
0 0.108041 0.911168 0.125232 0.161255
