1 0.861101 0.454095 0.0444931 0.0973886
4 0.761955 0.601564 0.0829223 0.185138
0 0.185378 0.576991 0.05189 0.0987424
0 0.481426 0.579563 0.0697238 0.137581
2 0.557476 0.223987 0.0548166 0.212235
1 0.173446 0.45232 0.0418657 0.0814489
1 0.731705 0.282237 0.0379355 0.0820157
2 0.659497 0.24636 0.0622138 0.201964
4 0.0315571 0.526903 0.0545956 0.0848366
1 0.489407 0.387145 0.0422367 0.0849597
0 0.704162 0.440207 0.0492573 0.110339
0 0.678348 0.360366 0.0434201 0.0923225
0 0.114255 0.566805 0.0572885 0.0996457
1 0.413099 0.352533 0.0354105 0.091338
1 0.790437 0.354141 0.0421275 0.0942808
1 0.43678 0.276561 0.0310808 0.0733754
1 0.488512 0.278514 0.031267 0.0717415
4 0.628905 0.574202 0.0637093 0.140494
1 0.361173 0.330338 0.0308191 0.0810242
1 0.330558 0.380527 0.0308382 0.0714701
1 0.863262 0.230646 0.0418249 0.0924137
0 0.953312 0.294851 0.0392502 0.0895966
0 0.835211 0.325277 0.0411896 0.0864542
1 0.773216 0.239446 0.0380096 0.0877892
4 0.961983 0.608761 0.0760345 0.214774
1 0.229923 0.456319 0.0424135 0.0904146
1 0.9164 0.361104 0.0448551 0.0964054
0 0.317659 0.451625 0.0381073 0.0900358
0 0.552648 0.318357 0.0368142 0.0890392
1 0.272402 0.397214 0.037468 0.0757401
4 0.387872 0.461526 0.0470361 0.0966602
1 0.453629 0.34753 0.0339374 0.0772525
1 0.761634 0.601281 0.0803307 0.180641
1 0.264673 0.583894 0.0478768 0.106853
4 0.274136 0.398408 0.0384617 0.077156
4 0.265911 0.58544 0.0493682 0.106263
