2 0.275278 0.466147 0.119467 0.748833
4 0.892704 0.583409 0.0937836 0.179309
2 0.774303 0.264551 0.098849 0.422969
1 0.692037 0.274617 0.0556998 0.12911
2 0.459434 0.308368 0.106847 0.465413
4 0.714481 0.494535 0.0944264 0.176164
1 0.848287 0.215164 0.0475865 0.108273
1 0.976787 0.246955 0.0464252 0.132228
4 0.578278 0.415896 0.0798729 0.143879
0 0.713359 0.494275 0.0944191 0.177489
1 0.940375 0.367116 0.0688758 0.143112
1 0.988401 0.134699 0.0231982 0.106401
4 0.940577 0.369304 0.0710371 0.140374
