2 0.877978 0.703333 0.133685 0.593334
0 0.316936 0.465824 0.0456329 0.0983447
1 0.269285 0.398923 0.0328159 0.0748983
1 0.248852 0.591507 0.0475129 0.0984312
1 0.0374003 0.510845 0.0458642 0.0955255
0 0.62863 0.248013 0.0415732 0.0918343
1 0.165144 0.455992 0.039902 0.0815822
1 0.437578 0.277037 0.0298021 0.0714711
0 0.103289 0.543054 0.0514515 0.111022
1 0.481354 0.53383 0.0513313 0.110314
0 0.380436 0.469534 0.0436516 0.085663
1 0.343192 0.385567 0.0332391 0.0748404
1 0.222361 0.462982 0.0429973 0.0865103
1 0.414254 0.371911 0.0377163 0.0792286
0 0.809423 0.270871 0.0400997 0.0932087
0 0.952399 0.236651 0.0416999 0.0857443
1 0.488288 0.269381 0.0302135 0.0619376
1 0.490995 0.377688 0.0405487 0.0812092
2 0.739947 0.539654 0.120348 0.444758
1 0.342022 0.324138 0.0305224 0.0664108
1 0.179713 0.587606 0.0451733 0.0958006
0 0.676293 0.357206 0.0399002 0.0910697
1 0.676636 0.356057 0.0387613 0.0944713
1 0.876419 0.223305 0.0389442 0.096284
0 0.767136 0.247353 0.036434 0.0970343
1 0.767746 0.249457 0.0345501 0.0918374
0 0.61314 0.448849 0.0447823 0.0827009
4 0.179335 0.587378 0.0448214 0.094541
0 0.78644 0.358721 0.0403567 0.0949543
4 0.552576 0.310467 0.0419172 0.0895117
1 0.480201 0.3202 0.0308651 0.062679
4 0.577166 0.229864 0.0398253 0.0959242
1 0.890883 0.353762 0.0620845 0.105791
0 0.720733 0.288347 0.0443016 0.0806711
3 0.597798 0.557481 0.0629944 0.156061
0 0.576943 0.228634 0.0399949 0.0957357
1 0.786691 0.358167 0.0406922 0.0945751
0 0.628284 0.257962 0.0472672 0.115641
