2 0.737566 0.352315 0.0905563 0.426579
1 0.117907 0.716104 0.0983311 0.175617
1 0.148472 0.897318 0.119393 0.196581
1 0.494126 0.814435 0.0947305 0.171654
1 0.575428 0.67496 0.0799707 0.138368
1 0.799651 0.704657 0.0804526 0.156381
1 0.340169 0.774333 0.0899737 0.156005
1 0.188776 0.63662 0.0792176 0.132713
1 0.44113 0.562286 0.0628026 0.135044
1 0.791949 0.560149 0.0716383 0.124495
1 0.751211 0.820994 0.0916731 0.176927
1 0.855124 0.472252 0.0680666 0.144901
0 0.0672666 0.437544 0.0627671 0.126409
1 0.306781 0.565526 0.0633462 0.135506
1 0.630385 0.525601 0.0672779 0.124111
1 0.521044 0.490287 0.0686405 0.116254
0 0.0379225 0.904892 0.0755101 0.190216
1 0.067594 0.438384 0.0630055 0.12582
4 0.0383538 0.904742 0.0766354 0.190516
