2 0.334016 0.227867 0.058651 0.193356
4 0.802984 0.462722 0.0596767 0.121087
0 0.604791 0.557516 0.0572567 0.13086
2 0.059545 0.508395 0.0690455 0.525593
4 0.715417 0.575858 0.0550748 0.124136
0 0.527015 0.380805 0.0386665 0.0947294
0 0.172359 0.375932 0.0438357 0.090302
0 0.283164 0.260198 0.0365831 0.0723159
0 0.228505 0.333717 0.039773 0.0768917
0 0.116683 0.379537 0.0411891 0.0928319
0 0.186418 0.304026 0.0405008 0.0669117
1 0.496524 0.485499 0.0468885 0.106095
0 0.447336 0.286941 0.0331504 0.0753086
0 0.585279 0.32733 0.0347332 0.0752392
1 0.39905 0.461237 0.0441753 0.107017
0 0.224375 0.430472 0.04592 0.0940054
0 0.299168 0.32678 0.0382448 0.0828702
0 0.675376 0.339886 0.0404951 0.090823
1 0.922211 0.315049 0.0382511 0.0890134
4 0.711917 0.423425 0.0512042 0.102652
0 0.390081 0.282586 0.0319787 0.063041
4 0.763177 0.357171 0.0426517 0.0870058
4 0.831436 0.366259 0.0492661 0.097416
1 0.596741 0.41212 0.0452171 0.0980927
1 0.585613 0.326741 0.0340538 0.0768325
0 0.671501 0.271269 0.0386195 0.064765
1 0.757778 0.281597 0.0398775 0.0754488
0 0.844927 0.291993 0.0378067 0.074016
4 0.365501 0.328779 0.0411243 0.08758
1 0.712243 0.423478 0.0507195 0.101436
4 0.758069 0.281396 0.0415217 0.0740209
0 0.0827498 0.355102 0.0329213 0.0689752
0 0.49626 0.483772 0.0503495 0.105954
