4 0.0958921 0.726358 0.110565 0.151786
1 0.0841813 0.894504 0.125294 0.197254
2 0.0668045 0.49811 0.113555 0.41803
2 0.219832 0.580889 0.121208 0.519722
0 0.633924 0.583766 0.0663676 0.116458
1 0.587085 0.678448 0.0801152 0.13919
0 0.512183 0.486467 0.0669912 0.126876
4 0.866697 0.508734 0.0806189 0.141551
1 0.322365 0.747646 0.0943024 0.177898
4 0.789217 0.774934 0.0928128 0.16623
2 0.392485 0.628375 0.137556 0.527177
1 0.543444 0.829396 0.0912698 0.165978
1 0.65364 0.491586 0.0657425 0.107812
4 0.773863 0.568444 0.0782065 0.130412
1 0.774283 0.567661 0.0757629 0.127138
4 0.544215 0.829494 0.0922597 0.163773
1 0.486083 0.934238 0.10812 0.131523
