0 0.692365 0.583876 0.0782661 0.167768
0 0.611571 0.463054 0.0549654 0.104109
0 0.496591 0.480269 0.0571593 0.104179
0 0.596875 0.621621 0.0597304 0.14604
1 0.0856396 0.511667 0.0580598 0.116249
0 0.855965 0.454353 0.0456738 0.0934416
0 0.525165 0.270349 0.0401446 0.089827
0 0.669531 0.27322 0.0409658 0.0823815
0 0.929993 0.407084 0.0462715 0.0985427
0 0.903014 0.262219 0.0431461 0.0875828
0 0.478465 0.247271 0.0379887 0.102124
1 0.959545 0.221946 0.0340939 0.0741581
0 0.422869 0.272677 0.0406925 0.0954831
1 0.812419 0.305674 0.0397045 0.0892402
1 0.911167 0.506573 0.0518288 0.114648
1 0.12945 0.298034 0.0358249 0.0767588
1 0.110302 0.376262 0.0437588 0.0980891
1 0.714651 0.310318 0.0372562 0.0855676
1 0.0374711 0.717415 0.0734368 0.158678
0 0.837928 0.212156 0.0362186 0.0701758
2 0.0399798 0.34347 0.0758827 0.43122
0 0.695751 0.220678 0.0348363 0.0778212
4 0.229148 0.620484 0.0723234 0.158596
4 0.191506 0.487004 0.0510457 0.105909
0 0.185321 0.223639 0.0397021 0.0933771
0 0.979858 0.302116 0.038195 0.08373
0 0.713923 0.309417 0.0375965 0.0886638
1 0.126142 0.239909 0.0377848 0.0740669
0 0.0374757 0.721023 0.0721883 0.16772
1 0.192023 0.486453 0.0537039 0.10309
0 0.359083 0.127787 0.0302608 0.0666484
1 0.228651 0.621956 0.0746896 0.164116
0 0.74873 0.259515 0.0381548 0.105016
1 0.980261 0.301612 0.0383007 0.0804298
