0 0.926921 0.325614 0.0385033 0.0966993
0 0.396507 0.495397 0.056492 0.110613
0 0.67933 0.365087 0.0469851 0.10068
0 0.593313 0.441404 0.0445283 0.105964
1 0.725101 0.56794 0.0566541 0.139058
1 0.334345 0.254263 0.0357474 0.0775198
4 0.077252 0.349729 0.0347802 0.0758091
0 0.741336 0.318708 0.0353649 0.0786239
0 0.841083 0.31436 0.0374234 0.0698046
0 0.393359 0.301843 0.0368558 0.0744494
0 0.184511 0.312751 0.0427958 0.0686327
0 0.353518 0.372709 0.0417234 0.0874726
2 0.795242 0.706658 0.119999 0.586684
1 0.505289 0.471167 0.0434043 0.103623
0 0.226068 0.422217 0.0394004 0.0864438
0 0.596121 0.596767 0.0650743 0.106713
0 0.571839 0.361935 0.0401091 0.0725319
0 0.454483 0.284523 0.0315638 0.0747437
4 0.833667 0.394169 0.0545833 0.105824
0 0.673318 0.28522 0.0416008 0.0627719
0 0.120794 0.361927 0.0370693 0.0860693
1 0.522063 0.381612 0.0385782 0.0875111
0 0.278436 0.269103 0.0335939 0.0726845
0 0.300568 0.315252 0.0374573 0.0809828
0 0.765601 0.458839 0.0641647 0.146239
1 0.171601 0.376047 0.0366204 0.0823447
0 0.834006 0.394417 0.0506535 0.105555
0 0.521964 0.382477 0.0403029 0.0871028
1 0.776407 0.35594 0.0410725 0.0827268
1 0.234673 0.333912 0.0316399 0.0682555
0 0.171947 0.376752 0.0384433 0.0866023
