2 0.168437 0.584991 0.0934137 0.338642
0 0.750349 0.782381 0.0919873 0.159488
0 0.556644 0.641757 0.0770812 0.110256
2 0.258514 0.666955 0.104894 0.412683
0 0.667395 0.559866 0.0607554 0.112836
0 0.91388 0.704187 0.0789921 0.140733
0 0.580416 0.232954 0.031196 0.062533
1 0.343513 0.572947 0.130319 0.496412
0 0.874369 0.36236 0.044899 0.0777583
4 0.807952 0.571223 0.0761145 0.14629
0 0.489969 0.304434 0.043154 0.0854569
0 0.421533 0.303255 0.0416043 0.0760666
1 0.727334 0.428664 0.0552914 0.0974313
0 0.948788 0.305906 0.0561318 0.0935368
1 0.246791 0.400374 0.0484058 0.104682
1 0.890847 0.25603 0.0404884 0.0731604
2 0.342696 0.567815 0.133412 0.48369
1 0.687805 0.363099 0.046286 0.0832915
0 0.537924 0.261026 0.0391161 0.0698174
1 0.556518 0.342406 0.0402686 0.0755638
1 0.645493 0.231252 0.0313884 0.0522228
1 0.44283 0.36636 0.0493373 0.0934498
1 0.7877 0.293401 0.0423296 0.0805448
0 0.891362 0.45398 0.0643099 0.127455
0 0.82159 0.260828 0.0363346 0.0695318
4 0.892217 0.45389 0.0661678 0.123007
1 0.647564 0.285634 0.0364874 0.062232
1 0.687363 0.254494 0.0367482 0.0666199
1 0.125958 0.432546 0.0508355 0.0972295
0 0.442878 0.366373 0.0503233 0.0815545
0 0.125557 0.434016 0.0518785 0.0988842
1 0.821035 0.261216 0.0376728 0.0649149
0 0.369045 0.340262 0.0420651 0.0777436
