4 0.163656 0.502932 0.0629315 0.100474
1 0.619398 0.547117 0.0633352 0.127604
0 0.822668 0.678697 0.0702913 0.126083
1 0.760266 0.533885 0.0631302 0.115851
0 0.0744454 0.518716 0.0648517 0.0995765
0 0.306948 0.353661 0.0463113 0.0718505
0 0.794429 0.322332 0.0410265 0.0785374
0 0.580444 0.235988 0.0370155 0.0622281
0 0.462529 0.313774 0.0510261 0.0901276
0 0.791558 0.408069 0.0470976 0.0745332
0 0.542382 0.2503 0.0383923 0.0496871
0 0.841164 0.264802 0.0478504 0.0669742
0 0.378776 0.338614 0.0456273 0.0678965
0 0.328751 0.29407 0.0449452 0.0682844
0 0.453548 0.240759 0.0420458 0.0569249
0 0.542352 0.206183 0.0324316 0.0440673
0 0.397534 0.280424 0.0416519 0.0745941
1 0.639865 0.366298 0.0679196 0.102807
1 0.480432 0.202474 0.0329752 0.0515518
1 0.790794 0.234843 0.0387785 0.066411
0 0.230798 0.460234 0.0607417 0.112554
0 0.840397 0.376521 0.0465374 0.0783264
0 0.152103 0.423283 0.0478183 0.0747991
1 0.764371 0.762807 0.092094 0.157516
0 0.639254 0.364766 0.0643604 0.0986732
1 0.715054 0.247568 0.0483641 0.070562
1 0.152157 0.424204 0.0483926 0.0745927
4 0.541017 0.553709 0.0703945 0.138986
