2 0.594704 0.365378 0.0675173 0.28071
2 0.382368 0.69059 0.100946 0.618821
1 0.497559 0.492435 0.0484119 0.109064
1 0.721345 0.577986 0.0550763 0.119674
1 0.186228 0.296344 0.0367726 0.0684664
1 0.615862 0.531406 0.0544322 0.111035
0 0.12175 0.368528 0.0391542 0.0893015
1 0.679098 0.257144 0.040884 0.0724665
1 0.925019 0.302501 0.0390474 0.0820502
0 0.772634 0.379795 0.0380524 0.0879909
1 0.393241 0.268804 0.0315516 0.0684549
0 0.174814 0.374551 0.0417011 0.0893133
1 0.331808 0.257018 0.0315596 0.0655425
0 0.745319 0.29441 0.039091 0.0832067
1 0.519229 0.384151 0.0472387 0.107648
0 0.841665 0.391269 0.0433346 0.0906212
0 0.844354 0.304892 0.0346981 0.0783038
1 0.674543 0.331436 0.0379141 0.086739
1 0.230092 0.327561 0.0317881 0.0700545
0 0.0773735 0.357165 0.0405553 0.0842385
1 0.2279 0.416649 0.0325629 0.0808735
1 0.363714 0.333778 0.0392406 0.0813804
4 0.719881 0.455033 0.0546013 0.107137
1 0.450252 0.281668 0.035294 0.0785733
4 0.80758 0.46693 0.0539346 0.115225
1 0.299019 0.322953 0.0338881 0.073208
1 0.281878 0.26039 0.0342116 0.0662188
0 0.299584 0.323455 0.0349822 0.0756788
0 0.808652 0.464703 0.0533148 0.11227
