0 0.730812 0.771518 0.0862448 0.138409
0 0.247034 0.425567 0.0561663 0.104198
0 0.796369 0.5634 0.0618982 0.124768
0 0.550056 0.573318 0.0707532 0.119883
1 0.718839 0.374336 0.0489718 0.0848482
0 0.424403 0.311191 0.0370684 0.0741242
1 0.861383 0.697684 0.081884 0.135766
0 0.661923 0.559568 0.0682534 0.121175
0 0.874012 0.360294 0.0446167 0.0827702
0 0.494857 0.309999 0.0407766 0.0728171
0 0.927265 0.415778 0.0475232 0.0881388
1 0.388842 0.348903 0.0406985 0.0705581
0 0.464361 0.353703 0.0440618 0.0744777
1 0.886471 0.270932 0.0379798 0.0721636
1 0.83077 0.270623 0.0347462 0.0619059
0 0.934305 0.288026 0.0344181 0.0657813
1 0.150233 0.456547 0.0660426 0.100214
4 0.150291 0.455586 0.0667649 0.104129
0 0.582103 0.23035 0.0316336 0.059143
0 0.150904 0.458115 0.0689022 0.105068
1 0.661486 0.559335 0.0672848 0.120946
0 0.324952 0.475037 0.0546353 0.0930667
0 0.673098 0.26114 0.0378296 0.0698305
1 0.674269 0.262412 0.0381597 0.0699904
2 0.543542 0.407269 0.0582346 0.325941
1 0.797751 0.560734 0.0604243 0.128492
0 0.956196 0.294708 0.0417191 0.0833915
