0 0.736883 0.771201 0.0805176 0.130431
0 0.666568 0.576524 0.0653798 0.114956
0 0.245832 0.421571 0.0539223 0.0890992
0 0.78895 0.582269 0.0571268 0.106528
0 0.15002 0.45651 0.0594824 0.097917
0 0.471387 0.361551 0.0475712 0.0743365
0 0.867177 0.3659 0.0487289 0.0813355
0 0.431727 0.320225 0.0368454 0.0732312
0 0.826086 0.731496 0.0662556 0.133354
0 0.942168 0.293711 0.049908 0.0789875
1 0.58081 0.231339 0.0308628 0.0595568
0 0.560643 0.312342 0.0348516 0.0632275
1 0.894114 0.261823 0.0353767 0.0680631
4 0.234726 0.510507 0.0610836 0.0886206
2 0.700118 0.24557 0.0487955 0.166859
1 0.794981 0.284276 0.0388553 0.0687119
1 0.395233 0.344547 0.0408307 0.0768266
0 0.641922 0.278952 0.0333529 0.0516834
0 0.540916 0.258488 0.0317522 0.059892
0 0.600022 0.638235 0.0660031 0.106126
1 0.707691 0.380073 0.0530642 0.0870229
0 0.235495 0.510127 0.0616201 0.0876302
0 0.325222 0.409153 0.0516663 0.0851659
1 0.83124 0.275708 0.0383537 0.0738528
0 0.339468 0.459162 0.0564388 0.0857988
1 0.530852 0.335531 0.0353308 0.066621
0 0.830431 0.276742 0.036042 0.0705385
0 0.493774 0.302899 0.0360123 0.0596448
4 0.868254 0.446735 0.0477858 0.0818723
0 0.915291 0.428785 0.0383493 0.0808547
1 0.740645 0.430159 0.0566851 0.0884508
0 0.739814 0.429331 0.0569692 0.0852756
