0 0.788127 0.575692 0.0623679 0.112642
1 0.148906 0.457005 0.0637 0.0966322
0 0.836069 0.711172 0.0655331 0.12764
0 0.679349 0.267515 0.0380588 0.061984
0 0.401544 0.376767 0.0538863 0.0745753
0 0.562943 0.35732 0.049618 0.0748539
0 0.831534 0.313583 0.0460222 0.0703408
0 0.889809 0.284019 0.0404838 0.0658836
0 0.660529 0.548456 0.0706224 0.123488
0 0.545912 0.268647 0.0454559 0.0757641
0 0.424873 0.319577 0.0468384 0.0738406
0 0.482103 0.309417 0.0487221 0.0811253
0 0.585767 0.243366 0.0309082 0.0603706
0 0.915632 0.433623 0.0515945 0.0851198
0 0.738291 0.751219 0.074285 0.13195
0 0.876052 0.374786 0.0439167 0.0909453
0 0.640784 0.250639 0.0304539 0.059782
0 0.331904 0.457059 0.0561138 0.0974535
0 0.715173 0.410694 0.0465691 0.0781195
1 0.253921 0.419932 0.0474878 0.0856207
0 0.93682 0.293905 0.0484791 0.0713568
4 0.232855 0.496397 0.063581 0.097173
1 0.737316 0.750927 0.0749236 0.136842
0 0.755567 0.443955 0.0477664 0.0810864
0 0.231671 0.498409 0.0618262 0.0976861
2 0.574135 0.5557 0.107667 0.311052
0 0.328557 0.413919 0.053622 0.0756154
0 0.600873 0.451565 0.0536461 0.0883015
