0 0.160838 0.478179 0.0639783 0.106038
1 0.563465 0.617188 0.0770252 0.141702
0 0.24621 0.413748 0.0515626 0.0914127
0 0.661476 0.568423 0.0611189 0.122625
1 0.716197 0.383253 0.0535267 0.0900988
0 0.400326 0.353278 0.0463829 0.0687157
4 0.235197 0.500455 0.0636704 0.0924387
0 0.673582 0.268032 0.0383827 0.0611738
0 0.487537 0.300806 0.0446771 0.0674362
0 0.55346 0.344259 0.0544785 0.0921689
0 0.868154 0.451514 0.0522175 0.0856674
0 0.476808 0.361967 0.0548293 0.0685443
0 0.915288 0.425873 0.0477303 0.0837343
0 0.799587 0.56041 0.0692921 0.135722
0 0.328686 0.468169 0.0577936 0.0923077
1 0.815984 0.267308 0.0427772 0.0740531
1 0.799062 0.558238 0.0634496 0.128486
0 0.642635 0.240515 0.0297587 0.0520285
1 0.891846 0.266585 0.036026 0.0652991
0 0.887262 0.708001 0.0700768 0.125797
0 0.586949 0.242997 0.031097 0.0585759
0 0.555927 0.267237 0.046339 0.0593146
0 0.666388 0.768187 0.0846283 0.12876
0 0.233712 0.501723 0.0655687 0.090795
0 0.629212 0.281011 0.0346792 0.0490154
