2 0.669581 0.34966 0.0681518 0.342282
0 0.278525 0.782757 0.0907214 0.182908
0 0.111332 0.585818 0.0652277 0.182486
1 0.198352 0.621988 0.065153 0.122489
1 0.279584 0.476755 0.0454564 0.0953933
1 0.648961 0.52906 0.0549629 0.100377
1 0.848503 0.637865 0.0645561 0.114188
1 0.0968172 0.805148 0.0847577 0.171914
1 0.741942 0.478661 0.0527942 0.102755
1 0.358069 0.624462 0.0570759 0.1151
1 0.0554519 0.614507 0.0679154 0.131258
1 0.946022 0.479667 0.0511632 0.0897348
1 0.392328 0.491167 0.0479426 0.0983166
1 0.852514 0.468038 0.0462704 0.0789959
1 0.0810927 0.468811 0.0478835 0.0882289
1 0.244379 0.53563 0.0522144 0.106995
1 0.779748 0.53299 0.0509449 0.0904996
1 0.907131 0.564959 0.054729 0.0907857
1 0.712258 0.641851 0.0631255 0.12582
1 0.352133 0.541283 0.0493372 0.0844746
0 0.0176638 0.521681 0.0343799 0.100963
0 0.0559785 0.614344 0.0674626 0.12882
1 0.184553 0.48329 0.0548178 0.0944286
0 0.184193 0.48063 0.0517928 0.095206
1 0.856551 0.545626 0.0469753 0.0880387
0 0.713023 0.639575 0.0646156 0.125098
