2 0.559419 0.286375 0.0656701 0.406284
1 0.135132 0.532415 0.0866867 0.152271
1 0.148331 0.383185 0.0593678 0.106003
1 0.348411 0.437397 0.0661136 0.128732
2 0.718511 0.503696 0.0905237 0.754805
1 0.487226 0.273341 0.0357555 0.0773716
1 0.823163 0.295163 0.0363873 0.0930739
1 0.470488 0.396125 0.0611058 0.122484
1 0.0247828 0.372416 0.0495656 0.148252
1 0.430658 0.293505 0.0311867 0.063306
1 0.284998 0.360298 0.0553415 0.0965742
1 0.623936 0.291308 0.0352634 0.0776839
1 0.217253 0.254143 0.0248336 0.0594951
1 0.385787 0.266488 0.0289868 0.0661138
1 0.0937362 0.315579 0.0357676 0.0780523
1 0.333607 0.280494 0.0278247 0.0611995
1 0.865117 0.277774 0.0388347 0.102136
1 0.784163 0.29617 0.0333717 0.0849415
1 0.0563312 0.338025 0.0364338 0.0927664
1 0.245652 0.274151 0.0285156 0.0620778
1 0.279981 0.252272 0.0219196 0.0583611
1 0.171038 0.261028 0.0245737 0.0509476
1 0.168618 0.316361 0.0346327 0.0753156
1 0.0267371 0.260547 0.0294308 0.0632373
1 0.303786 0.26021 0.0233437 0.0568658
