2 0.675069 0.323545 0.0723453 0.488616
1 0.0772936 0.563634 0.0855974 0.154065
1 0.0924123 0.414191 0.0618767 0.112176
1 0.290597 0.458286 0.0721315 0.12992
2 0.798489 0.555139 0.15213 0.889723
1 0.228345 0.382288 0.0519659 0.0985005
1 0.415633 0.42122 0.0679608 0.124311
1 0.435832 0.301722 0.03395 0.0754592
1 0.110527 0.340818 0.0338611 0.0767035
1 0.37971 0.315378 0.030878 0.0665974
1 0.162728 0.273603 0.0241346 0.0594228
1 0.569661 0.310889 0.0347717 0.0782146
1 0.0362058 0.341344 0.0352977 0.0830513
1 0.50103 0.316683 0.0388535 0.077969
1 0.188558 0.292199 0.0275083 0.0652378
1 0.328257 0.287424 0.0275067 0.0634968
1 0.278495 0.296661 0.0267674 0.0587226
1 0.245349 0.284002 0.023851 0.055084
1 0.219413 0.272608 0.0243487 0.0561121
1 0.536992 0.28151 0.0276121 0.0697934
1 0.61835 0.27877 0.0343826 0.0808764
1 0.112374 0.283585 0.0266132 0.0551129
