2 0.770202 0.413326 0.0750154 0.535999
1 0.197945 0.639004 0.102292 0.175954
1 0.182604 0.488207 0.0682999 0.112139
2 0.918678 0.609698 0.137348 0.780604
1 0.645026 0.388481 0.036935 0.0852836
1 0.30834 0.34477 0.0238338 0.0555302
1 0.505439 0.36466 0.0326654 0.073936
1 0.0548057 0.468359 0.0723657 0.148537
1 0.579002 0.38838 0.035687 0.0800545
1 0.396573 0.350609 0.0307069 0.0686843
1 0.405677 0.542749 0.0880182 0.151254
1 0.319744 0.462431 0.0605949 0.102048
1 0.554738 0.338577 0.0268631 0.0700912
1 0.606368 0.354125 0.02847 0.0732681
1 0.696004 0.357678 0.035414 0.0922291
1 0.218454 0.336174 0.0256964 0.0636219
1 0.449272 0.383864 0.031903 0.0658899
1 0.282376 0.334937 0.0205493 0.0575144
1 0.343408 0.36522 0.0288388 0.0645268
1 0.18711 0.399231 0.0440102 0.0740696
1 0.0113082 0.409447 0.0226165 0.0882889
4 0.529199 0.508303 0.0749712 0.142852
1 0.103833 0.40506 0.0364846 0.0843097
1 0.8145 0.3908 0.0352009 0.0905616
1 0.852939 0.378556 0.0395031 0.0791326
1 0.251701 0.353837 0.0290965 0.0669743
3 0.530374 0.505907 0.0737659 0.139012
1 0.0270362 0.351029 0.0303776 0.0712281
1 0.172526 0.342285 0.0294461 0.0540957
