0 0.574957 0.298549 0.0567692 0.126396
0 0.811448 0.218238 0.0376936 0.0823018
0 0.321725 0.271428 0.0615911 0.133791
0 0.0262307 0.286605 0.0500903 0.120034
0 0.734377 0.255771 0.045669 0.103294
0 0.776474 0.278222 0.0481401 0.0969053
0 0.519282 0.226475 0.0558095 0.119881
0 0.0605044 0.535954 0.115094 0.254294
0 0.87435 0.222694 0.0419713 0.087223
0 0.980189 0.401954 0.0396213 0.139374
0 0.0696917 0.243975 0.0419339 0.102142
0 0.970505 0.275347 0.0444122 0.0831825
0 0.702999 0.457364 0.0811877 0.141712
0 0.666031 0.216216 0.0492305 0.076455
0 0.914669 0.257458 0.0404698 0.067197
