0 0.669044 0.416762 0.0667212 0.118595
1 0.468087 0.45384 0.094865 0.141769
1 0.569313 0.728036 0.13549 0.357205
1 0.88155 0.494345 0.129325 0.22292
1 0.637282 0.544799 0.080186 0.183476
2 0.670709 0.235051 0.12903 0.26237
1 0.282452 0.351789 0.0616077 0.109808
1 0.0416898 0.398237 0.0699941 0.125139
1 0.129467 0.797235 0.0480356 0.0914971
1 0.872846 0.815325 0.225255 0.36935
1 0.197495 0.349256 0.0575107 0.113882
1 0.294156 0.732122 0.0334784 0.0633917
1 0.234259 0.748828 0.0381664 0.0766126
1 0.139478 0.332483 0.0534309 0.107515
1 0.0630753 0.312048 0.0449949 0.101871
1 0.12702 0.720149 0.0311703 0.0559079
1 0.415492 0.683013 0.0229973 0.0507389
1 0.441335 0.682907 0.0206949 0.048761
1 0.281748 0.66556 0.0204169 0.0435901
1 0.391492 0.661906 0.0192904 0.0427257
1 0.196564 0.70967 0.0284687 0.0540589
1 0.0222419 0.849135 0.0444613 0.113416
1 0.088199 0.68353 0.0216353 0.0486912
1 0.25681 0.667485 0.0194222 0.0408334
1 0.307841 0.653146 0.0188574 0.0415509
1 0.356588 0.674888 0.0198056 0.0449726
0 0.00841889 0.711247 0.0167751 0.0563386
1 0.0583152 0.721707 0.0399857 0.080519
1 0.187483 0.648034 0.0146757 0.0361753
1 0.230796 0.655245 0.0184465 0.0386534
