0 0.156051 0.71988 0.130289 0.284468
0 0.458035 0.449233 0.0649794 0.13523
0 0.366753 0.633251 0.114743 0.25001
0 0.164471 0.344116 0.0384683 0.117044
0 0.558614 0.452806 0.0640475 0.133256
0 0.0624582 0.617994 0.0980379 0.180876
0 0.945539 0.387171 0.0499165 0.119946
0 0.123681 0.386596 0.0508233 0.118763
0 0.822057 0.440934 0.0676518 0.17
0 0.302337 0.392169 0.0554734 0.138329
0 0.039316 0.40313 0.0602448 0.115228
0 0.890123 0.442475 0.0661537 0.139658
0 0.653397 0.404362 0.0613904 0.137836
0 0.229863 0.421986 0.0590176 0.122454
0 0.490968 0.36255 0.0493631 0.0979406
1 0.747666 0.422467 0.0666029 0.178429
0 0.0145089 0.31253 0.0290178 0.0725548
0 0.418332 0.307117 0.0750634 0.181866
0 0.747403 0.425931 0.0691194 0.184109
2 0.369845 0.495372 0.132999 0.54704
0 0.666968 0.406677 0.0569567 0.130683
