2 0.412361 0.493805 0.105809 0.372615
2 0.625875 0.702287 0.157526 0.499466
1 0.327484 0.508694 0.0742283 0.122402
1 0.542014 0.426618 0.0456882 0.0897758
1 0.107361 0.481387 0.0545887 0.100663
1 0.0407894 0.446933 0.0482549 0.0854739
1 0.254238 0.385469 0.0451734 0.0806022
1 0.280989 0.292733 0.0366379 0.0643154
1 0.163746 0.343261 0.0422871 0.0735363
4 0.760384 0.622163 0.0811889 0.15092
4 0.960493 0.685525 0.0786945 0.13711
1 0.358941 0.304372 0.035699 0.0671922
1 0.823906 0.486822 0.0619581 0.119266
1 0.182808 0.23328 0.0333804 0.0608737
1 0.846003 0.307751 0.0379342 0.0750022
1 0.503371 0.31865 0.045153 0.0853155
1 0.942798 0.508861 0.0586712 0.122154
1 0.272235 0.205976 0.0299843 0.0551512
1 0.572126 0.27521 0.0382265 0.0743376
1 0.93116 0.401524 0.0556597 0.096352
1 0.827398 0.376332 0.0426582 0.0791726
1 0.623582 0.241289 0.0366342 0.0658736
0 0.663953 0.290088 0.0395012 0.0785499
1 0.61369 0.3482 0.0510504 0.0992168
1 0.23697 0.245118 0.0329002 0.0578325
1 0.427117 0.257931 0.0389673 0.0625297
1 0.331188 0.211976 0.0302547 0.0513718
1 0.0366726 0.360715 0.0459245 0.0752317
1 0.0872845 0.285566 0.0462103 0.0715329
1 0.688658 0.250997 0.0346478 0.0702058
