2 0.60763 0.514932 0.118387 0.572583
1 0.124271 0.787586 0.0931533 0.14396
1 0.952648 0.71602 0.0817331 0.139322
1 0.831626 0.905071 0.113543 0.174909
1 0.695353 0.680649 0.087828 0.127449
1 0.0649785 0.890032 0.110193 0.163243
1 0.261831 0.950576 0.0956175 0.0988491
1 0.374442 0.681978 0.0752826 0.102892
1 0.891197 0.688718 0.0655329 0.113033
1 0.211392 0.662468 0.0673973 0.125401
1 0.376309 0.773613 0.0815587 0.110037
1 0.786411 0.792287 0.0843904 0.121547
1 0.359992 0.870598 0.0857312 0.131499
1 0.165374 0.735205 0.0681057 0.109613
