2 0.673767 0.312591 0.0842784 0.406855
1 0.0340383 0.400544 0.0502816 0.112623
1 0.402274 0.413136 0.0543668 0.102726
1 0.479336 0.479967 0.0709984 0.139416
1 0.527221 0.330074 0.0317899 0.069223
1 0.286455 0.579854 0.0953017 0.165706
1 0.160564 0.366391 0.0394324 0.102102
1 0.111514 0.297377 0.0301104 0.0739699
1 0.579224 0.312019 0.0365709 0.0796142
1 0.187973 0.341387 0.0333139 0.0810387
1 0.391495 0.293077 0.0255331 0.0584492
1 0.477873 0.300768 0.0271662 0.0616919
0 0.10076 0.445647 0.077046 0.156489
1 0.0472374 0.660525 0.0944749 0.231201
1 0.332874 0.295214 0.0260832 0.0673469
2 0.787545 0.422551 0.0956003 0.525505
1 0.860789 0.344459 0.0406349 0.107847
0 0.909948 0.360045 0.0436607 0.100565
0 0.985631 0.348427 0.0287378 0.089326
0 0.607778 0.458785 0.0656808 0.135218
4 0.280635 0.345865 0.0482682 0.0897683
1 0.0282788 0.310116 0.0330602 0.0670686
0 0.944808 0.359719 0.0363686 0.0858816
0 0.950105 0.351612 0.0374062 0.0903507
4 0.047487 0.661627 0.0949366 0.232022
4 0.273833 0.443056 0.0734261 0.101344
1 0.357833 0.281852 0.0223957 0.0580664
1 0.426518 0.307862 0.0293209 0.0641163
1 0.273848 0.442773 0.0708862 0.100718
1 0.303217 0.277579 0.0254417 0.064199
1 0.280805 0.346502 0.0488541 0.0884395
