2 0.950877 0.574508 0.0982456 0.639246
0 0.231865 0.562884 0.0814727 0.164267
0 0.0395291 0.630524 0.0751154 0.162733
4 0.144963 0.802786 0.13433 0.252352
1 0.707409 0.442827 0.0378187 0.0788606
1 0.767112 0.422295 0.0413189 0.0960259
1 0.882494 0.459046 0.0480533 0.103421
0 0.139724 0.511048 0.0583787 0.125982
1 0.844026 0.401451 0.040075 0.0917685
1 0.583499 0.411365 0.0337193 0.0713726
1 0.0345383 0.41526 0.0375683 0.0987189
0 0.810062 0.599017 0.0905299 0.170858
1 0.317572 0.446044 0.0367618 0.0890295
1 0.647287 0.405653 0.0338264 0.0755074
2 0.237724 0.351442 0.0734542 0.292485
1 0.094319 0.43143 0.0472937 0.103815
1 0.543961 0.394096 0.0285862 0.064923
4 0.433603 0.740168 0.110389 0.196927
0 0.650643 0.637334 0.0931675 0.169402
1 0.135518 0.407599 0.0370826 0.0765141
1 0.417363 0.455609 0.0536182 0.0975423
1 0.445741 0.37837 0.0304214 0.0710896
0 0.569653 0.549993 0.0596008 0.116955
1 0.139854 0.507843 0.0575236 0.121872
1 0.290162 0.475993 0.0461949 0.114949
1 0.507639 0.383948 0.0245787 0.0661876
1 0.479969 0.397775 0.0311508 0.0806127
1 0.570741 0.550929 0.0599941 0.117385
4 0.413844 0.569581 0.0784551 0.113221
0 0.480075 0.401018 0.0326908 0.0848816
1 0.71489 0.384502 0.0292058 0.0630611
0 0.0936469 0.42983 0.0480492 0.110492
1 0.432065 0.737903 0.10912 0.187328
1 0.00894929 0.510048 0.0178986 0.125302
