2 0.584457 0.332678 0.0921499 0.325226
0 0.711846 0.301638 0.0385361 0.0809712
0 0.228578 0.620276 0.108036 0.172009
0 0.66296 0.314986 0.0397604 0.079325
0 0.414718 0.478947 0.075706 0.143535
0 0.174726 0.445677 0.0644033 0.12511
0 0.167223 0.256703 0.0306148 0.0676008
0 0.195855 0.33067 0.0490187 0.0921785
0 0.535138 0.439377 0.0628617 0.115407
0 0.497337 0.283327 0.0374493 0.0836343
0 0.342828 0.421989 0.0573737 0.109597
0 0.393677 0.272576 0.0306204 0.0666527
0 0.111479 0.329478 0.0395708 0.0923974
0 0.0379332 0.437034 0.0751428 0.160871
1 0.446083 0.289814 0.0353447 0.0738236
0 0.217046 0.244435 0.0285183 0.0642072
1 0.336062 0.273103 0.0305483 0.0743155
0 0.247242 0.272641 0.0313545 0.0665143
0 0.071941 0.323929 0.0420001 0.100117
0 0.784682 0.338651 0.0478735 0.0943871
1 0.396125 0.214475 0.0249708 0.0522949
0 0.864075 0.311785 0.0355017 0.0764492
0 0.0156996 0.331262 0.0313991 0.0991466
1 0.312104 0.267021 0.0243957 0.0599873
0 0.830494 0.32104 0.0371162 0.0838124
0 0.275131 0.257774 0.0267476 0.0591065
0 0.354971 0.257264 0.0245129 0.0684605
1 0.903027 0.307938 0.0423462 0.0855057
0 0.85491 0.329031 0.0372577 0.0808614
0 0.335668 0.272596 0.0338031 0.0703182
0 0.0204836 0.262625 0.0365887 0.0701827
0 0.901693 0.309578 0.0424495 0.0851918
