0 0.656355 0.741768 0.16993 0.301293
0 0.398381 0.397317 0.0571565 0.13311
2 0.22983 0.517566 0.10626 0.760794
0 0.805064 0.488352 0.0759754 0.142099
1 0.583204 0.358465 0.0521653 0.0940799
0 0.778143 0.368254 0.0430861 0.0776907
0 0.533887 0.35159 0.0449554 0.0949896
1 0.868476 0.343487 0.0401825 0.0803424
0 0.35512 0.340423 0.0561963 0.105787
0 0.542015 0.564556 0.142044 0.200548
0 0.641489 0.32952 0.0393221 0.0789458
0 0.825408 0.335879 0.0362753 0.0755472
0 0.485397 0.320683 0.04935 0.0746527
0 0.685153 0.343336 0.0390264 0.0752782
1 0.93846 0.346106 0.0421607 0.0910631
4 0.922327 0.539198 0.0784563 0.161814
0 0.729005 0.344812 0.0383055 0.0663435
1 0.129499 0.382452 0.0560129 0.123013
1 0.730305 0.344701 0.0384512 0.0668978
0 0.129022 0.38293 0.0573559 0.123224
0 0.938525 0.348783 0.0445343 0.102313
