0 0.313439 0.459166 0.0604094 0.118712
0 0.0842875 0.760147 0.131676 0.235236
0 0.359978 0.617496 0.104015 0.168947
0 0.521904 0.48771 0.0793141 0.159055
0 0.0703157 0.377138 0.0512757 0.11462
0 0.704557 0.333019 0.0443111 0.0789056
0 0.0244338 0.348396 0.0445589 0.0981189
0 0.77791 0.336164 0.0444914 0.0872943
0 0.567754 0.305997 0.0415477 0.0844867
0 0.316827 0.34308 0.0469542 0.090622
0 0.140516 0.311014 0.046256 0.0922577
0 0.214148 0.347973 0.0428904 0.0915053
0 0.828155 0.325056 0.0418808 0.0831291
0 0.336785 0.252678 0.027488 0.0623525
0 0.167771 0.46294 0.0661618 0.135155
0 0.463134 0.29609 0.0357778 0.0694111
0 0.613389 0.303593 0.0412453 0.0828372
0 0.291974 0.270744 0.0310431 0.0596946
0 0.510879 0.281086 0.0358698 0.0717627
0 0.369144 0.276839 0.0305085 0.0665756
2 0.218581 0.240105 0.0584711 0.17287
0 0.654723 0.462611 0.0705631 0.137032
0 0.426274 0.277728 0.0294078 0.0620277
1 0.685928 0.270335 0.0344749 0.0742952
0 0.984024 0.344595 0.0317327 0.0894083
0 0.917628 0.361627 0.0596942 0.092193
0 0.464816 0.431808 0.0523434 0.10333
0 0.726584 0.282627 0.0397881 0.0711081
0 0.00923509 0.493549 0.0184702 0.142611
0 0.960966 0.356178 0.0325562 0.087108
1 0.866024 0.320319 0.0372894 0.0782002
0 0.390353 0.272032 0.0229865 0.0628695
