0 0.0832152 0.75436 0.128814 0.235813
0 0.312572 0.460693 0.0614624 0.119295
0 0.358354 0.615429 0.105455 0.166502
0 0.526242 0.485952 0.0781036 0.159181
2 0.676626 0.298111 0.0928902 0.299768
0 0.65177 0.456555 0.0667782 0.12665
0 0.0691066 0.375588 0.0494179 0.113363
0 0.568516 0.3047 0.0419365 0.0865109
0 0.024278 0.349722 0.0448368 0.0993752
0 0.29073 0.269648 0.0318317 0.0584342
0 0.780048 0.336975 0.0414001 0.080748
0 0.316604 0.34182 0.0461432 0.0904526
0 0.213899 0.346544 0.0453044 0.103096
0 0.151692 0.456804 0.0697134 0.130906
0 0.824246 0.317496 0.045826 0.0870032
0 0.339696 0.25563 0.0295439 0.0633678
0 0.463034 0.298186 0.0362963 0.0701092
1 0.14377 0.27015 0.0378007 0.0785819
0 0.510674 0.280437 0.0361702 0.0713028
0 0.611552 0.297113 0.0413361 0.0903875
0 0.463718 0.430378 0.0544436 0.1025
0 0.910366 0.354847 0.0575813 0.0974273
0 0.371243 0.275096 0.0307585 0.0637778
0 0.425554 0.277019 0.0281579 0.0588666
0 0.714159 0.329101 0.0346324 0.0765098
0 0.957371 0.360178 0.0393408 0.0856915
0 0.865508 0.316928 0.0394919 0.0759301
0 0.00927226 0.496115 0.0185445 0.134829
0 0.984317 0.336615 0.0311609 0.0905709
0 0.389356 0.271832 0.0229844 0.0607478
0 0.290699 0.271391 0.0396242 0.0678268
0 0.951186 0.36136 0.0390818 0.0985787
