0 0.0729846 0.738588 0.103579 0.237788
0 0.343899 0.604674 0.0952017 0.149893
0 0.164994 0.462654 0.0715964 0.127818
0 0.211241 0.347226 0.0393094 0.0995747
0 0.0698506 0.378869 0.0468895 0.109347
0 0.568532 0.304533 0.0420178 0.0867316
0 0.026665 0.351499 0.0437873 0.0966438
0 0.538358 0.502515 0.0760817 0.140652
0 0.704179 0.332461 0.044448 0.0801563
0 0.130238 0.345517 0.0393911 0.0854558
0 0.818334 0.316592 0.0387264 0.0829007
0 0.611947 0.300842 0.041326 0.0845527
0 0.856133 0.308611 0.0422623 0.0938121
0 0.648863 0.454996 0.0651722 0.132928
0 0.770616 0.324226 0.0428591 0.0863086
2 0.342487 0.256236 0.0668749 0.180748
0 0.289688 0.265617 0.0285175 0.0580042
0 0.314573 0.43455 0.059348 0.118337
0 0.467065 0.305863 0.0372376 0.0646919
0 0.511655 0.278239 0.0319621 0.0652614
0 0.144234 0.272619 0.038062 0.076241
0 0.913987 0.359767 0.0611889 0.0947666
0 0.983878 0.345558 0.0321226 0.0883044
0 0.425065 0.277675 0.027294 0.0571189
0 0.463877 0.429497 0.057473 0.10025
0 0.321064 0.331901 0.0390469 0.0828061
0 0.00854155 0.48942 0.0170831 0.128032
0 0.246167 0.339563 0.0416319 0.0895099
0 0.373072 0.273234 0.0245605 0.0613887
0 0.684659 0.286622 0.0364481 0.0716702
0 0.95962 0.355821 0.034914 0.0857205
0 0.386525 0.263778 0.0276833 0.0574478
0 0.362579 0.255169 0.0374972 0.11422
