2 0.620066 0.698981 0.144719 0.512867
1 0.433076 0.550763 0.0590699 0.119327
1 0.320613 0.530358 0.0611116 0.104176
1 0.42696 0.407088 0.0539169 0.0921336
1 0.163841 0.356047 0.0446057 0.0774957
1 0.258197 0.383063 0.0475218 0.0822791
1 0.844217 0.3081 0.0377609 0.0760876
1 0.756121 0.651679 0.0790003 0.153972
1 0.0253912 0.463813 0.0487185 0.0894642
1 0.947859 0.515601 0.0599713 0.114646
1 0.281676 0.2818 0.0379346 0.0718073
1 0.354162 0.309582 0.0386192 0.0683986
1 0.504281 0.321607 0.0432623 0.0880565
1 0.968414 0.69258 0.0631727 0.140898
1 0.184009 0.236465 0.0333226 0.0587987
1 0.818042 0.395321 0.0470463 0.0935834
1 0.105184 0.475973 0.063499 0.114864
1 0.572171 0.310993 0.051626 0.10815
1 0.430606 0.268041 0.0367224 0.0727269
1 0.665178 0.28683 0.0350099 0.0685092
1 0.0421988 0.352255 0.0427487 0.0762819
0 0.940384 0.410383 0.0545834 0.0931301
1 0.629695 0.249498 0.032719 0.0609455
1 0.241104 0.23536 0.0327239 0.0605327
1 0.276968 0.198202 0.0316661 0.0614285
1 0.149471 0.288532 0.0399069 0.0634506
0 0.816547 0.507967 0.0625186 0.116794
1 0.692569 0.268784 0.0321533 0.072678
1 0.329837 0.232761 0.0343481 0.0563561
1 0.938966 0.333265 0.0384967 0.0671349
1 0.0869298 0.289318 0.0484328 0.0729396
0 0.0866652 0.290301 0.0491235 0.0737449
