0 0.866402 0.64772 0.0559168 0.134667
2 0.765203 0.347278 0.077066 0.279995
0 0.363402 0.554731 0.0433281 0.0974163
0 0.700308 0.612495 0.063974 0.127243
0 0.0971956 0.587549 0.065047 0.161806
0 0.639846 0.780768 0.0598112 0.143438
4 0.585789 0.339066 0.0358556 0.0714682
1 0.411412 0.645182 0.056402 0.128172
0 0.263269 0.404654 0.0368812 0.0831074
1 0.831321 0.791997 0.0614792 0.129642
1 0.148264 0.449188 0.045352 0.0928729
4 0.262626 0.671418 0.0681104 0.144601
0 0.800547 0.453878 0.0399515 0.0863832
4 0.894879 0.526942 0.0581673 0.102029
1 0.335545 0.33625 0.0347193 0.0707027
1 0.70247 0.321064 0.028668 0.0685971
1 0.678305 0.344188 0.0332886 0.0729877
0 0.89219 0.526907 0.0541264 0.0974719
0 0.397891 0.373736 0.0424337 0.0887903
0 0.024473 0.517961 0.0486426 0.110682
1 0.178598 0.311619 0.0343066 0.0694449
4 0.768833 0.513399 0.049119 0.100174
1 0.813525 0.311815 0.0287365 0.055116
0 0.411661 0.647062 0.0563275 0.129314
1 0.631786 0.296942 0.0331484 0.0739229
4 0.492987 0.449096 0.0416792 0.0821494
4 0.0967079 0.350364 0.0335315 0.070543
0 0.223329 0.483058 0.046 0.109405
1 0.874939 0.354418 0.0384232 0.0734749
4 0.478486 0.574577 0.043947 0.0942764
1 0.327336 0.402895 0.0427451 0.0859746
1 0.163049 0.365799 0.0391634 0.0686943
1 0.811418 0.362903 0.0346365 0.0653806
1 0.57974 0.429889 0.0356558 0.0890691
1 0.617416 0.411773 0.0329536 0.0838946
4 0.833139 0.840766 0.0833215 0.228504
0 0.478049 0.575735 0.0436427 0.0963666
4 0.16333 0.367649 0.0391552 0.0740814
4 0.222934 0.480568 0.0439801 0.10296
0 0.883066 0.441441 0.0471085 0.0801397
1 0.882969 0.312314 0.031316 0.0615166
4 0.0981485 0.361725 0.0376628 0.0882039
1 0.551518 0.394246 0.0295602 0.0746409
