0 0.699623 0.614732 0.062817 0.127518
0 0.391604 0.556441 0.0508634 0.097544
0 0.856815 0.662554 0.0575638 0.133632
4 0.578906 0.339097 0.040889 0.0815228
4 0.497886 0.461357 0.0466263 0.0953447
0 0.792086 0.446516 0.0332583 0.0828997
4 0.116407 0.547547 0.0570893 0.123856
1 0.320983 0.387699 0.0404604 0.0820106
1 0.23969 0.336647 0.0314786 0.0611324
1 0.338229 0.333829 0.0324974 0.0686102
0 0.469236 0.573002 0.047337 0.105944
4 0.272955 0.645191 0.055292 0.129676
1 0.641323 0.784296 0.0584666 0.146682
4 0.80223 0.367947 0.0441515 0.0721059
4 0.417806 0.357856 0.0368142 0.0780652
1 0.0207893 0.515638 0.0414622 0.0913591
1 0.902637 0.523505 0.0433523 0.101285
1 0.253273 0.466423 0.0400519 0.0865906
0 0.582008 0.448665 0.0385996 0.101428
1 0.826206 0.811205 0.0647567 0.129321
1 0.259518 0.380889 0.0402834 0.0781411
4 0.875632 0.363199 0.0417526 0.0775888
0 0.759063 0.502507 0.0406346 0.0907992
1 0.364599 0.684195 0.0611958 0.146822
0 0.364315 0.683327 0.0599852 0.145478
1 0.107044 0.367534 0.0329021 0.0760524
0 0.0170494 0.443199 0.0340988 0.0661336
4 0.163464 0.43434 0.0443257 0.0911287
1 0.806087 0.313053 0.0322613 0.0538151
1 0.681625 0.344481 0.035174 0.074776
1 0.628739 0.296788 0.0325762 0.0729601
0 0.882546 0.449288 0.0405861 0.0802837
1 0.616658 0.413756 0.0343324 0.0885156
1 0.163715 0.434056 0.041872 0.0914591
4 0.758292 0.524189 0.0477169 0.140943
0 0.010075 0.390287 0.0201499 0.0625568
1 0.70341 0.307273 0.0305484 0.0665695
4 0.020388 0.516389 0.0405401 0.0924138
