4 0.110937 0.544289 0.0665656 0.156279
0 0.69298 0.628604 0.0612275 0.122788
0 0.854856 0.663078 0.0547444 0.131148
3 0.394413 0.670727 0.0670499 0.201455
4 0.266846 0.654312 0.064505 0.151104
0 0.489893 0.555865 0.0445457 0.099845
4 0.887552 0.530104 0.0533592 0.109662
4 0.496872 0.456332 0.0470909 0.0843373
0 0.386402 0.534522 0.0443375 0.0840218
4 0.587786 0.34269 0.0379241 0.0775238
4 0.800949 0.366064 0.0428875 0.0688282
4 0.587446 0.467487 0.0542491 0.15446
1 0.0505976 0.423138 0.0549341 0.0969338
1 0.33708 0.330936 0.0327244 0.0656697
1 0.0274303 0.507865 0.0530449 0.107512
1 0.838515 0.811346 0.0596657 0.13238
1 0.109014 0.349033 0.032965 0.0743926
4 0.169013 0.434502 0.0448029 0.0895176
4 0.224114 0.473831 0.0490368 0.0968161
1 0.324669 0.389392 0.0394743 0.0799372
4 0.417253 0.36105 0.03708 0.0818537
4 0.258694 0.386412 0.037484 0.0783334
1 0.635092 0.777994 0.0651312 0.145532
1 0.805242 0.312845 0.0329829 0.0540716
1 0.180395 0.316275 0.0336486 0.075976
1 0.881194 0.437609 0.0424705 0.0758428
1 0.87441 0.35924 0.0379929 0.0741108
0 0.799449 0.447004 0.0384224 0.0815735
4 0.839309 0.861983 0.0769062 0.234227
1 0.675167 0.348364 0.0361244 0.0825152
4 0.18036 0.317426 0.036778 0.0775938
1 0.70168 0.312101 0.0319333 0.0723596
4 0.547923 0.402758 0.0325684 0.0743955
4 0.629678 0.293221 0.0323618 0.0705465
4 0.147869 0.368149 0.0382593 0.0716839
4 0.588058 0.45155 0.0448658 0.123347
4 0.874736 0.36047 0.0402263 0.0759509
