2 0.663899 0.303254 0.0591551 0.211613
0 0.697969 0.594079 0.0542551 0.11891
1 0.461623 0.871649 0.104419 0.193016
2 0.163478 0.727133 0.105414 0.545735
1 0.233635 0.38452 0.0332182 0.0748695
4 0.937344 0.356242 0.0494713 0.0796427
4 0.489701 0.663582 0.085043 0.165122
1 0.477191 0.426763 0.0417999 0.0748303
1 0.198089 0.430617 0.0336273 0.0773778
1 0.166177 0.370236 0.0359784 0.0750187
1 0.0153791 0.519581 0.0307582 0.0909217
1 0.689477 0.505787 0.0446205 0.0805545
1 0.833649 0.615237 0.0624487 0.123334
1 0.0256749 0.643933 0.0513497 0.110266
4 0.912338 0.430142 0.0496658 0.0876927
1 0.394995 0.36982 0.0378253 0.0767617
1 0.621185 0.363641 0.0352328 0.0728657
1 0.33462 0.472516 0.0415954 0.102665
1 0.479453 0.365081 0.0396319 0.0694171
4 0.65622 0.427725 0.039806 0.0811139
1 0.741091 0.417485 0.0384119 0.077273
4 0.288541 0.61102 0.0610472 0.132693
1 0.719549 0.355293 0.0356871 0.0751377
1 0.44215 0.512437 0.0576889 0.10131
4 0.977837 0.519648 0.0437787 0.136773
4 0.101588 0.450361 0.0466785 0.0989788
4 0.015848 0.824072 0.0311523 0.184375
1 0.419245 0.657079 0.0612478 0.110465
1 0.371539 0.433358 0.0350389 0.0792292
1 0.102036 0.439894 0.0430864 0.0789776
0 0.775379 0.522358 0.0462196 0.0943473
