2 0.652686 0.678971 0.0921272 0.550817
1 0.227849 0.814156 0.0747138 0.155035
1 0.418134 0.658872 0.060529 0.116362
4 0.398882 0.359079 0.0475348 0.0909708
4 0.472491 0.369372 0.0457593 0.0731788
4 0.0346959 0.647746 0.0689727 0.123074
4 0.110492 0.538076 0.062013 0.10179
4 0.164022 0.379889 0.0437954 0.0802351
1 0.424102 0.839907 0.0780945 0.127429
4 0.347434 0.478702 0.0503427 0.0999978
1 0.0258919 0.511992 0.0513546 0.105603
4 0.62363 0.362049 0.0449871 0.0870129
4 0.438423 0.527934 0.0533255 0.0955926
4 0.470114 0.446245 0.0516299 0.0829869
4 0.208886 0.446288 0.0517759 0.0980638
4 0.240263 0.381073 0.0408358 0.0760125
2 0.742799 0.284418 0.0590872 0.171683
4 0.961626 0.453807 0.062281 0.130322
1 0.102646 0.442988 0.0454262 0.0744888
1 0.962052 0.352008 0.0466243 0.0950269
4 0.300069 0.611911 0.0624428 0.119992
4 0.728083 0.476505 0.0651112 0.328579
1 0.858648 0.388103 0.0515985 0.0988096
1 0.92508 0.36745 0.0374123 0.0904316
4 0.377504 0.440797 0.0386708 0.078705
1 0.961389 0.453759 0.0611409 0.129532
2 0.727189 0.470853 0.0630381 0.318808
4 0.957893 0.470826 0.0746233 0.166817
