0 0.588905 0.41315 0.0517139 0.127271
0 0.746074 0.523672 0.061483 0.136244
0 0.811608 0.51789 0.0548716 0.115404
0 0.445627 0.450918 0.0394769 0.0913467
0 0.844174 0.332827 0.0384552 0.100323
0 0.952934 0.28554 0.0480522 0.0824309
0 0.740615 0.299577 0.0383099 0.0842501
1 0.655095 0.533477 0.0442363 0.0968395
0 0.533507 0.381344 0.0411086 0.0827744
0 0.691439 0.255644 0.0365871 0.0534502
0 0.220294 0.368466 0.0423501 0.095175
1 0.622549 0.305289 0.0355152 0.0746014
0 0.689187 0.306357 0.0379204 0.0788078
1 0.42115 0.278172 0.0320508 0.069171
0 0.308669 0.305763 0.0402487 0.0768457
0 0.525997 0.254999 0.0373013 0.0759227
0 0.926339 0.347375 0.0341103 0.0844314
0 0.528016 0.458851 0.0489679 0.101495
