0 0.387161 0.539888 0.0411485 0.100591
1 0.82998 0.828488 0.07178 0.140565
4 0.415428 0.670698 0.0707457 0.168941
1 0.813022 0.305339 0.0313521 0.0572291
4 0.30196 0.654377 0.0688974 0.131139
4 0.583804 0.3386 0.0379225 0.0764405
1 0.65881 0.779651 0.0694065 0.139824
0 0.820375 0.452061 0.0400692 0.087558
1 0.0132645 0.511898 0.0265289 0.100066
1 0.865253 0.618981 0.0597722 0.125877
1 0.0158378 0.434624 0.0315636 0.0680396
1 0.806899 0.357554 0.0421034 0.0749537
4 0.265548 0.387592 0.0398188 0.0738322
1 0.627897 0.302103 0.0311155 0.0728521
1 0.868289 0.351566 0.0385296 0.0794548
1 0.0963145 0.369057 0.0348979 0.0756813
4 0.405153 0.358863 0.04176 0.0884138
1 0.348751 0.331352 0.0358761 0.0798501
1 0.253136 0.466837 0.0441294 0.0997613
4 0.212739 0.370309 0.0330776 0.0673032
1 0.162108 0.44851 0.0476915 0.0916151
1 0.761427 0.490899 0.0443029 0.11455
1 0.178589 0.327758 0.0312111 0.0680297
4 0.60999 0.421111 0.0372905 0.0855205
4 0.114674 0.560915 0.0648643 0.139863
4 0.878781 0.498617 0.0469543 0.0928769
0 0.113739 0.554309 0.0596835 0.121383
1 0.669106 0.332754 0.030707 0.0707861
1 0.69166 0.310753 0.0317608 0.0632144
4 0.673035 0.349223 0.040811 0.107988
0 0.609865 0.420702 0.0370466 0.0840278
4 0.325395 0.407332 0.0427513 0.0887731
