0 0.492934 0.556328 0.0465953 0.111647
1 0.827708 0.788197 0.0685452 0.130406
4 0.924796 0.452675 0.0456398 0.0940392
4 0.101129 0.356401 0.0403033 0.0838596
0 0.760639 0.517869 0.0372365 0.098362
1 0.183213 0.305336 0.0330201 0.0733433
0 0.394828 0.54562 0.0522024 0.103605
1 0.202194 0.444049 0.0402491 0.0881656
0 0.894262 0.539274 0.0439003 0.0950776
0 0.283546 0.685077 0.0721253 0.151862
1 0.705318 0.568922 0.0448043 0.119114
4 0.491578 0.452008 0.0458733 0.0851128
0 0.642682 0.601815 0.0710295 0.111578
4 0.880034 0.374196 0.0392738 0.0792066
1 0.820083 0.314736 0.0317252 0.0716136
1 0.630839 0.297047 0.0335367 0.0745887
1 0.35645 0.325814 0.0341438 0.0799955
4 0.59356 0.445099 0.048386 0.113084
1 0.0201265 0.530291 0.040027 0.0962575
4 0.904241 0.318345 0.0388774 0.0782536
1 0.176607 0.369018 0.0371643 0.0718829
4 0.0240727 0.414299 0.0469737 0.0898847
4 0.544679 0.400814 0.0347303 0.078521
0 0.245414 0.474045 0.0441437 0.0998099
0 0.804134 0.440361 0.0375103 0.0765566
1 0.62973 0.386499 0.0319469 0.0763375
4 0.383606 0.734071 0.0664847 0.138845
1 0.247869 0.327934 0.0341339 0.0635087
0 0.85324 0.638556 0.049225 0.11922
4 0.113323 0.587681 0.069245 0.169675
4 0.594044 0.460026 0.0556466 0.146824
1 0.406979 0.354889 0.0349983 0.0757152
1 0.023715 0.4145 0.0461728 0.0883497
4 0.260479 0.389297 0.0377274 0.0745433
4 0.590502 0.343347 0.0331626 0.0741777
1 0.692258 0.312922 0.0302524 0.0599364
0 0.104153 0.570276 0.0544255 0.144578
1 0.85344 0.637701 0.0493557 0.118511
1 0.339585 0.396104 0.0387817 0.0827127
0 0.797598 0.374857 0.0346658 0.0674707
4 0.409257 0.356468 0.0389156 0.0820319
0 0.100418 0.556523 0.0486388 0.115829
