2 0.513733 0.37333 0.0507838 0.291505
2 0.413497 0.298057 0.0492582 0.205747
1 0.233546 0.746475 0.0747831 0.154384
4 0.707883 0.345363 0.0476208 0.0884854
4 0.329435 0.498774 0.0589729 0.109378
1 0.404683 0.81523 0.0840815 0.161932
4 0.807525 0.510825 0.0545742 0.106079
4 0.16769 0.361534 0.0389209 0.0759278
1 0.427726 0.660378 0.0679098 0.117037
1 0.842122 0.625069 0.0679714 0.139434
1 0.0297573 0.65181 0.0593084 0.122304
1 0.306331 0.635397 0.0547244 0.106255
1 0.682773 0.591218 0.0567563 0.10411
1 0.682397 0.499958 0.0552335 0.0960644
1 0.645463 0.425646 0.0449367 0.089254
1 0.456779 0.498234 0.051861 0.093171
2 0.557729 0.350673 0.0482707 0.344375
4 0.933248 0.35208 0.0473343 0.0761011
0 0.457617 0.415612 0.0411604 0.0753714
4 0.245301 0.375713 0.0442962 0.0777718
1 0.97947 0.504571 0.0409599 0.107293
1 0.618374 0.356805 0.0361904 0.0718574
1 0.86608 0.377716 0.0394379 0.0816333
4 0.113627 0.419514 0.042724 0.0798477
4 0.209219 0.415668 0.0469958 0.0975292
1 0.106771 0.514314 0.0487877 0.100249
4 0.0212534 0.506009 0.0424207 0.10497
4 0.376284 0.427927 0.0427821 0.0991166
4 0.865766 0.379764 0.0426045 0.0817562
4 0.74217 0.416682 0.0440091 0.0810756
1 0.0220548 0.507158 0.0430693 0.108083
