1 0.428727 0.666081 0.0664388 0.114598
4 0.796349 0.512973 0.0550986 0.0955976
2 0.414715 0.298987 0.0508351 0.208727
2 0.509713 0.370178 0.0534094 0.27925
1 0.251548 0.717295 0.0708329 0.145478
4 0.167451 0.362569 0.0390669 0.079073
1 0.680776 0.592111 0.0572802 0.108353
1 0.423356 0.817525 0.0881725 0.153899
1 0.456148 0.502192 0.0458328 0.0814671
0 0.95729 0.511975 0.0549548 0.106938
1 0.683319 0.501811 0.0543845 0.0894412
1 0.0333441 0.64362 0.0644472 0.110335
2 0.552972 0.336506 0.0496582 0.347167
1 0.613269 0.361669 0.0418554 0.0770732
4 0.930584 0.355593 0.0459709 0.0750945
1 0.646871 0.430202 0.0496074 0.0888523
1 0.305268 0.637998 0.0546015 0.10694
1 0.33993 0.50972 0.053124 0.108932
4 0.25341 0.374428 0.0429693 0.0761894
4 0.74964 0.417301 0.0481085 0.0846856
1 0.834792 0.62004 0.0664047 0.130844
1 0.373343 0.418357 0.0395635 0.0798618
1 0.117265 0.505156 0.0503374 0.101645
4 0.860756 0.374017 0.0400192 0.075365
1 0.112079 0.417041 0.0406688 0.0740255
1 0.0255134 0.502705 0.0502325 0.098097
4 0.206077 0.413249 0.0466009 0.0921038
4 0.834325 0.619184 0.0680725 0.132519
1 0.70253 0.351037 0.0418642 0.081619
1 0.940877 0.425274 0.0374172 0.0677846
1 0.645112 0.447391 0.0551025 0.123402
0 0.990065 0.445559 0.0198706 0.0773625
