4 0.311015 0.630971 0.0651491 0.113547
1 0.422902 0.676282 0.0657227 0.119582
1 0.233927 0.760758 0.0749322 0.159156
2 0.549821 0.333343 0.0757694 0.330582
1 0.205268 0.4324 0.0426373 0.0793527
1 0.647825 0.443454 0.0484293 0.0816289
2 0.676755 0.301639 0.0668823 0.220838
1 0.421346 0.84831 0.0792407 0.143965
1 0.436879 0.4943 0.047365 0.0935585
1 0.470919 0.374634 0.0369099 0.0684971
4 0.934817 0.357857 0.0496132 0.0745151
1 0.122832 0.509026 0.0513463 0.102886
1 0.0381243 0.646391 0.0672074 0.118297
4 0.239695 0.383782 0.040826 0.0701862
0 0.0185198 0.517367 0.0358307 0.112241
1 0.464462 0.440675 0.0378786 0.0700049
1 0.352944 0.466804 0.0443785 0.0865119
4 0.864654 0.372812 0.0432686 0.0754592
4 0.168655 0.378408 0.0370584 0.0698832
1 0.0979715 0.437026 0.0422508 0.0733946
1 0.745382 0.421636 0.0457291 0.0860789
1 0.863335 0.372525 0.0403475 0.0736854
1 0.372009 0.426542 0.0359536 0.0715327
4 0.98668 0.427094 0.0266391 0.0862637
1 0.945485 0.429511 0.0423996 0.0811095
1 0.608069 0.36344 0.0342753 0.0705911
1 0.389635 0.360403 0.0427611 0.0701145
4 0.944867 0.430224 0.0510429 0.0891518
