1 0.427023 0.680146 0.0690485 0.118531
1 0.293702 0.647574 0.0559113 0.109098
2 0.674547 0.290113 0.0515741 0.18415
1 0.647966 0.443996 0.0464725 0.0825666
1 0.204146 0.439675 0.0456316 0.0847958
1 0.42841 0.836805 0.0767562 0.12929
1 0.23118 0.767243 0.0671289 0.156947
1 0.471029 0.372696 0.0398848 0.0697171
1 0.435319 0.494696 0.0500562 0.0943425
4 0.240458 0.384545 0.0427259 0.0716774
1 0.121691 0.507952 0.0496913 0.10154
2 0.567161 0.340158 0.0413751 0.33442
4 0.935975 0.357815 0.0459888 0.0683236
2 0.592438 0.360729 0.0510031 0.287318
1 0.0352047 0.644688 0.0669011 0.115211
1 0.367211 0.442904 0.0380085 0.0862642
4 0.168532 0.378047 0.0381868 0.0728942
4 0.86729 0.379431 0.0416597 0.0695519
1 0.463992 0.437373 0.0373136 0.0711493
2 0.573937 0.353405 0.0475232 0.315408
4 0.0192124 0.510753 0.0382979 0.107367
1 0.704719 0.356626 0.0386006 0.0723842
1 0.0988373 0.437557 0.0419122 0.0724927
4 0.943775 0.421313 0.0395149 0.0770197
0 0.742035 0.421912 0.0443266 0.0823844
4 0.987688 0.428092 0.0246231 0.0826056
