4 0.792947 0.507639 0.0564937 0.0968754
2 0.369944 0.308929 0.0523594 0.229793
1 0.842036 0.619392 0.0705132 0.135629
2 0.422357 0.292082 0.036225 0.213154
1 0.238047 0.797799 0.0763765 0.164768
2 0.56845 0.362372 0.0477982 0.340266
1 0.674543 0.500688 0.0503784 0.0879686
1 0.677101 0.600028 0.0612123 0.113528
1 0.424831 0.848993 0.0859675 0.141519
2 0.458253 0.261217 0.0404413 0.190486
4 0.857542 0.375506 0.0428862 0.0825126
4 0.91048 0.427108 0.0456615 0.0877678
4 0.942759 0.354606 0.0484188 0.0746752
1 0.0388443 0.641891 0.0655553 0.114601
1 0.206439 0.442632 0.0431685 0.086626
1 0.114448 0.54577 0.0493938 0.0965192
1 0.648645 0.436803 0.0434797 0.0878804
1 0.0426494 0.51889 0.0525649 0.102901
1 0.372319 0.44209 0.0396477 0.084559
1 0.165934 0.383311 0.0355668 0.0689851
1 0.990254 0.429929 0.0194771 0.0782524
1 0.700861 0.353637 0.0403902 0.0712633
0 0.237637 0.797015 0.076118 0.164291
1 0.742916 0.407507 0.0466087 0.0808694
1 0.105654 0.443966 0.0457449 0.0762287
1 0.466661 0.377535 0.0365723 0.0692915
1 0.283103 0.38901 0.0406431 0.0775282
4 0.371751 0.44295 0.0414191 0.0799116
1 0.985689 0.5131 0.0286226 0.101128
4 0.743803 0.407337 0.0467961 0.0839631
4 0.105953 0.445658 0.0462928 0.079272
