1 0.82388 0.800012 0.0696571 0.14303
1 0.695489 0.603223 0.0507971 0.118144
0 0.387234 0.549406 0.0437357 0.083716
0 0.464113 0.563415 0.0434202 0.100846
4 0.861931 0.513215 0.052665 0.0950999
4 0.510455 0.475632 0.037954 0.0850465
1 0.153844 0.445719 0.0416574 0.0878589
1 0.303523 0.642896 0.0582827 0.126678
0 0.216051 0.366709 0.0393916 0.0688271
1 0.68479 0.754548 0.0742991 0.136475
0 0.815221 0.462959 0.0352064 0.0816867
1 0.342091 0.340359 0.0329351 0.0747378
4 0.2618 0.381512 0.0362243 0.0743786
1 0.704586 0.317349 0.0330878 0.0681333
4 0.8738 0.436482 0.0474509 0.0699226
4 0.107497 0.57102 0.0622376 0.148005
4 0.403206 0.365679 0.0405768 0.0791182
4 0.764288 0.509854 0.0480295 0.118592
4 0.218414 0.488437 0.0512645 0.103567
0 0.112898 0.370881 0.0296861 0.0697338
1 0.0247623 0.544381 0.0477733 0.101704
4 0.401239 0.668663 0.062301 0.142951
0 0.175102 0.362859 0.0361662 0.0749676
0 0.846059 0.646777 0.0576224 0.132114
1 0.542319 0.422677 0.0322125 0.0715348
0 0.81729 0.371429 0.0358658 0.0699557
1 0.660319 0.354544 0.0367262 0.0848062
1 0.630886 0.292071 0.0326773 0.0732053
1 0.612144 0.402344 0.0349842 0.0829586
1 0.21753 0.487124 0.0495284 0.102133
1 0.319827 0.411344 0.0411727 0.085702
4 0.319996 0.411453 0.0423051 0.0869897
1 0.846564 0.646267 0.0588673 0.133437
0 0.107253 0.546353 0.051774 0.0930391
4 0.0255503 0.544749 0.0483524 0.102645
