0 0.466989 0.576154 0.0436987 0.104448
0 0.367564 0.578752 0.0428854 0.102
4 0.400508 0.710317 0.0688959 0.170924
2 0.724159 0.349996 0.0709007 0.205571
1 0.699731 0.596218 0.0537443 0.123031
0 0.303498 0.672592 0.0563767 0.140176
1 0.825203 0.844057 0.067901 0.135967
4 0.595483 0.334939 0.036181 0.0655344
4 0.868394 0.420267 0.0422699 0.0841498
4 0.739719 0.486919 0.0462469 0.102564
1 0.8043 0.437403 0.0353287 0.0810045
1 0.149516 0.447658 0.0455589 0.0888394
0 0.268912 0.398271 0.0448309 0.0965407
4 0.22234 0.491041 0.0511775 0.0986363
0 0.0934191 0.559859 0.0552034 0.132199
4 0.832003 0.652701 0.0703741 0.14993
4 0.225417 0.337604 0.039045 0.0779413
1 0.660305 0.347633 0.0348818 0.0729019
4 0.0994404 0.372018 0.0349368 0.0771371
4 0.856882 0.509246 0.0525576 0.105832
1 0.0176013 0.517465 0.0352025 0.108081
4 0.406737 0.371258 0.0445807 0.0906347
0 0.81702 0.371134 0.0386621 0.0720786
1 0.645438 0.770712 0.070477 0.152566
1 0.820789 0.317416 0.0333783 0.0565922
0 0.646564 0.768665 0.0688824 0.147577
4 0.630367 0.290034 0.0324511 0.0691235
1 0.220984 0.489418 0.048735 0.0987529
3 0.331571 0.406086 0.049693 0.102366
1 0.509262 0.462752 0.0412924 0.0834121
1 0.542425 0.422831 0.0310548 0.0771256
0 0.885309 0.322591 0.0335381 0.0686028
0 0.61558 0.410986 0.0347836 0.076835
4 0.575521 0.444112 0.0414054 0.0914253
1 0.333209 0.399531 0.0431694 0.0879562
4 0.50938 0.461683 0.0407482 0.0841801
0 0.576611 0.445683 0.0432125 0.0931452
4 0.152044 0.369896 0.0395149 0.0696371
