2 0.196061 0.746471 0.111103 0.507057
2 0.545944 0.360035 0.0619888 0.352052
4 0.706286 0.350479 0.0407946 0.0739758
1 0.299827 0.632152 0.0517986 0.104227
1 0.681752 0.598994 0.0583767 0.1062
4 0.855529 0.370623 0.0384714 0.0826395
1 0.637328 0.444284 0.0414843 0.0778027
1 0.484104 0.805955 0.0618137 0.100919
1 0.471993 0.371634 0.0390339 0.075435
1 0.682224 0.507684 0.0559802 0.0922641
1 0.393379 0.35998 0.0439281 0.0809891
1 0.835665 0.591971 0.0582088 0.120124
1 0.811109 0.50546 0.0495472 0.0885207
4 0.933259 0.347719 0.0470625 0.0684671
1 0.432853 0.631311 0.0603262 0.111785
1 0.449768 0.527355 0.0512232 0.0782686
1 0.736175 0.409466 0.0389732 0.0766799
4 0.3233 0.490611 0.0557162 0.108667
1 0.0309132 0.643298 0.0617665 0.122344
0 0.0155178 0.516195 0.0310355 0.10069
4 0.92621 0.417066 0.047925 0.0825576
4 0.247632 0.358871 0.0373453 0.0797399
1 0.199932 0.419005 0.0414962 0.0866802
4 0.981594 0.518837 0.0367527 0.132301
1 0.106689 0.420783 0.0462031 0.0836372
1 0.1236 0.519323 0.0436212 0.0875876
4 0.163269 0.380509 0.0357056 0.0721489
1 0.371574 0.435116 0.0385819 0.0810665
4 0.97812 0.526781 0.0435297 0.163801
1 0.461337 0.452175 0.0433131 0.0748257
1 0.621954 0.351683 0.0395498 0.0705125
