2 0.73537 0.319624 0.0735857 0.200006
2 0.649891 0.280096 0.0544025 0.230003
1 0.498549 0.806957 0.0759315 0.117762
1 0.277454 0.817001 0.0799356 0.169746
1 0.837521 0.617696 0.0698584 0.137396
1 0.293162 0.64059 0.0522961 0.105644
1 0.676604 0.599974 0.056535 0.113752
1 0.641248 0.448224 0.0426558 0.0833481
1 0.807879 0.507568 0.0516222 0.0841907
1 0.0327473 0.648526 0.0653782 0.130305
4 0.922017 0.427855 0.0518413 0.0824789
4 0.939942 0.356186 0.0520977 0.0746108
4 0.971798 0.511156 0.0561195 0.0948194
4 0.465216 0.455392 0.0456993 0.0806795
0 0.734876 0.411651 0.046145 0.0728874
4 0.165772 0.38264 0.0370894 0.0725288
1 0.423768 0.658739 0.0610449 0.101105
4 0.47754 0.373462 0.04949 0.0732872
4 0.24443 0.355648 0.0384608 0.0734937
1 0.679925 0.512412 0.0528746 0.0847436
1 0.438339 0.541427 0.0485516 0.0963332
1 0.330043 0.475589 0.05073 0.100778
1 0.118852 0.531937 0.056006 0.102023
4 0.214385 0.419002 0.045748 0.0951648
1 0.106637 0.420533 0.0467859 0.0837371
1 0.617348 0.364704 0.0394026 0.0776929
0 0.0158951 0.488992 0.0317902 0.113138
1 0.857576 0.376144 0.0393001 0.0741584
1 0.385245 0.368381 0.0360549 0.067656
4 0.987218 0.433492 0.025553 0.0771635
1 0.373248 0.434707 0.0354973 0.0772016
1 0.390622 0.36348 0.0403486 0.0708876
4 0.858128 0.376221 0.0441101 0.0790744
4 0.213631 0.4291 0.0542041 0.116594
