4 0.538025 0.588061 0.0713486 0.145023
4 0.700478 0.645774 0.0973661 0.175004
4 0.833379 0.583825 0.0713591 0.130361
1 0.227412 0.505553 0.0377757 0.081279
2 0.0871899 0.631221 0.103562 0.67456
1 0.802288 0.475109 0.0366156 0.0831786
1 0.304763 0.523573 0.0421622 0.0897553
1 0.834702 0.456294 0.0288807 0.0793801
1 0.966715 0.433644 0.0355197 0.0760161
1 0.932716 0.461296 0.0326328 0.0774344
1 0.359713 0.477744 0.0310832 0.06698
1 0.675456 0.511251 0.0491814 0.0986705
1 0.864576 0.486153 0.0392664 0.0870127
1 0.294194 0.44217 0.0314743 0.0664393
2 0.549736 0.488173 0.0575578 0.300837
1 0.255083 0.456971 0.028616 0.0662845
1 0.620908 0.445421 0.0281129 0.0623461
4 0.737303 0.488564 0.0404721 0.0860994
4 0.491183 0.500458 0.0412344 0.0858219
1 0.415882 0.42345 0.0241481 0.0509136
1 0.743071 0.419833 0.0323328 0.05892
1 0.422597 0.480822 0.0343916 0.0728612
1 0.391915 0.555451 0.0491967 0.0902858
1 0.64538 0.438898 0.0267614 0.0638609
4 0.830484 0.598957 0.0936926 0.165073
1 0.368575 0.419308 0.0238238 0.0518653
4 0.391736 0.558259 0.0481758 0.0927498
1 0.900449 0.48242 0.0383537 0.094418
4 0.424467 0.481319 0.0346419 0.0759957
