4 0.699773 0.644163 0.0948329 0.171815
2 0.827025 0.42871 0.0808235 0.232033
2 0.298165 0.63261 0.0973223 0.691933
1 0.897134 0.471239 0.0336479 0.0857873
1 0.12214 0.475009 0.0357665 0.0809718
1 0.738438 0.483511 0.0384468 0.0858139
1 0.362558 0.474893 0.0315868 0.0736949
1 0.933294 0.459446 0.0322182 0.0813005
0 0.0828969 0.481883 0.0361347 0.0826696
1 0.39298 0.55721 0.0489128 0.095999
1 0.961976 0.431858 0.0363846 0.0777418
1 0.746997 0.417074 0.0296639 0.0620789
1 0.67522 0.509459 0.0462247 0.0919462
1 0.423091 0.482263 0.034185 0.0742656
1 0.228095 0.503688 0.0378776 0.0873785
1 0.835276 0.567816 0.0585611 0.111921
4 0.535673 0.589101 0.0822194 0.155766
1 0.573524 0.460458 0.0297729 0.069283
1 0.4952 0.496262 0.0369399 0.0824
3 0.535094 0.592094 0.0851788 0.159165
1 0.487649 0.396372 0.0197924 0.0495922
1 0.62622 0.446507 0.0293773 0.0612037
1 0.457075 0.457254 0.027697 0.0627365
1 0.210976 0.445661 0.0280962 0.054402
1 0.644648 0.442282 0.0281562 0.0653711
