0 0.823825 0.595517 0.0601263 0.143363
1 0.670918 0.546168 0.0415624 0.103833
0 0.425966 0.495761 0.0366171 0.0837401
0 0.220929 0.515949 0.0415652 0.0907307
4 0.843405 0.455599 0.0368292 0.0841595
1 0.336924 0.54575 0.0463973 0.10469
0 0.477957 0.513114 0.0351962 0.0888157
1 0.433298 0.404377 0.026431 0.0587103
4 0.613966 0.470805 0.0378199 0.0769684
1 0.196514 0.458135 0.031023 0.0639825
4 0.784194 0.488725 0.0523027 0.099139
0 0.366773 0.472393 0.0367049 0.084376
4 0.554483 0.485206 0.0385751 0.0780784
4 0.882986 0.519278 0.059304 0.13934
4 0.736602 0.432873 0.0402133 0.0869967
4 0.585116 0.59118 0.0646134 0.156732
4 0.938088 0.467687 0.0423589 0.0920648
0 0.396756 0.435156 0.0273523 0.0623062
0 0.66387 0.448748 0.0342236 0.0760308
2 0.259975 0.444766 0.0595312 0.241623
4 0.879742 0.504742 0.0526154 0.102859
0 0.308748 0.513973 0.0314236 0.0906734
1 0.512252 0.464608 0.031312 0.0717353
3 0.579415 0.614738 0.0748965 0.202958
0 0.24272 0.471093 0.0316017 0.0845727
1 0.482864 0.419415 0.0276186 0.0643564
1 0.136245 0.487196 0.0395063 0.0813939
