0 0.830916 0.589459 0.062014 0.138561
0 0.471948 0.50814 0.0353892 0.0854768
0 0.510756 0.481898 0.0366777 0.0835395
0 0.429694 0.48884 0.0359182 0.0868669
1 0.941698 0.467584 0.036367 0.0846198
0 0.880228 0.50531 0.0526123 0.103396
2 0.259991 0.498128 0.0792335 0.306918
4 0.78588 0.486598 0.0524043 0.105121
4 0.844735 0.457989 0.0393375 0.0831267
1 0.199587 0.464294 0.0317771 0.0710552
4 0.736039 0.433461 0.0403229 0.0846372
0 0.314392 0.514817 0.0376619 0.0931049
1 0.470037 0.416232 0.0255989 0.0564246
1 0.14234 0.472501 0.0454916 0.0867984
0 0.671172 0.549409 0.0430399 0.111267
0 0.609746 0.47109 0.0400591 0.0839434
1 0.225414 0.518312 0.0387863 0.0879173
0 0.224427 0.518706 0.0411118 0.0829534
4 0.576194 0.585387 0.0599792 0.117054
0 0.551005 0.494951 0.0420007 0.0827295
4 0.746337 0.667227 0.0894153 0.246783
1 0.96599 0.435154 0.0351925 0.069879
1 0.314696 0.514559 0.0344238 0.0914917
0 0.374695 0.494483 0.0387063 0.0765927
0 0.662036 0.443393 0.0344582 0.0702578
4 0.358375 0.574464 0.0520097 0.122359
1 0.414141 0.426962 0.0244625 0.057161
4 0.360218 0.609126 0.0651716 0.190016
