0 0.92313 0.353285 0.0367561 0.0968278
1 0.809197 0.440108 0.0485529 0.119989
2 0.317952 0.196179 0.050071 0.17115
1 0.365093 0.310433 0.035304 0.0790308
0 0.600038 0.569172 0.0613152 0.117149
0 0.591018 0.422192 0.0524548 0.115803
2 0.575135 0.269326 0.0962856 0.292934
0 0.730518 0.44585 0.0517651 0.12297
0 0.751265 0.29605 0.0415885 0.0882461
2 0.560633 0.255029 0.0669093 0.263546
1 0.196369 0.363425 0.0401899 0.0777784
0 0.442188 0.458812 0.042112 0.0925088
0 0.422213 0.272344 0.0366495 0.076117
1 0.304288 0.312373 0.0334179 0.0819356
0 0.686423 0.253138 0.0375337 0.0614276
1 0.613638 0.223478 0.034192 0.0726013
0 0.520829 0.459873 0.047829 0.104313
1 0.802912 0.328575 0.0443182 0.0894334
1 0.694074 0.305105 0.0418237 0.0826977
4 0.743783 0.601441 0.0542038 0.119213
0 0.242977 0.305372 0.0403932 0.0797805
1 0.848862 0.320003 0.0359768 0.0944294
0 0.261563 0.401429 0.0384179 0.10466
0 0.849789 0.319026 0.0358572 0.0964918
4 0.0953087 0.336492 0.030016 0.0764201
1 0.464476 0.256007 0.0377316 0.0776059
0 0.802664 0.329134 0.0442583 0.0892947
0 0.12605 0.362571 0.0377954 0.0873459
4 0.124722 0.362082 0.0376754 0.085616
