0 0.494923 0.492278 0.0460856 0.11272
0 0.397401 0.490854 0.0499022 0.0974732
2 0.340753 0.423562 0.0738864 0.354607
4 0.804303 0.469384 0.0611422 0.130275
1 0.188189 0.296429 0.0345315 0.0660873
1 0.584625 0.325015 0.0364301 0.072316
0 0.842106 0.369749 0.0374672 0.0961176
4 0.086372 0.344378 0.0371431 0.0797086
1 0.852171 0.280395 0.0365007 0.074249
0 0.61201 0.550039 0.0567358 0.128545
4 0.589278 0.41252 0.0481964 0.099475
0 0.229714 0.425676 0.0402035 0.0835552
0 0.523948 0.382823 0.0387629 0.0972477
1 0.450732 0.279706 0.0357326 0.0742513
0 0.181971 0.378776 0.0408844 0.0913711
1 0.925399 0.301474 0.03797 0.082223
0 0.393554 0.279406 0.0308036 0.0732855
0 0.122497 0.370497 0.0405822 0.0884598
1 0.280977 0.255786 0.0314819 0.0710089
1 0.229305 0.32407 0.032498 0.0702598
1 0.677875 0.264906 0.0433276 0.0751364
1 0.332469 0.21162 0.0443171 0.0753087
1 0.767311 0.341442 0.0401167 0.0919473
4 0.725345 0.572932 0.0499918 0.117403
1 0.703686 0.404568 0.0459366 0.100679
1 0.67472 0.340645 0.0381483 0.0838258
