2 0.466118 0.267124 0.0638985 0.236365
0 0.397535 0.483512 0.0522097 0.117727
2 0.18386 0.577764 0.0801654 0.570334
4 0.805405 0.467993 0.059575 0.128289
1 0.527406 0.379348 0.0394104 0.0971048
1 0.678178 0.25943 0.0412745 0.0786427
0 0.599253 0.550118 0.0537824 0.111104
0 0.577629 0.416292 0.0485653 0.100211
1 0.59359 0.314464 0.0378543 0.0795379
1 0.388342 0.264524 0.0343597 0.0681462
0 0.854624 0.291656 0.0365547 0.0760251
1 0.363414 0.325396 0.0382015 0.0761011
1 0.669649 0.342487 0.0370486 0.0852611
0 0.231912 0.326792 0.0342339 0.0785493
0 0.851633 0.374605 0.0355225 0.0922471
1 0.280415 0.256166 0.0327303 0.0661004
1 0.305805 0.318802 0.0325314 0.0731718
1 0.703805 0.408136 0.0438492 0.105647
4 0.0848804 0.34757 0.034376 0.0782994
1 0.235295 0.413504 0.0400477 0.0926301
4 0.727388 0.562457 0.0522062 0.111298
4 0.502082 0.485283 0.0542686 0.107653
0 0.919362 0.315142 0.0337062 0.085891
1 0.325472 0.255912 0.0332682 0.0644975
1 0.768574 0.340935 0.0389973 0.0947407
0 0.769148 0.339386 0.040522 0.0944051
1 0.726322 0.563215 0.0518407 0.109364
1 0.0844343 0.346258 0.033977 0.0787624
4 0.118986 0.372145 0.0393855 0.0857537
