2 0.526022 0.402779 0.0892247 0.323104
1 0.215823 0.618752 0.118171 0.235137
1 0.628183 0.607016 0.156194 0.62098
1 0.726096 0.704098 0.113904 0.214309
1 0.808982 0.564309 0.0670658 0.127235
1 0.0355548 0.506033 0.0681392 0.137698
1 0.877204 0.574226 0.0543381 0.126652
0 0.116173 0.626919 0.104248 0.198352
1 0.936368 0.641669 0.0814011 0.15915
1 0.115622 0.628774 0.104494 0.201402
1 0.0188683 0.680847 0.0377366 0.221816
1 0.988389 0.546842 0.0231851 0.117525
1 0.987388 0.687915 0.0252246 0.18526
