2 0.531464 0.284237 0.0754807 0.163986
1 0.722708 0.432732 0.0518316 0.0767606
1 0.63855 0.329417 0.0412796 0.0694198
2 0.326076 0.27871 0.0598045 0.175787
1 0.822856 0.428304 0.053397 0.0860464
1 0.514351 0.481693 0.053335 0.0830567
1 0.518135 0.389201 0.0467497 0.0746191
1 0.0970362 0.419124 0.0558376 0.0839534
1 0.962119 0.39239 0.0424747 0.0691322
1 0.201042 0.427718 0.0495076 0.072898
1 0.680871 0.38756 0.0473925 0.0697169
1 0.403056 0.473925 0.0492804 0.0719167
1 0.896842 0.3647 0.0449337 0.06564
1 0.784033 0.38204 0.0451712 0.0664489
1 0.286381 0.348452 0.0372104 0.05166
1 0.855587 0.341284 0.0406254 0.0628956
1 0.942723 0.335154 0.0430653 0.0618763
1 0.747306 0.353013 0.041384 0.0636716
1 0.14569 0.3893 0.0506155 0.0715182
1 0.185356 0.36073 0.0381776 0.0568205
1 0.409993 0.412283 0.0442582 0.06167
1 0.43685 0.316676 0.0376959 0.0562326
1 0.254946 0.36185 0.0372142 0.0523312
1 0.67319 0.377887 0.0463985 0.0618918
1 0.242851 0.402654 0.0429068 0.0649185
1 0.983051 0.35729 0.0337456 0.057202
1 0.428469 0.36325 0.0383543 0.0623045
