0 0.39383 0.512425 0.0559752 0.107813
0 0.728155 0.672932 0.084757 0.152506
2 0.514666 0.319348 0.0835638 0.285186
0 0.847507 0.314532 0.0385365 0.0931212
0 0.679804 0.295045 0.0404806 0.0633875
0 0.716982 0.484522 0.0516621 0.105854
0 0.836866 0.432073 0.0522819 0.0962252
0 0.580058 0.373323 0.0367668 0.0841224
0 0.518443 0.410705 0.0499546 0.102445
0 0.810475 0.525104 0.0596644 0.113753
0 0.0791346 0.361229 0.0413652 0.0867976
0 0.122212 0.37123 0.0377623 0.0860389
0 0.585544 0.473977 0.0481277 0.106761
0 0.666646 0.370776 0.0456242 0.0958124
0 0.495394 0.56504 0.0760471 0.128255
0 0.176937 0.387924 0.0465101 0.0932733
0 0.934641 0.380409 0.0422913 0.0825564
0 0.746124 0.321473 0.0386257 0.0702654
0 0.76723 0.39855 0.0430278 0.0986046
0 0.444427 0.293098 0.0403046 0.079974
0 0.604196 0.60502 0.055175 0.11361
0 0.192713 0.303354 0.0373355 0.0809753
0 0.340654 0.385347 0.041454 0.07621
0 0.387569 0.307433 0.0399503 0.0792699
0 0.329894 0.270008 0.0360473 0.0713481
0 0.306006 0.328343 0.0332124 0.0783994
1 0.236692 0.319658 0.0361503 0.0797336
0 0.28887 0.260471 0.0372766 0.0699987
