0 0.863496 0.476917 0.0579297 0.118976
2 0.7365 0.384605 0.13552 0.454341
0 0.223679 0.380788 0.0495173 0.115893
0 0.833281 0.593399 0.091888 0.158798
4 0.971266 0.512309 0.0574686 0.165673
0 0.386912 0.355519 0.0352757 0.0859005
0 0.55516 0.344307 0.0360291 0.0810689
0 0.474961 0.38606 0.0469653 0.100624
1 0.879657 0.350114 0.0435086 0.087689
1 0.576291 0.395477 0.0413879 0.0820252
1 0.634207 0.344451 0.0434489 0.0828834
0 0.704776 0.594625 0.0624929 0.178812
4 0.319671 0.430761 0.0568321 0.133983
