0 0.841376 0.320574 0.04025 0.0817056
0 0.717006 0.652249 0.0737897 0.138835
0 0.592009 0.46136 0.0542489 0.102482
0 0.0830114 0.352774 0.0411406 0.0858914
0 0.811217 0.542097 0.0605628 0.125301
0 0.56989 0.36615 0.0413027 0.0879932
0 0.518979 0.41001 0.0436214 0.0993412
0 0.589485 0.615072 0.0685553 0.129546
0 0.668862 0.300409 0.0442433 0.0652981
0 0.122206 0.369973 0.0373657 0.0844797
0 0.839149 0.41833 0.0490494 0.104858
0 0.497814 0.541928 0.0524913 0.101717
0 0.395842 0.510384 0.0523396 0.101199
0 0.931652 0.378435 0.0424694 0.0819256
0 0.661627 0.378071 0.0481739 0.101601
0 0.351183 0.368884 0.0481615 0.0908216
0 0.169109 0.403638 0.0445761 0.0886284
0 0.448953 0.29225 0.0347813 0.0739965
0 0.762496 0.395719 0.0441169 0.100491
0 0.179932 0.326929 0.0384171 0.0676566
0 0.710339 0.515322 0.0609454 0.104678
0 0.384015 0.306257 0.0367405 0.0711338
0 0.247458 0.353235 0.0518565 0.0990449
0 0.74065 0.32553 0.0394411 0.0783338
0 0.330629 0.275668 0.0405089 0.0779499
0 0.214684 0.455304 0.0473429 0.0948613
0 0.28403 0.271545 0.0392987 0.0793171
