1 0.634183 0.894396 0.100638 0.147859
2 0.484742 0.310698 0.0591766 0.292501
2 0.376147 0.523105 0.0682905 0.351259
1 0.386502 0.898148 0.101814 0.155067
1 0.43179 0.687116 0.0650359 0.1166
1 0.102293 0.581399 0.0606766 0.0985804
1 0.605876 0.662537 0.0659374 0.116141
4 0.206564 0.415553 0.052933 0.0838114
1 0.570957 0.566087 0.0590485 0.105705
1 0.94144 0.692835 0.0598164 0.120245
1 0.430742 0.571389 0.0481535 0.0941966
1 0.8608 0.596438 0.0606441 0.106869
4 0.75954 0.438632 0.0500468 0.0755556
1 0.898301 0.478461 0.0472641 0.085482
4 0.121384 0.419475 0.0444822 0.0829743
1 0.444353 0.437032 0.0384342 0.0742427
1 0.550043 0.462393 0.0489868 0.0878365
4 0.165619 0.49243 0.0521296 0.0810235
4 0.805183 0.477075 0.0542692 0.0949171
4 0.0601428 0.470253 0.0516904 0.085454
1 0.548924 0.397761 0.0363512 0.0661536
1 0.84987 0.40914 0.0425774 0.0817907
