2 0.486729 0.302473 0.0623651 0.304129
1 0.570786 0.563877 0.0621361 0.10424
1 0.440684 0.576899 0.0538303 0.0957299
1 0.41156 0.721631 0.0659006 0.118891
1 0.854833 0.590886 0.05786 0.105391
1 0.560728 0.47505 0.0473247 0.0789002
1 0.946093 0.72331 0.0520119 0.112894
1 0.444308 0.466983 0.0476814 0.0928294
1 0.374599 0.908033 0.104195 0.142158
4 0.121046 0.415366 0.042465 0.0820791
1 0.75679 0.428951 0.0470652 0.0799051
1 0.805123 0.482013 0.0485529 0.0872331
4 0.159806 0.48357 0.0474661 0.0813241
1 0.842858 0.425712 0.043622 0.0757274
4 0.213635 0.425335 0.0394025 0.0652492
1 0.547116 0.413915 0.0402527 0.0665103
1 0.106829 0.56276 0.0563027 0.097196
1 0.899285 0.490373 0.0488392 0.0814172
1 0.722896 0.530424 0.0711851 0.140084
1 0.963732 0.55088 0.0302063 0.0882567
4 0.0551115 0.47472 0.0498502 0.0926483
0 0.721265 0.529246 0.0714439 0.14322
1 0.649399 0.894511 0.105904 0.147364
