1 0.425276 0.699663 0.067086 0.111019
1 0.650767 0.882792 0.0946965 0.143077
1 0.604378 0.665438 0.0702153 0.119778
1 0.409398 0.884347 0.0931242 0.150458
1 0.565504 0.557934 0.0572807 0.0994948
1 0.428329 0.582209 0.0531958 0.0919924
1 0.555129 0.461596 0.0442207 0.0828048
1 0.820104 0.594091 0.0539909 0.094784
1 0.0985598 0.554637 0.0554238 0.106215
1 0.949292 0.705304 0.049221 0.110424
1 0.450355 0.477009 0.0447077 0.0854323
4 0.159009 0.497636 0.050696 0.0879023
1 0.900802 0.4917 0.0498848 0.0847061
2 0.315057 0.291898 0.0558358 0.291038
1 0.546035 0.399086 0.0400835 0.0650363
4 0.751823 0.431732 0.0505478 0.0810808
4 0.803753 0.490493 0.0537905 0.0871172
1 0.207598 0.416932 0.0410515 0.0731996
1 0.0511002 0.47234 0.0447443 0.0898783
4 0.123762 0.419347 0.0428688 0.0790066
1 0.846386 0.419229 0.0462992 0.080383
1 0.804762 0.490525 0.0525216 0.0880459
