2 0.495817 0.234916 0.123155 0.304126
1 0.505932 0.412436 0.0604398 0.118619
0 0.866435 0.218682 0.04671 0.100672
4 0.650047 0.45992 0.0717782 0.156836
0 0.490422 0.567414 0.0633638 0.166592
0 0.911413 0.336957 0.0515308 0.113861
0 0.794079 0.262437 0.054087 0.115802
1 0.07597 0.348544 0.065753 0.110227
0 0.366565 0.261016 0.04205 0.0860236
0 0.345542 0.521774 0.075606 0.148871
0 0.800318 0.390519 0.054895 0.124615
0 0.184239 0.298652 0.0633442 0.11539
0 0.405244 0.305467 0.0419397 0.0808482
0 0.266151 0.28839 0.0558722 0.114956
1 0.554472 0.203651 0.037654 0.0885442
4 0.655433 0.170776 0.045652 0.0957384
4 0.673491 0.349003 0.0569635 0.0935149
