2 0.303005 0.622563 0.0713631 0.451427
1 0.562558 0.470704 0.0286779 0.0619784
1 0.562412 0.394981 0.0224145 0.0502224
1 0.443887 0.381569 0.0208815 0.0494419
1 0.576429 0.553507 0.0341713 0.0828411
1 0.655385 0.347562 0.0224899 0.0492542
1 0.425611 0.465115 0.0262045 0.0684571
1 0.202113 0.466271 0.030466 0.0657547
0 0.339667 0.334529 0.0227798 0.0518688
1 0.405651 0.522486 0.0329881 0.0789149
0 0.371824 0.391824 0.0262075 0.0592407
4 0.169569 0.53681 0.035786 0.128346
1 0.629451 0.385956 0.0233139 0.0514701
1 0.505152 0.351845 0.0227555 0.0470531
1 0.28632 0.351914 0.0201536 0.0476566
0 0.372494 0.340343 0.0252588 0.049949
