2 0.302704 0.62344 0.0687884 0.45709
1 0.578879 0.555422 0.0330181 0.0793633
1 0.560577 0.475639 0.0269932 0.0646274
1 0.442928 0.382339 0.0226702 0.0540352
1 0.562345 0.391579 0.0213649 0.048213
1 0.505076 0.351318 0.0228748 0.0502372
1 0.338238 0.333377 0.0209496 0.0492812
1 0.610113 0.360604 0.0208946 0.0446142
1 0.654999 0.345707 0.022401 0.0510559
1 0.427728 0.451778 0.0273569 0.0715927
1 0.501258 0.448353 0.0288929 0.059601
4 0.784227 0.482903 0.0286402 0.0727679
4 0.714784 0.458901 0.0267632 0.0623529
1 0.411089 0.526791 0.0312478 0.077649
0 0.679962 0.5413 0.033211 0.0778183
1 0.295567 0.360959 0.0230789 0.0505552
1 0.54649 0.357878 0.0227407 0.0509658
1 0.202095 0.456369 0.0292233 0.0659355
4 0.78391 0.49762 0.0340521 0.100896
2 0.371993 0.462011 0.0372396 0.228257
1 0.664655 0.484169 0.0322404 0.0672128
1 0.714616 0.458038 0.0265945 0.0640922
