2 0.775698 0.295545 0.0719302 0.189071
1 0.726258 0.435387 0.0542697 0.0825675
1 0.517898 0.368981 0.0399474 0.0519555
1 0.822289 0.428487 0.050361 0.0822824
1 0.402883 0.459195 0.0532444 0.0870904
1 0.507225 0.482269 0.0485153 0.0806774
1 0.421673 0.377019 0.0396442 0.0732961
1 0.858286 0.335348 0.0408356 0.0624372
1 0.24804 0.40813 0.0481244 0.0675157
1 0.442452 0.336851 0.0321634 0.0464416
1 0.285423 0.34567 0.0403323 0.0595496
1 0.201363 0.427623 0.0464058 0.070839
1 0.898851 0.363063 0.0428116 0.0633762
1 0.148733 0.387537 0.0487181 0.0651976
1 0.492203 0.332503 0.0307178 0.0447361
1 0.0971779 0.423397 0.0566878 0.0797256
1 0.180789 0.354843 0.0374969 0.0567453
1 0.949205 0.398184 0.0477348 0.0683405
1 0.930494 0.33457 0.0375166 0.0587308
1 0.981816 0.356268 0.0362606 0.0681818
1 0.667165 0.356251 0.0396055 0.0573328
1 0.689949 0.39897 0.042362 0.0733584
1 0.6392 0.341786 0.0357517 0.053228
0 0.0971785 0.422563 0.0570827 0.0799783
1 0.523536 0.427352 0.0399191 0.0527588
