2 0.583219 0.255738 0.0692123 0.272499
0 0.0398335 0.427335 0.0478114 0.110819
0 0.53648 0.303167 0.0324142 0.0850421
1 0.586011 0.753618 0.0823368 0.175736
0 0.520118 0.611331 0.0659254 0.148145
0 0.793478 0.188675 0.0399796 0.0770414
2 0.402821 0.253609 0.0729521 0.277105
1 0.522599 0.468061 0.048064 0.105159
4 0.922247 0.382558 0.0582104 0.117555
1 0.841019 0.261079 0.0359736 0.0943645
1 0.865836 0.579885 0.0618454 0.133093
1 0.0773906 0.345442 0.0419374 0.0941241
0 0.304868 0.213183 0.036756 0.0797996
1 0.243921 0.291119 0.0428978 0.0907116
4 0.974704 0.443288 0.0505922 0.122835
1 0.400829 0.606812 0.0603722 0.104132
0 0.210292 0.200138 0.0353126 0.0836479
0 0.0111359 0.514908 0.0222719 0.110737
1 0.389088 0.732011 0.079132 0.155415
1 0.72816 0.27269 0.0389511 0.0938823
4 0.407128 0.486238 0.0532233 0.106607
1 0.188318 0.40047 0.0379406 0.0961188
1 0.197382 0.31487 0.0372675 0.0894301
4 0.426931 0.404468 0.0447101 0.0845941
1 0.527044 0.226421 0.0335463 0.0691661
1 0.962082 0.750247 0.0742054 0.172429
0 0.441131 0.339435 0.0371657 0.0811526
0 0.131563 0.278272 0.041347 0.101504
1 0.131939 0.276803 0.0383506 0.103014
1 0.784736 0.377134 0.0482754 0.102248
0 0.882072 0.307583 0.0437298 0.10094
1 0.538441 0.166304 0.032709 0.073776
0 0.828284 0.468868 0.055571 0.12714
0 0.35323 0.0851254 0.0266194 0.0647013
0 0.786031 0.376098 0.04595 0.10199
0 0.961631 0.751171 0.0763229 0.174738
0 0.763948 0.316143 0.0359027 0.0823319
0 0.347898 0.163276 0.0328216 0.0731913
1 0.519032 0.609028 0.0602502 0.145441
0 0.448132 0.0923575 0.027227 0.0607956
