2 0.583483 0.25649 0.0698675 0.2716
2 0.40219 0.251312 0.0700194 0.279251
1 0.211015 0.185151 0.0330235 0.0782715
0 0.536119 0.302975 0.0320154 0.0837402
4 0.584732 0.760221 0.0855274 0.164357
1 0.865516 0.578243 0.0623884 0.13193
4 0.917017 0.392843 0.0593138 0.117086
0 0.303297 0.216163 0.0374564 0.0823553
4 0.969679 0.449605 0.0597505 0.138672
0 0.830502 0.469117 0.0543567 0.127045
1 0.243411 0.289002 0.0429626 0.0897697
1 0.0772485 0.344983 0.0429098 0.0953738
1 0.518381 0.605007 0.0607373 0.138326
1 0.521547 0.467057 0.0494684 0.111673
1 0.401619 0.605579 0.0563538 0.103768
0 0.793659 0.189159 0.040385 0.0776113
0 0.385902 0.742909 0.0808522 0.185389
1 0.842437 0.261744 0.0364136 0.0965912
1 0.437356 0.337935 0.034523 0.0826325
1 0.22206 0.123481 0.0317902 0.0678977
1 0.726596 0.273085 0.0417143 0.0902994
0 0.131359 0.278149 0.0400531 0.103958
1 0.0403633 0.425236 0.0466468 0.111728
1 0.409206 0.484155 0.048609 0.107066
1 0.199001 0.314957 0.0368294 0.0922639
1 0.527043 0.228178 0.0324145 0.0678943
1 0.960549 0.751568 0.0778564 0.177285
1 0.539323 0.166193 0.0323748 0.0752054
1 0.583221 0.757755 0.0845711 0.161892
1 0.414069 0.395241 0.0411665 0.0790502
1 0.18954 0.401663 0.0390289 0.102512
0 0.0114591 0.513122 0.0229182 0.108979
0 0.0386905 0.424059 0.0470131 0.1078
0 0.785191 0.377305 0.0461757 0.103056
1 0.131443 0.277112 0.0377147 0.105021
0 0.960466 0.751329 0.0783943 0.177371
1 0.765404 0.315527 0.0366898 0.0836693
0 0.51878 0.606145 0.0629654 0.139895
1 0.784452 0.378348 0.0486344 0.103274
1 0.332306 0.111304 0.0266969 0.0723483
