1 0.042277 0.497547 0.0738098 0.12824
1 0.72619 0.480495 0.0509369 0.094746
2 0.663292 0.363648 0.0594097 0.208608
1 0.278683 0.488055 0.0676044 0.130873
1 0.402081 0.46686 0.052699 0.10365
1 0.474851 0.529335 0.0703781 0.149575
1 0.669461 0.533338 0.0674257 0.151521
1 0.533535 0.503989 0.0508483 0.0970429
1 0.894352 0.508521 0.0771535 0.139807
2 0.3321 0.378201 0.0705894 0.29755
1 0.58663 0.454936 0.0450547 0.0959764
1 0.245325 0.406897 0.0427822 0.0831725
1 0.157128 0.477432 0.049812 0.0889911
1 0.518152 0.433423 0.0406443 0.0702138
1 0.333013 0.378753 0.0731111 0.294112
1 0.173776 0.419702 0.0438905 0.07848
