2 0.913921 0.616471 0.15543 0.487268
4 0.763009 0.651492 0.0585066 0.13236
0 0.254517 0.408653 0.0456585 0.0881611
0 0.817568 0.558535 0.0486663 0.116055
0 0.739321 0.368465 0.0399669 0.0802843
0 0.0600655 0.452454 0.047251 0.0998449
0 0.355324 0.489784 0.039869 0.085064
1 0.633955 0.250804 0.0270014 0.0625845
0 0.780857 0.323038 0.0387167 0.0899312
0 0.423438 0.276624 0.0396907 0.0721742
0 0.642409 0.626575 0.0545452 0.122682
3 0.238161 0.5656 0.0855894 0.142756
0 0.451306 0.511082 0.0531569 0.108729
3 0.177996 0.444572 0.0428218 0.0898382
1 0.557216 0.347449 0.0316348 0.0778443
1 0.602852 0.293976 0.0285929 0.0672213
1 0.662373 0.224109 0.0274565 0.060822
1 0.695628 0.123991 0.0277882 0.0576308
1 0.475864 0.345204 0.038159 0.0812762
1 0.69733 0.188677 0.0282461 0.0661308
1 0.566746 0.249333 0.0305548 0.0671573
0 0.523246 0.322789 0.0333227 0.0763362
1 0.177987 0.37219 0.0386007 0.0753661
3 0.33966 0.566808 0.0471327 0.10815
1 0.447725 0.195166 0.0291981 0.0654363
0 0.90055 0.234887 0.0503414 0.0707287
1 0.361039 0.239751 0.0275713 0.0589104
1 0.234125 0.32098 0.0344421 0.0797796
3 0.315943 0.328593 0.0483958 0.0834244
1 0.338758 0.567231 0.048844 0.110232
0 0.235097 0.320689 0.035108 0.0777716
0 0.853631 0.324073 0.0377574 0.0725435
1 0.517647 0.405058 0.0358726 0.0913679
0 0.516537 0.197491 0.0289218 0.0573476
0 0.582929 0.179707 0.0284039 0.0571799
0 0.410635 0.398715 0.0460474 0.0964672
1 0.723655 0.436188 0.0408065 0.0933831
3 0.31099 0.334298 0.0637036 0.0942511
1 0.368419 0.291856 0.0323816 0.0699082
