2 0.913227 0.615786 0.157566 0.485389
4 0.761093 0.672582 0.0634949 0.130165
0 0.817803 0.557226 0.0456506 0.113539
0 0.232483 0.327887 0.0369688 0.0794856
0 0.737201 0.367104 0.0371135 0.0781038
0 0.251264 0.408317 0.0449503 0.0881598
0 0.438876 0.509713 0.0489304 0.103062
3 0.246561 0.545757 0.0608455 0.110085
1 0.179531 0.370226 0.0378254 0.0743406
1 0.632727 0.251753 0.0291939 0.0666412
0 0.0603178 0.431964 0.0459404 0.109443
1 0.696458 0.183018 0.0281902 0.0627812
1 0.556596 0.347741 0.0323421 0.0772564
0 0.334889 0.497394 0.0515139 0.0933675
0 0.52273 0.31839 0.0337661 0.0738272
0 0.855208 0.317161 0.0396936 0.0706514
1 0.663402 0.219405 0.0290378 0.0641413
0 0.423279 0.274509 0.0372894 0.0698607
3 0.354723 0.595407 0.0569696 0.117431
1 0.476243 0.345206 0.0374392 0.079322
0 0.511965 0.408501 0.0384299 0.0965421
0 0.409595 0.398856 0.0439095 0.0920443
4 0.180988 0.445419 0.0442595 0.0862455
0 0.780224 0.315416 0.0361816 0.0848709
1 0.601661 0.294108 0.0285638 0.0656056
1 0.568304 0.248994 0.0306276 0.0654029
0 0.356896 0.593644 0.0522272 0.111251
1 0.724274 0.438088 0.0401326 0.0906733
0 0.515288 0.198816 0.0287943 0.0576867
0 0.641881 0.626681 0.0542809 0.122283
0 0.582862 0.179499 0.0283385 0.0570794
3 0.313654 0.329071 0.0680413 0.0971092
1 0.448414 0.194745 0.0291096 0.063852
0 0.901529 0.235497 0.04641 0.0691322
0 0.288535 0.27454 0.0346857 0.0734223
1 0.696297 0.123362 0.0283915 0.0584058
1 0.779245 0.315944 0.0367076 0.0843879
4 0.682452 0.497002 0.0518873 0.116801
4 0.64285 0.626455 0.0548118 0.123786
1 0.36953 0.293024 0.0326948 0.0696092
