2 0.920614 0.529848 0.116842 0.454966
0 0.646741 0.622808 0.059067 0.118619
0 0.764722 0.705121 0.0525239 0.119481
0 0.820732 0.556665 0.0439708 0.112381
0 0.340362 0.498403 0.0479314 0.0894371
0 0.0601745 0.444086 0.0457625 0.104752
1 0.181537 0.37033 0.0382555 0.0724577
0 0.712527 0.463419 0.0423508 0.0961461
0 0.678855 0.509532 0.0476822 0.103053
0 0.232712 0.319524 0.0330816 0.0774851
0 0.59392 0.226571 0.0298638 0.0657738
0 0.422995 0.277087 0.0385466 0.0710031
0 0.741657 0.371435 0.0403453 0.0862886
1 0.270786 0.357934 0.0357802 0.0799544
0 0.777867 0.331243 0.0383562 0.0941314
4 0.832584 0.45546 0.0477821 0.0947156
1 0.373215 0.283394 0.0296904 0.0704242
0 0.901507 0.236584 0.0458071 0.0696938
1 0.322624 0.325919 0.0346706 0.0800286
1 0.60363 0.300453 0.0301132 0.0715907
1 0.285168 0.281025 0.0290461 0.0709735
4 0.414044 0.498738 0.0486965 0.102235
0 0.834039 0.372639 0.0374118 0.0807048
1 0.633722 0.263554 0.0306577 0.0672912
4 0.504249 0.412444 0.0438837 0.0914576
0 0.561698 0.185866 0.0249212 0.0580493
1 0.834173 0.372935 0.0367883 0.0783038
0 0.353001 0.595781 0.0512304 0.112552
1 0.859227 0.29891 0.0326305 0.0709872
4 0.175148 0.451914 0.0504739 0.0930135
1 0.530228 0.314755 0.0326601 0.0713056
0 0.0155573 0.5722 0.0311146 0.116457
3 0.251351 0.565088 0.0588447 0.115171
1 0.476595 0.343452 0.0329846 0.0788925
1 0.559313 0.349419 0.0331705 0.0789569
0 0.670642 0.234354 0.0315228 0.0681024
1 0.56708 0.251594 0.0299706 0.064945
1 0.699103 0.182296 0.0293447 0.0647013
1 0.448251 0.196301 0.0305147 0.0693805
3 0.239784 0.572471 0.0799392 0.131837
4 0.55885 0.353193 0.0387632 0.0893528
1 0.41573 0.397023 0.0456576 0.0914216
0 0.174859 0.450913 0.0509992 0.0918385
4 0.670522 0.235301 0.0315962 0.0678422
0 0.415434 0.395944 0.0463004 0.0907728
