2 0.924014 0.550655 0.125392 0.424582
4 0.634696 0.639297 0.0651575 0.122211
0 0.343667 0.502788 0.0467534 0.0870386
0 0.820409 0.553687 0.0483539 0.11313
4 0.7591 0.685218 0.063623 0.117536
0 0.674803 0.492533 0.0431364 0.109068
1 0.182183 0.36791 0.0334908 0.0656781
0 0.518206 0.322663 0.0326034 0.0735606
0 0.737861 0.366771 0.0391612 0.0922552
0 0.71133 0.463539 0.0385475 0.0999328
0 0.770951 0.339569 0.0339272 0.0862319
3 0.240784 0.558969 0.0702538 0.128369
0 0.592983 0.231578 0.0295958 0.0606159
1 0.31748 0.320926 0.0328128 0.0731116
1 0.632883 0.260748 0.0283466 0.0620292
0 0.224329 0.336516 0.0315994 0.0713012
1 0.557415 0.349322 0.0310348 0.0761582
0 0.18891 0.445604 0.0466259 0.0939448
0 0.565437 0.185894 0.0275259 0.0640947
1 0.6973 0.179556 0.0288421 0.0620442
1 0.36866 0.287711 0.0330415 0.0720365
0 0.0863313 0.422437 0.0458754 0.106069
0 0.259511 0.369726 0.0341229 0.084453
1 0.668506 0.233589 0.0303004 0.0654741
1 0.283293 0.281139 0.0309696 0.0752157
0 0.424046 0.271211 0.0383169 0.0713497
0 0.436047 0.511421 0.0511386 0.0992404
1 0.418107 0.392027 0.043769 0.0885754
1 0.513405 0.397555 0.0350439 0.0835374
0 0.901684 0.237172 0.0487224 0.0674848
0 0.825876 0.389829 0.036465 0.0802181
0 0.844937 0.440834 0.0405613 0.0908519
1 0.602604 0.301621 0.0322994 0.0753686
1 0.25993 0.369927 0.0364665 0.0858479
0 0.56486 0.262052 0.0318266 0.0669291
4 0.472362 0.347401 0.0376959 0.0800163
1 0.564048 0.263103 0.0304222 0.0667095
1 0.858121 0.301732 0.0353795 0.0712827
1 0.448078 0.194941 0.0294707 0.0658397
0 0.418365 0.394984 0.0431394 0.0903774
1 0.577257 0.104988 0.0231346 0.0596858
1 0.47369 0.347936 0.0340462 0.0818722
