0 0.633289 0.634408 0.0577427 0.127292
2 0.924185 0.544552 0.126056 0.433235
4 0.761341 0.69375 0.0658719 0.122702
0 0.821543 0.553206 0.043284 0.109776
0 0.736887 0.366157 0.0399922 0.0861523
0 0.679083 0.501657 0.0467669 0.107205
0 0.322513 0.506263 0.0506778 0.0918001
0 0.719787 0.450135 0.038709 0.0964273
0 0.0841328 0.419323 0.0448513 0.103802
0 0.0427036 0.607504 0.0541819 0.102309
0 0.838153 0.445617 0.0440236 0.0971292
1 0.316663 0.321946 0.0340404 0.0756484
1 0.18199 0.369604 0.0334324 0.0697865
0 0.780496 0.327284 0.0379682 0.0930413
0 0.66944 0.242203 0.0331449 0.0710359
0 0.218705 0.345511 0.0327589 0.0732634
0 0.45209 0.544711 0.0588432 0.102911
4 0.472444 0.351612 0.0386642 0.0812301
1 0.697894 0.186262 0.0300356 0.0696788
1 0.258982 0.367578 0.0367868 0.0829587
1 0.556212 0.349025 0.0327942 0.0761845
3 0.349993 0.599559 0.0614631 0.117751
1 0.370177 0.291117 0.0342408 0.0721081
0 0.505221 0.319659 0.0337177 0.0750768
1 0.514261 0.402236 0.0362797 0.0867524
1 0.634376 0.265235 0.0314372 0.0666963
1 0.562551 0.260439 0.0302105 0.0654123
0 0.9002 0.23695 0.0465942 0.0710842
0 0.279926 0.291911 0.0290546 0.0624247
0 0.423962 0.273104 0.0381407 0.0705861
0 0.569173 0.184352 0.0290787 0.0627868
1 0.592439 0.292054 0.0305013 0.0739217
1 0.857041 0.303134 0.0336033 0.0713412
1 0.44768 0.196174 0.0292717 0.0665114
4 0.417134 0.3992 0.0501792 0.101596
4 0.174759 0.448395 0.0422617 0.0889451
0 0.59529 0.229286 0.0302067 0.0547486
0 0.241879 0.560409 0.0561443 0.125627
0 0.350026 0.599742 0.0586172 0.116172
4 0.241441 0.560594 0.0559376 0.128283
