0 0.766047 0.684684 0.0535675 0.119278
0 0.353676 0.608153 0.0526043 0.118898
0 0.32802 0.503287 0.0507496 0.0931404
0 0.810807 0.543556 0.047057 0.115628
0 0.667584 0.245555 0.0321798 0.0704626
0 0.880168 0.343304 0.0406656 0.080981
4 0.410499 0.5123 0.059959 0.109789
0 0.638383 0.637346 0.0528936 0.117701
4 0.235552 0.563432 0.0653357 0.1215
1 0.369469 0.289875 0.0305677 0.068276
0 0.415618 0.401375 0.0415831 0.0933044
0 0.0906461 0.418238 0.0495474 0.105368
0 0.504741 0.319378 0.0335826 0.071752
2 0.94064 0.483644 0.117711 0.397257
1 0.714767 0.434113 0.0397543 0.0944132
1 0.557169 0.350117 0.032324 0.0758624
1 0.184805 0.37029 0.0323106 0.0703139
0 0.423688 0.277135 0.0397198 0.0709547
0 0.844018 0.433306 0.0478833 0.0966627
1 0.321697 0.326794 0.0352277 0.0753794
1 0.563199 0.257772 0.0299784 0.0685569
0 0.773558 0.327462 0.0346874 0.0847327
1 0.597437 0.293628 0.0333337 0.0788211
1 0.677036 0.491894 0.048891 0.109717
1 0.697824 0.185532 0.0292876 0.0671671
1 0.469539 0.347239 0.0354022 0.0755346
1 0.737473 0.363986 0.0360222 0.0852262
0 0.567388 0.187758 0.0293001 0.0599392
1 0.51336 0.398653 0.0344915 0.0839356
1 0.639344 0.639701 0.0544969 0.11796
4 0.256452 0.369416 0.0391436 0.0903464
1 0.633749 0.267012 0.0302792 0.0682122
0 0.736599 0.360402 0.0369031 0.083551
1 0.289004 0.284553 0.0297038 0.0628941
1 0.447576 0.195612 0.0294892 0.0662189
4 0.235213 0.305397 0.0311227 0.0670532
1 0.839503 0.361559 0.0345581 0.0663111
4 0.0483245 0.608207 0.0551555 0.0916622
0 0.596669 0.233762 0.0317042 0.0612911
0 0.563567 0.256235 0.032795 0.0730357
