0 0.636169 0.63729 0.0614719 0.118274
4 0.758265 0.683483 0.0658935 0.120313
0 0.0710583 0.42338 0.0477708 0.107875
0 0.668832 0.52476 0.0570988 0.111423
0 0.323923 0.501603 0.0484347 0.0939164
0 0.735701 0.355638 0.0384602 0.0824827
0 0.820401 0.563971 0.0519451 0.114343
0 0.41977 0.282899 0.0395545 0.0774898
1 0.160636 0.377044 0.0362255 0.0663169
4 0.826808 0.427914 0.0527638 0.111556
0 0.23157 0.333124 0.0355317 0.0729949
1 0.286469 0.285812 0.0310404 0.068539
4 0.353613 0.605598 0.0593521 0.113771
1 0.697729 0.187297 0.0299422 0.0692015
1 0.512508 0.389262 0.0340656 0.0809173
0 0.416902 0.391258 0.0465791 0.0794027
4 0.550638 0.35354 0.03794 0.0811089
1 0.370629 0.288846 0.0311228 0.070019
4 0.154146 0.45368 0.0479803 0.0982579
1 0.56166 0.264831 0.028376 0.0685789
1 0.325664 0.326567 0.0334335 0.07103
0 0.771108 0.32412 0.0332275 0.078147
1 0.476545 0.340808 0.0331427 0.0760302
0 0.247464 0.561805 0.0479259 0.122929
1 0.259459 0.385692 0.0413586 0.084731
1 0.639899 0.258997 0.0271704 0.063749
0 0.414507 0.475783 0.0488953 0.0957143
0 0.878771 0.347809 0.0429548 0.0902044
0 0.505103 0.318179 0.0324852 0.0612544
0 0.353279 0.604809 0.0583986 0.112302
1 0.719774 0.435018 0.0447831 0.101005
0 0.669994 0.236954 0.0317253 0.0676947
1 0.592269 0.173575 0.024995 0.0541543
1 0.595503 0.230955 0.0277109 0.0555104
1 0.597455 0.294701 0.0329737 0.0739947
1 0.693263 0.125908 0.028261 0.0526371
1 0.246689 0.563202 0.0513421 0.123361
4 0.71899 0.43654 0.0486988 0.100599
1 0.539431 0.133731 0.0230305 0.0480614
4 0.59928 0.296211 0.0344731 0.0764171
1 0.447415 0.201297 0.0310737 0.0687401
2 0.9291 0.438463 0.125613 0.335887
