4 0.629736 0.646998 0.0707974 0.120786
1 0.168143 0.374774 0.037935 0.0719889
0 0.357239 0.597392 0.0466035 0.120572
0 0.814756 0.553129 0.0492012 0.103718
0 0.16509 0.457404 0.0436316 0.0877526
0 0.0673219 0.442672 0.045976 0.102256
1 0.738212 0.36072 0.0400208 0.0836304
1 0.288784 0.287349 0.0293056 0.0660815
0 0.507486 0.396226 0.0362556 0.0913642
0 0.435685 0.543779 0.0602995 0.108058
0 0.416762 0.405902 0.0485962 0.101623
0 0.22851 0.32936 0.0333211 0.079399
0 0.368437 0.291837 0.0329478 0.0793102
4 0.714279 0.449144 0.0434816 0.0941766
1 0.780181 0.66583 0.0595782 0.125893
0 0.346769 0.25121 0.0302782 0.0701712
4 0.668408 0.50833 0.0514107 0.103858
1 0.324979 0.325972 0.0340845 0.0817464
0 0.0200456 0.611569 0.0391439 0.118947
0 0.869557 0.342449 0.0426581 0.0793703
0 0.784084 0.318088 0.0374876 0.0849163
1 0.601993 0.295099 0.0276558 0.0627352
1 0.640806 0.271618 0.0268799 0.0631272
0 0.255372 0.546196 0.0465206 0.105943
1 0.667413 0.231764 0.0282775 0.0646877
1 0.264962 0.374812 0.0395255 0.0856077
4 0.838405 0.446495 0.0504967 0.0997239
0 0.896572 0.234345 0.044489 0.0658255
4 0.780135 0.666646 0.0587185 0.128481
1 0.427237 0.262532 0.0359917 0.0725677
1 0.783588 0.318069 0.0368058 0.0845109
0 0.561904 0.251158 0.0285727 0.0620592
1 0.698353 0.182573 0.0291237 0.0625879
1 0.594062 0.232294 0.0289674 0.0608989
1 0.45437 0.186846 0.0246155 0.0604011
0 0.554622 0.356313 0.0347046 0.0763507
0 0.265319 0.374888 0.0393772 0.0857824
0 0.425782 0.262329 0.0386093 0.075856
1 0.589563 0.170673 0.0262535 0.0578243
0 0.168264 0.37567 0.0371365 0.0720101
