4 0.629268 0.646159 0.0700927 0.118747
0 0.0668309 0.443955 0.0468578 0.103674
1 0.167408 0.373914 0.0366082 0.0701408
0 0.359675 0.607662 0.0496099 0.122615
1 0.288826 0.286896 0.0289613 0.0647891
0 0.81579 0.555254 0.0489085 0.102234
0 0.504725 0.398094 0.0388161 0.0951232
0 0.416769 0.406085 0.0475346 0.0995327
4 0.669173 0.509983 0.0534901 0.104328
1 0.740793 0.365707 0.0399701 0.0876372
4 0.781135 0.667856 0.0604366 0.129882
0 0.447175 0.521492 0.0551651 0.110982
0 0.561463 0.252204 0.0281273 0.0651321
1 0.227721 0.327482 0.0324062 0.0771528
1 0.602034 0.29516 0.0282623 0.0652898
0 0.346505 0.251995 0.0313569 0.0720015
4 0.713898 0.449015 0.0426999 0.0933308
1 0.641491 0.271431 0.0280229 0.064917
0 0.0187725 0.610132 0.037545 0.124381
1 0.245371 0.543086 0.0452882 0.110779
1 0.322939 0.329048 0.0351048 0.08131
0 0.783075 0.318164 0.0378539 0.0861174
1 0.167848 0.450823 0.0394377 0.0866929
4 0.865607 0.339808 0.0453157 0.0845035
1 0.667496 0.232224 0.0287263 0.0659115
1 0.264457 0.375833 0.0385754 0.0839299
1 0.697835 0.181725 0.028418 0.0612771
1 0.78122 0.66662 0.0607956 0.128529
1 0.426974 0.262714 0.0358559 0.0725779
1 0.782369 0.317746 0.0381664 0.0848208
4 0.837907 0.446521 0.0504264 0.10052
0 0.369822 0.28961 0.0332641 0.0782792
4 0.538867 0.295667 0.0329882 0.063749
1 0.454404 0.186742 0.0248589 0.0606204
0 0.30459 0.472681 0.0412684 0.082812
4 0.815615 0.554045 0.0470287 0.0988558
1 0.593732 0.232355 0.0290426 0.0614521
0 0.897047 0.234052 0.0430626 0.0642836
1 0.589713 0.170867 0.0261957 0.0578117
1 0.472705 0.346357 0.0346258 0.0801637
1 0.554634 0.355155 0.0354882 0.0767597
