4 0.630051 0.646628 0.0701186 0.119925
0 0.0658906 0.445964 0.0490655 0.10657
1 0.167453 0.374465 0.0356141 0.0674308
1 0.288748 0.287531 0.0291932 0.0643021
0 0.414971 0.40464 0.0443743 0.0963945
0 0.326482 0.477787 0.0468836 0.0836875
4 0.780818 0.668424 0.0603975 0.132601
0 0.506287 0.395874 0.0353761 0.0906054
1 0.741104 0.363108 0.0367661 0.0838888
4 0.71695 0.439503 0.044425 0.0969014
4 0.865172 0.343629 0.0469841 0.0851454
0 0.814807 0.550201 0.0507801 0.106325
0 0.781827 0.317046 0.0384211 0.0872813
4 0.814284 0.549922 0.0495266 0.101466
1 0.627979 0.248682 0.0279415 0.0641357
1 0.263189 0.375375 0.0392696 0.0849223
0 0.0186038 0.610098 0.0372075 0.123273
1 0.323004 0.33019 0.0346516 0.0787564
1 0.228249 0.333135 0.0335096 0.0730061
1 0.534361 0.301966 0.0302896 0.0685478
0 0.59312 0.231345 0.0269544 0.0587052
0 0.168673 0.449202 0.0413548 0.0875379
1 0.589673 0.171623 0.0251482 0.0575043
1 0.169152 0.449348 0.04123 0.0867781
4 0.442346 0.510989 0.0566934 0.10343
1 0.667494 0.232892 0.0306547 0.0661465
1 0.780983 0.667032 0.0611809 0.12921
4 0.838225 0.44767 0.0479102 0.0984906
1 0.601317 0.294948 0.0294085 0.0677725
1 0.67651 0.496334 0.0525881 0.107437
0 0.34641 0.255566 0.0301818 0.0717799
1 0.426561 0.26165 0.0352255 0.0717374
1 0.454386 0.185867 0.0240799 0.0583472
0 0.563668 0.249693 0.0274622 0.0657799
1 0.37036 0.279184 0.0317243 0.0738577
0 0.370324 0.280017 0.0318362 0.0743021
1 0.472843 0.346353 0.0353909 0.0815238
1 0.556518 0.353878 0.032552 0.0779795
1 0.697644 0.182559 0.0288917 0.0628075
1 0.781608 0.316454 0.0381451 0.0859269
0 0.896743 0.234695 0.0419865 0.0653835
