4 0.629346 0.646554 0.0713838 0.120295
0 0.0651427 0.446587 0.0477909 0.106428
0 0.814196 0.535952 0.0495504 0.10548
1 0.167256 0.37476 0.0358039 0.0683461
0 0.415305 0.405613 0.0441343 0.0909328
1 0.288665 0.287419 0.0291244 0.0639189
0 0.781348 0.317227 0.0387778 0.0862056
4 0.673005 0.502485 0.058335 0.114066
0 0.425004 0.264719 0.0390471 0.0737509
0 0.323527 0.486638 0.0490139 0.100009
1 0.262587 0.375171 0.0387023 0.0846452
1 0.781012 0.665584 0.0611471 0.13294
0 0.504734 0.39818 0.0357341 0.0891383
0 0.742554 0.363925 0.0342906 0.0834533
0 0.168414 0.45001 0.041403 0.0864912
0 0.019194 0.609605 0.038388 0.119578
1 0.322943 0.33035 0.0342948 0.0800517
0 0.593601 0.230967 0.0271204 0.0583431
4 0.780816 0.667337 0.0601002 0.132907
1 0.628409 0.250554 0.0282847 0.0654839
1 0.713512 0.40822 0.0421796 0.0942916
0 0.668178 0.235216 0.0313253 0.0682535
1 0.564392 0.248658 0.0266545 0.0628421
4 0.35964 0.598211 0.0551882 0.126856
1 0.371341 0.278 0.030441 0.0698816
0 0.420992 0.514033 0.0515141 0.105619
1 0.227705 0.330542 0.0338029 0.0737884
1 0.589998 0.171141 0.0250785 0.0574135
1 0.697181 0.182648 0.0281365 0.061888
1 0.601472 0.294859 0.0294601 0.0676825
1 0.24802 0.544917 0.0438393 0.107087
1 0.556866 0.354364 0.0326298 0.0770412
1 0.454398 0.18703 0.0247592 0.0600921
0 0.346265 0.255218 0.0292003 0.0716317
1 0.537741 0.301999 0.0296776 0.0682023
1 0.473876 0.3461 0.0353319 0.0799838
4 0.424183 0.513133 0.0567499 0.106435
0 0.835927 0.441767 0.0473831 0.0970985
4 0.8662 0.33519 0.04515 0.0809796
1 0.781153 0.316332 0.0378064 0.0853917
0 0.245942 0.540632 0.0538768 0.111652
