4 0.628815 0.647364 0.07078 0.120831
1 0.167398 0.375155 0.0355667 0.0683444
0 0.0651684 0.447527 0.0473684 0.105203
1 0.288324 0.287623 0.0280859 0.0628236
0 0.741112 0.367898 0.0358429 0.085757
0 0.415963 0.402945 0.0455667 0.0958504
0 0.425285 0.265458 0.0396386 0.0736981
4 0.669311 0.505357 0.0557005 0.109734
0 0.781636 0.316864 0.0382466 0.0872399
0 0.816335 0.543331 0.0484448 0.104896
0 0.563643 0.250891 0.0275077 0.0660832
0 0.537778 0.304351 0.0295507 0.067635
0 0.59343 0.230968 0.0274999 0.0590367
1 0.327005 0.329969 0.0349547 0.0799369
0 0.418295 0.516368 0.0537101 0.106681
1 0.246729 0.544965 0.0438268 0.107345
0 0.0190388 0.609527 0.0380777 0.117732
1 0.263957 0.378339 0.0398904 0.0854783
1 0.628396 0.250331 0.0288595 0.0661604
0 0.170582 0.449064 0.0410024 0.0871525
0 0.324107 0.490893 0.0456571 0.0842602
1 0.780486 0.667159 0.0584847 0.12404
1 0.22746 0.330194 0.0334522 0.0745499
0 0.86768 0.328717 0.0454692 0.0964761
1 0.601392 0.29321 0.0295475 0.0670002
4 0.780418 0.667502 0.05781 0.126682
1 0.557727 0.35393 0.031903 0.0774582
0 0.370202 0.28121 0.0312665 0.0735852
0 0.504059 0.400358 0.0371732 0.0885501
1 0.589951 0.171388 0.0254427 0.0575538
1 0.4543 0.186528 0.0245188 0.0593868
0 0.896474 0.235191 0.0428363 0.0676737
0 0.346436 0.254677 0.0293388 0.0713348
0 0.668463 0.235098 0.03154 0.0680133
1 0.69698 0.181756 0.0276442 0.060302
1 0.371567 0.278635 0.030156 0.0689233
1 0.66803 0.23603 0.0318012 0.0690849
4 0.837892 0.442469 0.0510376 0.0981283
4 0.714248 0.435464 0.0458597 0.0962329
0 0.838205 0.4442 0.0488735 0.0984792
1 0.47339 0.345842 0.035495 0.080336
