0 0.0649211 0.44765 0.0483654 0.105127
1 0.167422 0.374807 0.0366543 0.0716419
1 0.287513 0.285813 0.0286062 0.0632716
0 0.630212 0.642942 0.0626215 0.115983
0 0.419036 0.406666 0.0453119 0.093695
1 0.743657 0.36002 0.0362642 0.0826844
0 0.782619 0.320956 0.0328382 0.0823739
1 0.564276 0.249562 0.027265 0.0666636
1 0.781001 0.665921 0.0544913 0.121521
0 0.871045 0.329905 0.0432757 0.0952913
0 0.321584 0.489514 0.049388 0.088845
0 0.424597 0.265898 0.0386581 0.072766
0 0.0199624 0.610443 0.0399248 0.115209
1 0.630266 0.24922 0.0299745 0.0646318
0 0.422144 0.514277 0.0495249 0.104381
0 0.226561 0.336936 0.0348858 0.0800301
1 0.263379 0.377794 0.0396936 0.0878018
1 0.323999 0.328171 0.0354383 0.0789168
4 0.819081 0.555593 0.0524639 0.107494
0 0.344344 0.254566 0.0299299 0.0701285
1 0.556991 0.346544 0.0300468 0.0718552
1 0.370182 0.284407 0.0315987 0.0742137
4 0.678113 0.503954 0.0519012 0.106651
0 0.81906 0.554641 0.0548302 0.109436
4 0.714728 0.445465 0.0390849 0.0909822
0 0.678067 0.505097 0.0531723 0.10519
1 0.168042 0.449912 0.0409482 0.0819945
0 0.505705 0.401592 0.0389555 0.0922095
1 0.598667 0.293682 0.0319059 0.0697187
1 0.454408 0.187274 0.0250723 0.0612981
0 0.169912 0.449467 0.0407504 0.0842506
1 0.58919 0.172049 0.0259947 0.0586267
1 0.535916 0.132351 0.0265236 0.0515231
1 0.676273 0.226929 0.0301052 0.0678447
0 0.839299 0.443317 0.0480075 0.0954699
0 0.896284 0.236177 0.0445552 0.066871
1 0.350238 0.574535 0.049164 0.109226
1 0.245427 0.545818 0.0450676 0.108175
0 0.59452 0.23181 0.0273043 0.0550614
1 0.529625 0.312895 0.0303378 0.0686952
4 0.473111 0.34533 0.0344799 0.0789324
0 0.245141 0.545382 0.0464766 0.108407
1 0.69752 0.182249 0.0287887 0.0611742
