1 0.434848 0.782296 0.0622916 0.116025
0 0.646089 0.541978 0.071817 0.130551
0 0.851814 0.757045 0.0586401 0.121887
1 0.772751 0.62013 0.0541082 0.111095
1 0.27306 0.693146 0.0580937 0.102111
1 0.677073 0.648612 0.0666538 0.110731
3 0.712415 0.775944 0.0749361 0.125743
4 0.713111 0.775613 0.0747756 0.122639
4 0.4151 0.684155 0.0598827 0.088261
1 0.268624 0.857727 0.0664473 0.109714
0 0.959513 0.64286 0.063208 0.0984431
4 0.270049 0.858671 0.0675286 0.109647
1 0.95983 0.642271 0.0613075 0.0991724
