2 0.661464 0.398509 0.090712 0.394425
2 0.152461 0.572399 0.0832453 0.28875
1 0.671719 0.694811 0.0581466 0.0984776
1 0.0460552 0.682106 0.0622367 0.108635
1 0.357087 0.708441 0.0528709 0.100311
1 0.373668 0.617438 0.0490938 0.0942691
1 0.199727 0.689316 0.0589038 0.106618
1 0.19516 0.812401 0.0690907 0.112911
1 0.904629 0.792041 0.0725378 0.124751
1 0.340638 0.809771 0.0620263 0.115408
1 0.228523 0.607359 0.0490178 0.0979109
1 0.0324479 0.800679 0.0639821 0.117652
1 0.722964 0.801774 0.0629218 0.110352
1 0.973745 0.663921 0.051902 0.108842
1 0.822233 0.938702 0.0765673 0.121452
1 0.89967 0.576643 0.0480741 0.0995711
1 0.343677 0.942403 0.079795 0.115194
1 0.776987 0.615548 0.048705 0.0956304
0 0.819639 0.709236 0.0655209 0.110249
1 0.820691 0.70836 0.0640732 0.100983
1 0.982771 0.912312 0.0343181 0.125682
1 0.987429 0.918714 0.0251413 0.124876
4 0.672018 0.625072 0.0544782 0.0733632
