2 0.130679 0.707575 0.155029 0.584851
1 0.244543 0.586552 0.0709253 0.156599
1 0.508726 0.161616 0.0241639 0.0545699
1 0.52245 0.460196 0.0488603 0.105169
1 0.187449 0.280577 0.0296785 0.0690405
1 0.135855 0.290211 0.0290563 0.0683128
1 0.536484 0.302731 0.029811 0.0693627
1 0.633491 0.180458 0.0222279 0.0530671
1 0.460937 0.197997 0.0228722 0.0533842
1 0.629864 0.50644 0.0484545 0.104677
1 0.237962 0.315103 0.0256086 0.0575944
1 0.378064 0.265457 0.0264524 0.053716
1 0.0816749 0.321179 0.026825 0.0609545
1 0.258007 0.24947 0.0245415 0.056295
1 0.0644722 0.370099 0.03238 0.0759932
1 0.670033 0.214648 0.024749 0.0580918
1 0.716817 0.261461 0.0262476 0.0622853
1 0.241252 0.214195 0.0248362 0.059514
1 0.204883 0.418866 0.0350966 0.0782989
1 0.568217 0.247419 0.0254065 0.0614411
1 0.419596 0.22084 0.0213755 0.0514727
1 0.137885 0.377564 0.0311816 0.0653626
1 0.584167 0.344297 0.0366178 0.0742239
1 0.295153 0.260811 0.0262074 0.061704
1 0.699508 0.363615 0.0381304 0.0834004
1 0.31786 0.215893 0.0252243 0.0552347
1 0.309696 0.323999 0.031994 0.0721897
1 0.487923 0.339819 0.0331733 0.0730825
1 0.793902 0.296824 0.0273977 0.0644502
1 0.793254 0.406334 0.0310382 0.0806539
4 0.766883 0.50946 0.0508513 0.10821
1 0.365672 0.227983 0.0235661 0.0516263
