2 0.451623 0.715477 0.119499 0.569045
1 0.190558 0.818666 0.0709172 0.117061
4 0.818641 0.70113 0.0669776 0.113187
0 0.354143 0.601369 0.0458502 0.111534
4 0.0318425 0.691059 0.0626889 0.118115
4 0.926474 0.805332 0.071208 0.136631
1 0.721343 0.813415 0.0678127 0.119593
4 0.0353286 0.806049 0.0703353 0.13597
1 0.363281 0.81317 0.0614882 0.106705
4 0.115656 0.627798 0.0619736 0.119198
4 0.230542 0.614168 0.0519151 0.102554
4 0.790477 0.620075 0.0558829 0.102905
4 0.665289 0.619709 0.0565323 0.0983856
1 0.688854 0.699479 0.0538565 0.0992915
1 0.359357 0.713193 0.049985 0.0924348
1 0.97256 0.658698 0.0544176 0.110374
1 0.219558 0.694333 0.0632981 0.109226
1 0.89151 0.571834 0.0454412 0.103074
1 0.984467 0.936483 0.0310627 0.127035
2 0.115514 0.629385 0.0613266 0.123148
4 0.688401 0.70042 0.0534199 0.0998285
