2 0.546622 0.640935 0.0827499 0.621719
1 0.190536 0.690465 0.0627513 0.109806
1 0.181848 0.807935 0.0742596 0.118236
1 0.376047 0.612931 0.0535632 0.101669
1 0.344128 0.71295 0.0535715 0.103888
1 0.350697 0.816573 0.0613929 0.109088
1 0.0270549 0.798977 0.0538783 0.113133
1 0.688929 0.771734 0.058748 0.11166
4 0.796858 0.619477 0.05172 0.107256
1 0.688145 0.682912 0.0560825 0.0947013
1 0.978753 0.926566 0.0422464 0.146869
1 0.352632 0.941373 0.0747454 0.106432
1 0.0420633 0.669385 0.0665045 0.124613
1 0.110081 0.605571 0.0536146 0.104154
1 0.216397 0.607568 0.0463722 0.0927865
4 0.820347 0.716684 0.0526245 0.0948512
4 0.897493 0.773027 0.0612099 0.125237
1 0.910559 0.585048 0.0448252 0.103292
1 0.897665 0.772513 0.0624841 0.123703
1 0.966212 0.660861 0.059968 0.110977
4 0.630417 0.630536 0.0513134 0.106307
1 0.143294 0.955938 0.076177 0.0881238
0 0.966748 0.663171 0.0576955 0.110604
1 0.820256 0.717191 0.0501479 0.0955143
1 0.630289 0.63276 0.0510513 0.113532
4 0.910576 0.58301 0.0478012 0.107875
