2 0.13588 0.442478 0.0623843 0.318871
1 0.190555 0.810261 0.0707066 0.113664
1 0.344806 0.714892 0.0555563 0.0960999
1 0.0340236 0.798281 0.0663958 0.121856
1 0.107102 0.609893 0.0468146 0.0960108
1 0.86335 0.776514 0.0620811 0.141143
1 0.0259939 0.680431 0.0515903 0.110906
1 0.379571 0.612523 0.0515974 0.101923
1 0.343528 0.809919 0.0586161 0.107686
1 0.227244 0.616219 0.0505043 0.0996026
1 0.352297 0.943673 0.0762031 0.109732
1 0.723893 0.770222 0.064267 0.125859
1 0.917264 0.579719 0.0468104 0.0999421
1 0.1454 0.939122 0.070416 0.119587
1 0.19169 0.690847 0.0605082 0.107864
1 0.265084 0.398127 0.0343042 0.078198
2 0.338268 0.53232 0.0509489 0.224891
2 0.959774 0.735445 0.0803551 0.283574
1 0.218815 0.506112 0.0507518 0.101602
3 0.720816 0.717955 0.0661344 0.229615
1 0.973423 0.92557 0.0531543 0.135094
1 0.954844 0.650005 0.0596554 0.101682
