1 0.185048 0.687697 0.061488 0.114733
1 0.183439 0.806743 0.0713553 0.11205
1 0.0316056 0.804801 0.0628078 0.121218
1 0.0484899 0.682623 0.0639382 0.112192
1 0.355637 0.608203 0.0551678 0.0958811
1 0.351893 0.724234 0.0556372 0.0989551
1 0.326423 0.818523 0.0591837 0.114672
2 0.207066 0.492913 0.0700513 0.258373
1 0.689426 0.694813 0.0656252 0.114184
1 0.855284 0.718561 0.0583789 0.101987
1 0.785761 0.623221 0.0495932 0.100672
1 0.112633 0.621701 0.0464045 0.0969967
1 0.904389 0.579941 0.0446621 0.0980081
1 0.971105 0.662997 0.0559756 0.105231
1 0.338293 0.943646 0.0756928 0.112707
1 0.23806 0.618601 0.0505767 0.103973
1 0.278791 0.276586 0.0698399 0.163501
2 0.278015 0.276396 0.0702785 0.1651
1 0.651879 0.650337 0.0527058 0.0940896
2 0.338581 0.483575 0.0702304 0.253035
1 0.217149 0.413675 0.0475677 0.0943271
2 0.273308 0.516556 0.0720564 0.31978
