2 0.630775 0.387762 0.0734121 0.208001
0 0.465909 0.545998 0.0791843 0.152341
2 0.402949 0.352379 0.060203 0.182363
0 0.281326 0.517804 0.0742678 0.133091
0 0.538078 0.517232 0.0593283 0.0970224
1 0.0360169 0.494278 0.0709504 0.132166
1 0.156597 0.452825 0.0512006 0.0976618
1 0.668866 0.533733 0.0671976 0.126524
1 0.499882 0.425889 0.0452171 0.0847377
1 0.891998 0.499657 0.0787827 0.147569
1 0.578757 0.460652 0.0465935 0.0808982
1 0.694184 0.462417 0.0469204 0.10647
1 0.729495 0.451231 0.0398857 0.0805755
1 0.844209 0.467062 0.0454336 0.0971302
1 0.386459 0.472324 0.054891 0.0915655
1 0.340934 0.422502 0.0361721 0.077345
0 0.385724 0.472366 0.0532658 0.0947549
1 0.238734 0.410125 0.0385971 0.0815721
1 0.271421 0.425701 0.0426045 0.0715645
0 0.579189 0.459432 0.0446466 0.080285
