2 0.167085 0.423518 0.0746016 0.486127
1 0.18724 0.6883 0.0591661 0.11044
4 0.0383514 0.812416 0.0756156 0.12451
1 0.200886 0.813574 0.0669871 0.109066
1 0.356917 0.61965 0.0545904 0.0905009
1 0.348859 0.722488 0.0568212 0.09124
4 0.908941 0.780761 0.0739716 0.142649
1 0.347022 0.817435 0.0638561 0.109428
1 0.971305 0.930515 0.057206 0.137218
1 0.686479 0.691443 0.0557455 0.106023
1 0.337932 0.941754 0.072698 0.116492
1 0.112418 0.616222 0.045718 0.101696
1 0.22413 0.616954 0.0485293 0.0973447
1 0.0491767 0.6847 0.0659444 0.113141
1 0.703243 0.793187 0.0604528 0.119434
1 0.903186 0.581884 0.0444881 0.10009
1 0.821619 0.936567 0.0829573 0.126866
1 0.975191 0.657892 0.0491521 0.100379
1 0.662422 0.626627 0.0495361 0.0960445
1 0.857363 0.718329 0.0583766 0.10108
1 0.783511 0.626153 0.052868 0.104398
1 0.155709 0.954542 0.0704282 0.0909151
