1 0.0290719 0.792865 0.0576009 0.111736
1 0.32336 0.717716 0.0517056 0.0978595
1 0.187803 0.702419 0.0649777 0.106239
1 0.193251 0.820563 0.064519 0.106705
1 0.906572 0.789955 0.0662781 0.12251
1 0.051382 0.68321 0.0615178 0.111644
1 0.684657 0.690035 0.0551904 0.106045
2 0.353426 0.340991 0.0911234 0.311487
1 0.910093 0.576704 0.045452 0.0963318
1 0.347537 0.818208 0.0622089 0.111381
1 0.803067 0.92652 0.0744518 0.123753
1 0.971071 0.662916 0.0547246 0.102892
1 0.361058 0.587172 0.0552375 0.0982888
1 0.226715 0.611267 0.0464284 0.094257
4 0.853238 0.72631 0.0664001 0.106313
1 0.658703 0.637004 0.044855 0.0864083
1 0.710928 0.807652 0.0603443 0.107135
1 0.339542 0.946232 0.0730105 0.107535
1 0.117338 0.616577 0.0500134 0.102043
1 0.97256 0.93122 0.0546219 0.137559
4 0.972951 0.933044 0.054002 0.132204
1 0.784669 0.625653 0.0541637 0.10517
4 0.785025 0.625949 0.0540582 0.106232
0 0.710515 0.807313 0.0598757 0.107778
