2 0.362584 0.430928 0.0511964 0.458809
0 0.398874 0.440515 0.0483774 0.102417
1 0.635452 0.473896 0.0510245 0.10273
0 0.139993 0.288107 0.0323149 0.0736642
1 0.688255 0.182767 0.0229065 0.0521809
1 0.640543 0.254857 0.0230225 0.0646894
1 0.252882 0.293075 0.0264203 0.0660287
1 0.184413 0.286279 0.0341471 0.0761326
1 0.418783 0.222817 0.0243877 0.0559838
0 0.186185 0.283592 0.0361309 0.0777262
3 0.640538 0.335598 0.0958467 0.182364
0 0.634319 0.192449 0.0242413 0.0599679
0 0.581066 0.245221 0.0297156 0.0670294
3 0.215915 0.402908 0.0442818 0.0949403
1 0.122699 0.380383 0.0370313 0.0745443
1 0.072573 0.326825 0.0337914 0.0723398
