2 0.830251 0.513482 0.0660583 0.372466
1 0.192688 0.692834 0.0611954 0.114965
1 0.670571 0.700873 0.0524481 0.103616
1 0.560646 0.392725 0.0405466 0.0804386
1 0.361397 0.81172 0.0545428 0.106623
1 0.713933 0.809537 0.0691939 0.114949
1 0.908517 0.581129 0.0456613 0.0952991
1 0.180216 0.812087 0.0677358 0.110482
1 0.961302 0.664208 0.0543121 0.104537
4 0.117243 0.618384 0.0554055 0.108116
1 0.487215 0.410605 0.0432383 0.0925456
1 0.350642 0.715014 0.0530148 0.0976413
1 0.231598 0.647828 0.0453204 0.0990266
1 0.789577 0.615266 0.0522755 0.107864
1 0.417248 0.407353 0.0418606 0.0987305
1 0.375865 0.940487 0.0700319 0.116369
1 0.0531526 0.69367 0.0650298 0.125357
1 0.651621 0.625783 0.0512516 0.0932037
1 0.886043 0.772436 0.0686668 0.118617
1 0.714768 0.364567 0.043674 0.100584
1 0.370477 0.587628 0.0561633 0.105988
4 0.632984 0.404154 0.0489998 0.0938221
0 0.370941 0.588705 0.0572304 0.108997
1 0.631371 0.402613 0.0495728 0.0996989
1 0.0113209 0.912173 0.0226417 0.149253
