1 0.195731 0.819356 0.0684884 0.111458
1 0.667193 0.703163 0.0541701 0.102222
2 0.820254 0.502956 0.0621165 0.355255
1 0.354675 0.716458 0.0529228 0.0960554
1 0.889042 0.793799 0.0721117 0.122961
1 0.347334 0.812674 0.0598155 0.107049
1 0.712447 0.818526 0.0681849 0.122989
1 0.910591 0.578973 0.0460362 0.0949601
4 0.230552 0.634879 0.0532897 0.105716
1 0.560212 0.394776 0.0401048 0.0804101
1 0.958957 0.664783 0.0560814 0.110047
1 0.0475223 0.690122 0.0575814 0.117998
1 0.497281 0.419525 0.0463782 0.0914347
1 0.649303 0.631095 0.0524007 0.0883789
1 0.194002 0.700679 0.0647781 0.110328
1 0.355875 0.940213 0.0704436 0.119573
1 0.636542 0.40239 0.040144 0.0884596
1 0.793575 0.618163 0.0487061 0.0939895
0 0.369153 0.611429 0.0550264 0.107351
1 0.126082 0.948448 0.0759428 0.103105
4 0.114646 0.617939 0.0504662 0.100681
1 0.717699 0.389916 0.0427611 0.0951636
4 0.193854 0.701191 0.0651549 0.109732
2 0.412031 0.471791 0.0831072 0.266573
1 0.114743 0.619762 0.0470478 0.0989536
4 0.411373 0.400884 0.0490173 0.102364
1 0.977995 0.94521 0.043829 0.106718
1 0.411724 0.402894 0.0491678 0.104614
