2 0.555617 0.247669 0.0821527 0.274588
4 0.885091 0.915708 0.105078 0.168585
1 0.93523 0.520336 0.065414 0.109993
1 0.87737 0.713168 0.0894791 0.154515
1 0.510034 0.621104 0.0670445 0.13874
1 0.291539 0.677643 0.0726073 0.133996
1 0.638875 0.404065 0.0497046 0.0851357
1 0.548258 0.443885 0.0545488 0.106594
1 0.636327 0.746193 0.0764103 0.133443
1 0.0530782 0.704304 0.0782251 0.141591
1 0.256579 0.515391 0.0639857 0.108289
1 0.74751 0.379778 0.0542492 0.10725
4 0.960538 0.387511 0.0636477 0.102425
1 0.142772 0.50498 0.0680758 0.102103
1 0.331344 0.40608 0.0588947 0.110171
1 0.788101 0.500336 0.064162 0.12793
1 0.408974 0.453837 0.0607638 0.117249
1 0.0342579 0.920969 0.0685158 0.158063
4 0.85018 0.403073 0.0646945 0.108018
1 0.233829 0.419602 0.053568 0.0860256
4 0.0155215 0.395148 0.031043 0.0991221
1 0.651098 0.500455 0.0612561 0.114536
0 0.651541 0.502656 0.0600269 0.114173
4 0.130762 0.402517 0.0533185 0.0971929
