1 0.871667 0.55969 0.0764412 0.154837
1 0.316996 0.77138 0.111497 0.195661
1 0.822188 0.783982 0.0937755 0.183467
2 0.505929 0.24636 0.072728 0.242973
1 0.551552 0.499008 0.0594261 0.11855
1 0.65434 0.74251 0.11299 0.200199
1 0.640148 0.559731 0.0779502 0.134271
4 0.224213 0.33206 0.0581984 0.108268
1 0.809508 0.387605 0.0672698 0.12738
1 0.646941 0.398315 0.0641401 0.117415
1 0.156064 0.439204 0.0723352 0.121015
1 0.334485 0.326652 0.0570649 0.109094
1 0.744886 0.310918 0.0507597 0.10219
4 0.857894 0.313245 0.0537914 0.1098
1 0.278764 0.437071 0.0587215 0.11072
1 0.0536114 0.54634 0.0772503 0.150666
1 0.617767 0.311692 0.0501933 0.0960308
1 0.910401 0.388689 0.0618052 0.111432
1 0.543261 0.335314 0.0530287 0.105065
1 0.320813 0.522436 0.06345 0.127497
1 0.420729 0.350872 0.0480135 0.100719
4 0.0214597 0.31945 0.0429194 0.111646
1 0.128109 0.336138 0.0563048 0.0989251
1 0.0169459 0.756744 0.0338919 0.185314
1 0.948228 0.334308 0.0494429 0.102806
4 0.127109 0.335535 0.0553511 0.0968133
