2 0.487057 0.239625 0.082283 0.281378
1 0.638426 0.733221 0.0771903 0.139447
1 0.882736 0.707665 0.086942 0.16474
4 0.884023 0.926999 0.101763 0.146003
1 0.15885 0.533161 0.0720791 0.11299
1 0.0429984 0.703727 0.0795197 0.148519
4 0.964753 0.403256 0.0666729 0.106402
1 0.547336 0.465731 0.0537655 0.108473
1 0.62392 0.395543 0.0489868 0.0902981
1 0.273473 0.526423 0.0588448 0.0946566
1 0.263743 0.642898 0.0706772 0.149194
1 0.948748 0.524725 0.07192 0.11671
1 0.331506 0.406524 0.0586724 0.105891
1 0.795984 0.498647 0.0638062 0.130106
1 0.418097 0.458295 0.0597069 0.111045
1 0.231975 0.431746 0.0579125 0.0897006
4 0.849491 0.399803 0.0570814 0.106275
4 0.126987 0.40573 0.0593021 0.102794
1 0.506716 0.646918 0.0664478 0.138074
1 0.750241 0.393508 0.0554859 0.100009
1 0.644995 0.498495 0.0592265 0.112622
4 0.0153507 0.392173 0.0307013 0.0983254
0 0.646026 0.49814 0.0570055 0.117588
1 0.00802989 0.519013 0.0160123 0.100675
1 0.0215953 0.929476 0.0431906 0.141047
0 0.795158 0.496852 0.0645189 0.129304
