4 0.889056 0.920403 0.108051 0.159195
2 0.477295 0.245024 0.07458 0.26848
1 0.876654 0.703873 0.0846272 0.159821
1 0.0437636 0.701245 0.0825356 0.145718
1 0.630592 0.394477 0.0487706 0.0872216
1 0.633222 0.735715 0.0800807 0.139136
1 0.27196 0.530671 0.0582057 0.0943806
1 0.262525 0.644251 0.0688608 0.14384
1 0.1617 0.535454 0.0696733 0.112243
1 0.544312 0.467378 0.0570406 0.110379
4 0.957384 0.407304 0.0675082 0.100709
1 0.0267539 0.927091 0.0535078 0.145819
4 0.130904 0.405178 0.0613856 0.106476
1 0.416164 0.461784 0.0603762 0.112404
1 0.327873 0.404731 0.0584681 0.108778
1 0.948273 0.522249 0.0734898 0.113993
1 0.637467 0.496049 0.0587963 0.113549
4 0.0172606 0.393978 0.0345211 0.10075
0 0.517056 0.637358 0.0664034 0.129621
1 0.0083991 0.528773 0.0167982 0.0988642
1 0.228301 0.438707 0.0602897 0.0888818
1 0.850239 0.395889 0.0507968 0.100336
1 0.746464 0.393602 0.0497729 0.0987794
4 0.228557 0.439127 0.0591903 0.0880983
0 0.746476 0.39328 0.0496286 0.0989711
