1 0.879568 0.710904 0.0820534 0.160681
1 0.801196 0.503258 0.0686054 0.125622
1 0.631792 0.734935 0.0759497 0.138281
1 0.0448577 0.704804 0.0804819 0.141785
1 0.259712 0.645656 0.0699525 0.142444
1 0.270343 0.530954 0.0570532 0.0925306
1 0.156421 0.539588 0.0702225 0.10994
1 0.952995 0.524495 0.0696497 0.112455
2 0.650056 0.264719 0.0628235 0.315809
1 0.029669 0.926485 0.0593371 0.141463
1 0.544808 0.452721 0.0571407 0.112613
4 0.127425 0.424116 0.0594273 0.0968877
1 0.236508 0.434671 0.0537063 0.0822169
1 0.416869 0.460813 0.0620913 0.112142
1 0.626704 0.403977 0.0481079 0.0853721
1 0.746274 0.395895 0.0540649 0.0952292
1 0.331542 0.407122 0.0568188 0.10498
4 0.888521 0.924843 0.101595 0.150315
1 0.505855 0.6512 0.0652082 0.121163
4 0.0176134 0.393891 0.0352267 0.09946
1 0.955063 0.413513 0.0608959 0.091356
1 0.642758 0.499752 0.054504 0.107197
1 0.00838445 0.530622 0.0167362 0.093812
4 0.848568 0.404576 0.0529797 0.0943367
1 0.849041 0.403818 0.0533232 0.0946893
0 0.643361 0.49932 0.0553602 0.112589
