1 0.87565 0.71734 0.0865117 0.152452
1 0.631658 0.730332 0.077694 0.145015
1 0.0458813 0.714961 0.0791032 0.144102
1 0.276799 0.671511 0.0682516 0.12296
1 0.95589 0.522182 0.0694313 0.11677
1 0.164625 0.536436 0.0682321 0.111909
1 0.630515 0.410347 0.0495399 0.0848019
1 0.551576 0.446266 0.0533783 0.104659
4 0.127579 0.426042 0.0640559 0.101793
2 0.754321 0.276279 0.0870064 0.326266
4 0.885351 0.919671 0.10035 0.160658
1 0.279219 0.527462 0.0593663 0.10217
1 0.85279 0.415896 0.0552785 0.091991
1 0.333897 0.414918 0.0600162 0.102456
1 0.506945 0.65852 0.0655545 0.124002
1 0.420459 0.456308 0.0573107 0.105961
1 0.958037 0.39984 0.0592636 0.0957514
1 0.787562 0.504257 0.0648293 0.119829
1 0.229059 0.428521 0.0577313 0.0917866
1 0.744092 0.399108 0.0506197 0.0851805
1 0.0271675 0.927015 0.054335 0.14597
4 0.0172285 0.39361 0.034457 0.0960226
1 0.648831 0.498338 0.0568293 0.11056
1 0.884409 0.918433 0.100306 0.163134
1 0.00912454 0.522559 0.0181849 0.106498
0 0.506149 0.6583 0.0692732 0.122338
