2 0.0715103 0.557051 0.10296 0.63968
0 0.342779 0.464597 0.0668924 0.136612
1 0.679452 0.422751 0.0434334 0.089998
1 0.573339 0.435514 0.0435894 0.0901937
1 0.713541 0.355008 0.029687 0.0720797
1 0.246698 0.398298 0.0448457 0.0946743
1 0.192336 0.348524 0.0361341 0.0760353
1 0.795611 0.402044 0.0390223 0.0823456
1 0.85206 0.374372 0.0363963 0.0846295
1 0.280628 0.339335 0.0301785 0.0835801
1 0.472123 0.316836 0.0277374 0.0693838
0 0.453964 0.418187 0.0465084 0.113949
1 0.529621 0.335389 0.0249181 0.0619243
1 0.549624 0.371369 0.0311884 0.0747394
1 0.62788 0.332339 0.0268514 0.0596902
