1 0.802797 0.526179 0.0624321 0.122254
2 0.506844 0.251589 0.0769573 0.264809
1 0.277316 0.672861 0.0702231 0.129472
1 0.0453207 0.710282 0.0758418 0.147945
1 0.276123 0.517226 0.0562532 0.105535
4 0.10245 0.414467 0.0586297 0.106269
0 0.937524 0.494971 0.0654778 0.118218
1 0.743913 0.375954 0.0561411 0.107913
1 0.875371 0.69769 0.084544 0.159168
1 0.333131 0.40277 0.0542729 0.102695
1 0.631102 0.735103 0.0803356 0.137388
1 0.94191 0.918152 0.102507 0.163696
1 0.0255106 0.929095 0.0510059 0.141809
4 0.223387 0.418966 0.058223 0.0896335
1 0.163626 0.542349 0.0628481 0.103331
1 0.410924 0.461534 0.0580894 0.100966
3 0.56605 0.420936 0.0896183 0.21617
4 0.0152818 0.393691 0.0305635 0.0891869
1 0.848838 0.40284 0.0589294 0.0981789
1 0.944116 0.388119 0.0578674 0.095672
3 0.61679 0.415597 0.0699902 0.201778
4 0.847091 0.404424 0.0592813 0.10461
3 0.600177 0.411214 0.0860236 0.192759
