2 0.588171 0.252975 0.0676263 0.279386
1 0.870886 0.692615 0.0873455 0.150195
1 0.801984 0.526293 0.0629464 0.114359
1 0.270259 0.651781 0.0718328 0.135063
1 0.634784 0.394485 0.0497169 0.0844923
1 0.953845 0.523779 0.0711517 0.111462
1 0.0561577 0.711627 0.0787673 0.145724
1 0.633395 0.736541 0.0771818 0.135182
1 0.270498 0.518541 0.0605285 0.108762
1 0.229452 0.425597 0.0543175 0.0842006
1 0.547063 0.440785 0.0535107 0.102708
1 0.482303 0.662345 0.0703051 0.134544
1 0.423098 0.457953 0.0567637 0.110119
1 0.16684 0.545 0.0718907 0.110787
4 0.95606 0.399646 0.0653934 0.104161
4 0.901079 0.924495 0.102463 0.15101
1 0.336358 0.411546 0.0584636 0.0999911
1 0.12476 0.428492 0.0542974 0.090773
1 0.652124 0.497858 0.0579946 0.11152
1 0.743341 0.39297 0.0559324 0.100658
4 0.0172057 0.391662 0.0344114 0.0962923
1 0.0105596 0.530064 0.0209524 0.0945645
1 0.849812 0.408546 0.0595645 0.100291
0 0.481823 0.666125 0.0698936 0.136697
