2 0.429722 0.263749 0.0706547 0.277527
1 0.796155 0.520507 0.0604784 0.115807
1 0.87709 0.69872 0.0877092 0.15911
1 0.166773 0.511551 0.0687267 0.117214
1 0.632769 0.397793 0.051122 0.0869886
1 0.27081 0.528817 0.0577016 0.0974018
0 0.506146 0.659387 0.0713714 0.127042
1 0.0579736 0.723533 0.0789451 0.138216
1 0.54739 0.440129 0.0561527 0.101001
1 0.867655 0.922342 0.099538 0.155316
1 0.262045 0.64415 0.0713089 0.136333
4 0.959442 0.410595 0.0687218 0.0986312
4 0.848432 0.422631 0.0617358 0.0947552
1 0.418839 0.448339 0.0540601 0.104409
1 0.23969 0.435066 0.0475164 0.0755914
1 0.659437 0.496072 0.0582543 0.110889
1 0.947063 0.527174 0.0723076 0.125941
4 0.0208093 0.405891 0.0416127 0.0964846
1 0.625687 0.719926 0.0722456 0.131216
1 0.336338 0.410116 0.0561632 0.0999318
1 0.0102132 0.517334 0.0203765 0.0986667
1 0.12092 0.430059 0.0514067 0.0900691
1 0.0380294 0.932008 0.0760589 0.135985
0 0.625503 0.719705 0.0716322 0.127908
