2 0.520252 0.250619 0.0762698 0.281293
2 0.229923 0.399427 0.0790372 0.239789
1 0.874841 0.713272 0.086764 0.152771
1 0.0507561 0.713795 0.0794025 0.152806
1 0.639077 0.410691 0.0528717 0.0841873
4 0.855646 0.917434 0.10434 0.165035
1 0.255673 0.641946 0.0699474 0.142694
4 0.957614 0.409493 0.0670444 0.0962203
1 0.550057 0.452951 0.0529762 0.105343
1 0.795394 0.518963 0.0606772 0.114799
1 0.614055 0.740276 0.0768175 0.141013
1 0.411469 0.458786 0.0588541 0.11224
1 0.126107 0.422826 0.0555802 0.092447
1 0.949697 0.527393 0.068063 0.11814
4 0.0212915 0.409324 0.042583 0.106414
4 0.849599 0.42203 0.0598293 0.0936027
1 0.331111 0.421788 0.0624446 0.10605
1 0.25883 0.52776 0.0559296 0.0917068
1 0.654238 0.496077 0.0582069 0.107367
0 0.519297 0.661866 0.0714046 0.134595
1 0.743002 0.397727 0.0549496 0.0962163
1 0.519295 0.659358 0.0696915 0.133302
1 0.00859107 0.519042 0.0171641 0.110772
0 0.742596 0.395613 0.0561035 0.0960646
