2 0.519194 0.254149 0.0809612 0.279211
1 0.268546 0.658168 0.0717347 0.13909
1 0.622116 0.738845 0.0800504 0.132797
1 0.794975 0.521197 0.0596605 0.114708
1 0.638215 0.409937 0.0514873 0.0828261
4 0.962114 0.402769 0.0655792 0.103667
1 0.546327 0.452253 0.0539036 0.105957
1 0.875558 0.713138 0.0834465 0.151032
1 0.050423 0.715273 0.0795102 0.148651
1 0.23023 0.436411 0.0522343 0.0832134
1 0.412237 0.459588 0.0592731 0.110537
4 0.8442 0.405082 0.0655163 0.109911
1 0.748559 0.38633 0.0552813 0.0979593
1 0.255932 0.537218 0.0625754 0.0991751
1 0.335763 0.417125 0.0592815 0.0975122
4 0.0190101 0.402031 0.0380203 0.100146
1 0.519576 0.66321 0.0652096 0.117961
1 0.923036 0.517186 0.066447 0.116489
1 0.64685 0.50112 0.0570045 0.105543
1 0.12484 0.42837 0.0570156 0.0944142
1 0.167574 0.547936 0.0675157 0.115334
4 0.125472 0.429142 0.0564543 0.0947161
1 0.00799799 0.525567 0.015996 0.107938
0 0.922734 0.518373 0.0681414 0.119471
