2 0.634776 0.270781 0.078929 0.340245
1 0.26987 0.658774 0.0722436 0.136875
1 0.79494 0.523694 0.060359 0.115052
1 0.631235 0.406901 0.0528781 0.0868043
1 0.611452 0.741335 0.0744706 0.130484
1 0.268466 0.524533 0.0607134 0.10682
1 0.543925 0.43764 0.0561832 0.103118
4 0.125861 0.42823 0.0583666 0.0953462
0 0.490567 0.656731 0.0705327 0.13643
4 0.0248799 0.412743 0.0496672 0.10833
1 0.054914 0.712737 0.0777424 0.145704
4 0.847232 0.407424 0.0647084 0.107738
1 0.41058 0.458219 0.0571744 0.105313
1 0.231662 0.436026 0.0522475 0.0836892
1 0.656722 0.496425 0.0558353 0.116382
1 0.167272 0.5412 0.0655389 0.111141
1 0.336624 0.420535 0.0591936 0.0979632
1 0.962174 0.403642 0.0611364 0.0914303
1 0.877765 0.700921 0.084658 0.163201
1 0.490234 0.654004 0.0714918 0.135974
1 0.00814984 0.525628 0.0162997 0.109296
1 0.746271 0.401035 0.0576735 0.0987407
0 0.877596 0.701059 0.0846033 0.16647
4 0.745763 0.402013 0.0597471 0.101411
0 0.941454 0.496493 0.0712776 0.128303
1 0.946065 0.930694 0.0942699 0.138612
1 0.941952 0.497783 0.0698538 0.130615
