2 0.543573 0.246692 0.0856796 0.28444
1 0.63537 0.738367 0.0784784 0.132434
1 0.266404 0.658625 0.0724593 0.135686
1 0.633774 0.410884 0.0506398 0.0845907
1 0.050111 0.706937 0.0783229 0.145153
1 0.793542 0.507217 0.058905 0.121431
1 0.547432 0.443734 0.0532415 0.0986477
1 0.51305 0.651352 0.0683665 0.124603
0 0.865118 0.705035 0.086313 0.157658
1 0.263249 0.525077 0.0605158 0.10771
1 0.746474 0.396707 0.0534706 0.0959102
4 0.963272 0.407312 0.0611816 0.0939075
1 0.41042 0.46008 0.0582048 0.110703
1 0.336767 0.419758 0.0600386 0.0979327
4 0.848324 0.407172 0.0622395 0.103089
1 0.232514 0.441139 0.0499063 0.0841418
1 0.940507 0.495529 0.0667195 0.123635
1 0.657202 0.497203 0.0631141 0.116813
0 0.880497 0.937806 0.103532 0.124388
1 0.168254 0.54432 0.0678892 0.112636
0 0.410725 0.461361 0.0586209 0.114879
1 0.0198549 0.409011 0.0397098 0.094315
4 0.0199033 0.409171 0.0397284 0.0969394
4 0.125969 0.428396 0.0547625 0.0949323
4 0.943326 0.495961 0.0676052 0.121211
1 0.12534 0.427498 0.0547508 0.0940371
