1 0.873923 0.714913 0.0852472 0.152742
2 0.600892 0.242374 0.0888574 0.277323
1 0.0410312 0.71468 0.0805408 0.154367
1 0.801192 0.525038 0.061438 0.113434
1 0.269921 0.664636 0.0697721 0.125209
1 0.629839 0.738362 0.0745979 0.127554
1 0.628193 0.39373 0.0491907 0.0851871
4 0.126945 0.429719 0.0637272 0.102696
1 0.558104 0.444686 0.0528397 0.100978
4 0.964292 0.405995 0.0635925 0.111075
1 0.266414 0.507537 0.0605566 0.109632
4 0.849826 0.417509 0.0603658 0.094832
1 0.937788 0.496712 0.0685555 0.114179
1 0.416545 0.454808 0.0564645 0.103502
1 0.229097 0.437317 0.0516093 0.0796579
1 0.663569 0.493091 0.0576162 0.111824
1 0.33482 0.404511 0.0568364 0.105002
4 0.0148169 0.395335 0.0296338 0.0947996
1 0.502922 0.633191 0.0684574 0.135999
1 0.0416623 0.932421 0.0833247 0.135159
1 0.74595 0.396687 0.0548616 0.096977
0 0.663803 0.495276 0.0592046 0.112389
0 0.745453 0.394931 0.0585673 0.100678
4 0.938292 0.496968 0.0686439 0.112171
