2 0.487291 0.255697 0.073559 0.26874
1 0.874257 0.71694 0.0816696 0.151812
1 0.0497269 0.70184 0.0868824 0.155881
1 0.640311 0.41192 0.0507376 0.0834631
1 0.797256 0.508331 0.0621371 0.120745
4 0.956705 0.398713 0.0620102 0.107125
1 0.933631 0.511543 0.0661369 0.11113
1 0.275703 0.661479 0.0698576 0.12811
1 0.482891 0.654349 0.0657339 0.15353
1 0.544959 0.45245 0.0532076 0.106215
1 0.268145 0.505388 0.0564831 0.108958
1 0.336561 0.402431 0.0576537 0.104609
1 0.227051 0.444082 0.0467453 0.080291
1 0.413661 0.456542 0.0581549 0.10611
1 0.163063 0.543214 0.0634656 0.108376
1 0.620661 0.743461 0.0744774 0.131579
0 0.659111 0.506078 0.0633974 0.116604
4 0.851768 0.418527 0.0571701 0.0929173
1 0.65944 0.50211 0.0602064 0.119402
4 0.0240937 0.396071 0.0481874 0.112523
1 0.749129 0.398572 0.0547134 0.0989721
0 0.413683 0.458425 0.0602049 0.110676
0 0.620856 0.742135 0.0739277 0.130075
1 0.00933564 0.537715 0.0186713 0.101895
1 0.126571 0.402605 0.0566233 0.10347
4 0.921256 0.941021 0.100294 0.117958
