1 0.0380835 0.698547 0.0757831 0.146671
2 0.856335 0.280231 0.0900891 0.29368
4 0.872561 0.747863 0.0990068 0.156988
4 0.95508 0.404547 0.0605006 0.106354
4 0.273214 0.531618 0.0591954 0.100788
1 0.852199 0.418657 0.0514635 0.0861178
4 0.65507 0.405253 0.0637865 0.102409
1 0.748416 0.38076 0.054455 0.100008
1 0.28269 0.680325 0.0701798 0.127181
1 0.793439 0.520112 0.0623138 0.117854
1 0.92581 0.514645 0.0632969 0.113051
1 0.667417 0.513344 0.0588513 0.112785
1 0.927919 0.912466 0.100994 0.174443
1 0.620872 0.726808 0.0755083 0.148233
1 0.166893 0.526322 0.0683899 0.11468
1 0.00857992 0.52723 0.0171598 0.109503
1 0.0134008 0.391322 0.0268015 0.0859463
4 0.215477 0.434623 0.0503197 0.0963278
1 0.159768 0.35302 0.0529228 0.09661
3 0.502714 0.663628 0.126915 0.419732
0 0.540914 0.435973 0.0499668 0.107545
2 0.161135 0.44513 0.0702551 0.286858
1 0.342286 0.414078 0.0556123 0.101191
2 0.424415 0.483472 0.0631553 0.39079
1 0.540859 0.438304 0.0481693 0.111533
