2 0.491686 0.261633 0.0945066 0.269345
0 0.486793 0.671596 0.0700449 0.156266
1 0.0409474 0.697271 0.0789897 0.139474
1 0.545064 0.465377 0.0542429 0.106384
1 0.794162 0.520451 0.060438 0.117685
1 0.627249 0.735555 0.0772787 0.138774
1 0.159978 0.520279 0.0705807 0.11779
1 0.22949 0.426572 0.053311 0.0856907
0 0.910395 0.924013 0.0966072 0.151974
4 0.843455 0.404723 0.0655141 0.111498
1 0.285577 0.681126 0.0718006 0.131053
1 0.26766 0.505653 0.0599759 0.11061
1 0.64738 0.412392 0.0508513 0.0818321
1 0.334889 0.406369 0.0556016 0.103736
4 0.950117 0.396552 0.0580505 0.0916574
1 0.939835 0.489285 0.0642918 0.116165
1 0.411862 0.463733 0.0580242 0.1106
1 0.0357206 0.927645 0.0711371 0.144709
1 0.67434 0.515795 0.0555064 0.109161
1 0.129411 0.430318 0.051547 0.0896491
4 0.0158721 0.394788 0.0317443 0.0936501
0 0.412066 0.464264 0.0587172 0.113492
1 0.876108 0.7062 0.0835762 0.159107
0 0.875465 0.70602 0.0841881 0.158847
0 0.73972 0.39908 0.0580598 0.0991712
0 0.94088 0.486681 0.0617264 0.11001
