2 0.49101 0.260341 0.0918695 0.267087
1 0.0422344 0.699486 0.0803397 0.139146
1 0.793933 0.519879 0.0593475 0.114833
1 0.627631 0.73536 0.0768354 0.137447
1 0.544472 0.466285 0.0545839 0.106793
1 0.286657 0.680338 0.0704351 0.129543
0 0.486755 0.665532 0.0724972 0.156739
1 0.268825 0.50594 0.0598293 0.110287
4 0.856515 0.40526 0.0702747 0.109126
1 0.649393 0.411925 0.0511702 0.0817023
1 0.231017 0.42778 0.0512201 0.0818283
1 0.168651 0.529902 0.0749987 0.119063
4 0.951325 0.397843 0.0587555 0.0941961
1 0.41175 0.463221 0.057291 0.107443
1 0.334577 0.405772 0.0548674 0.101555
1 0.670359 0.515899 0.0559822 0.107309
1 0.873921 0.707602 0.0834423 0.156999
4 0.0159034 0.391185 0.0318068 0.0888883
4 0.126832 0.428133 0.0527133 0.0872881
0 0.948537 0.928475 0.100163 0.14305
0 0.938933 0.491513 0.0667686 0.119661
0 0.873784 0.707588 0.0862559 0.159111
1 0.938225 0.490289 0.0661167 0.119814
1 0.0381454 0.93635 0.0762907 0.1273
