0 0.264069 0.318397 0.0496438 0.105881
0 0.596153 0.441054 0.0521656 0.117241
0 0.397093 0.317906 0.0413843 0.085031
0 0.865615 0.368135 0.0382256 0.0688071
0 0.960968 0.348303 0.0437688 0.0862517
0 0.352401 0.331064 0.0423312 0.0892814
0 0.451063 0.325762 0.0348976 0.080407
0 0.748328 0.281845 0.0314674 0.0853407
0 0.542433 0.403073 0.0492214 0.109053
0 0.715481 0.26856 0.0332638 0.086888
4 0.813877 0.350918 0.0375495 0.0786484
0 0.483306 0.289775 0.0340643 0.0822732
0 0.905118 0.331479 0.0424184 0.0882162
0 0.668197 0.300404 0.0386871 0.0899405
0 0.417256 0.189339 0.0307524 0.061952
1 0.781071 0.274195 0.0328602 0.0844684
4 0.163461 0.258104 0.0415861 0.0800499
0 0.108172 0.232858 0.0320931 0.0649699
4 0.32056 0.453938 0.0669074 0.1305
1 0.319967 0.454031 0.0666898 0.130107
0 0.410979 0.12736 0.0213058 0.0474854
0 0.492537 0.154502 0.0293827 0.0627672
0 0.0821006 0.18214 0.0307994 0.0527555
0 0.390762 0.117329 0.0204105 0.0454098
0 0.454669 0.551949 0.0570982 0.0999985
0 0.782665 0.275966 0.0324278 0.0892829
1 0.457026 0.165482 0.0302029 0.0640136
0 0.392832 0.169467 0.0242348 0.0557328
0 0.12794 0.179568 0.0269694 0.050904
