0 0.543239 0.407872 0.0475079 0.113736
0 0.404572 0.453382 0.0852689 0.130925
0 0.250931 0.330769 0.0443748 0.100152
0 0.448565 0.303923 0.0412079 0.085793
0 0.303689 0.339693 0.0432039 0.093386
0 0.597566 0.446631 0.0520014 0.115551
0 0.957825 0.334217 0.0416374 0.0847037
0 0.513558 0.30014 0.0414659 0.0752239
4 0.815565 0.350551 0.0375608 0.0803843
0 0.481344 0.173954 0.0296566 0.0611798
0 0.745448 0.273055 0.0319397 0.0793492
0 0.41498 0.189822 0.0290545 0.0594365
0 0.316062 0.168066 0.0276632 0.0583898
0 0.268679 0.156337 0.0261236 0.049063
0 0.903072 0.326485 0.0381195 0.0802968
0 0.113647 0.169901 0.0255657 0.0570516
1 0.0890454 0.236051 0.0280773 0.0625223
0 0.86346 0.372293 0.0354505 0.0672725
0 0.599045 0.212915 0.0416304 0.0732699
1 0.781269 0.276051 0.0320747 0.0799686
0 0.717 0.264875 0.0341896 0.0807277
0 0.19658 0.185367 0.0424228 0.0730142
0 0.363056 0.345826 0.0513678 0.0846242
0 0.564675 0.194764 0.0306025 0.0698929
4 0.141684 0.247872 0.0352525 0.0735463
4 0.147362 0.248858 0.0429111 0.0831464
0 0.782161 0.276103 0.0323888 0.082646
0 0.439575 0.167414 0.02614 0.0527304
4 0.902068 0.327424 0.0378345 0.0825246
0 0.459351 0.137623 0.0237924 0.0539814
0 0.0809299 0.182544 0.0251131 0.0507825
0 0.414579 0.133716 0.0229063 0.0486319
