0 0.550908 0.423763 0.0438572 0.113594
0 0.500218 0.526879 0.0605814 0.105131
0 0.448904 0.319595 0.0425643 0.0869832
0 0.658414 0.236315 0.0453616 0.0918077
0 0.603027 0.438853 0.0484935 0.119647
0 0.95783 0.322611 0.0422756 0.0849823
4 0.344729 0.460814 0.0717621 0.136145
0 0.867571 0.372231 0.0366226 0.0685857
4 0.142109 0.249222 0.036274 0.0717111
0 0.769464 0.221026 0.0357405 0.0775161
0 0.265089 0.323084 0.049724 0.102985
0 0.0577873 0.170092 0.0265263 0.0595968
0 0.746287 0.273963 0.0351026 0.0755837
0 0.417476 0.188499 0.0273972 0.0589662
0 0.112815 0.204282 0.0268287 0.060859
0 0.388874 0.339715 0.0430141 0.0890327
0 0.474242 0.181375 0.0246539 0.0496825
0 0.907849 0.333082 0.0404947 0.0819002
0 0.0858219 0.238566 0.0278006 0.0617887
0 0.396581 0.170427 0.0254006 0.0519448
0 0.0817949 0.176571 0.0239854 0.0556426
4 0.812111 0.349036 0.0426182 0.0843175
0 0.328206 0.157357 0.0242604 0.0481846
0 0.711575 0.26487 0.0375259 0.0789663
0 0.076461 0.174245 0.0263771 0.0544002
4 0.0597685 0.279024 0.0409354 0.0720639
0 0.354321 0.174136 0.0265111 0.0579143
