2 0.548316 0.319073 0.0676844 0.165143
2 0.831177 0.529985 0.100802 0.598309
1 0.187473 0.524682 0.066448 0.158123
1 0.0273723 0.4551 0.0542049 0.115612
1 0.455713 0.463304 0.0500131 0.104585
1 0.0830767 0.379775 0.0432313 0.103826
1 0.116454 0.369132 0.0270096 0.0823486
1 0.681153 0.402884 0.0404713 0.0918896
1 0.326481 0.452124 0.0556268 0.123824
1 0.336104 0.33469 0.0315371 0.0740728
1 0.59671 0.362787 0.0336533 0.0835588
1 0.481668 0.354114 0.0277596 0.0719254
4 0.558468 0.443254 0.0559025 0.104129
1 0.736815 0.377701 0.0386847 0.0855165
1 0.217147 0.437413 0.0438298 0.0875352
1 0.560031 0.440886 0.0562392 0.100787
1 0.39155 0.347561 0.0296122 0.069341
1 0.422289 0.39808 0.0441147 0.085977
1 0.191864 0.345979 0.0329258 0.0612959
0 0.00903972 0.368605 0.0180794 0.0790102
