0 0.540126 0.422764 0.0505106 0.116836
0 0.606813 0.408191 0.0532059 0.116377
0 0.356563 0.476325 0.0683851 0.1269
0 0.448008 0.318609 0.039949 0.0786751
0 0.473196 0.510472 0.0565197 0.10481
0 0.958962 0.322228 0.041933 0.0832423
0 0.661794 0.247851 0.0441076 0.0856934
0 0.869298 0.371018 0.0358667 0.0665193
0 0.478359 0.183415 0.0294024 0.0581972
0 0.263825 0.151335 0.0229928 0.0490672
0 0.404854 0.184659 0.0282767 0.0590872
0 0.750315 0.274262 0.0332127 0.074058
4 0.813074 0.346996 0.0444492 0.0874856
1 0.779449 0.212037 0.0358896 0.0884449
0 0.0634183 0.17067 0.0268632 0.0549136
0 0.130126 0.171952 0.0249158 0.0558091
4 0.13785 0.249501 0.0364084 0.0725251
0 0.356234 0.340636 0.0378719 0.0892719
4 0.0652893 0.284024 0.0434374 0.0749148
0 0.115609 0.199049 0.0279277 0.0579087
4 0.907632 0.336294 0.0383832 0.0811814
0 0.558437 0.204392 0.0301502 0.0622091
0 0.717612 0.324275 0.033082 0.0876795
0 0.399017 0.179723 0.0291907 0.0579594
