0 0.507386 0.427641 0.0510913 0.113339
0 0.452899 0.312949 0.0396272 0.0811793
4 0.893582 0.319979 0.0425648 0.0865947
4 0.357752 0.471682 0.0707217 0.140992
4 0.469894 0.5115 0.0536974 0.10141
0 0.658172 0.232451 0.0463282 0.0895006
0 0.197026 0.282666 0.0438456 0.102041
0 0.598078 0.422129 0.0557849 0.116696
1 0.769721 0.219663 0.0339062 0.0699005
0 0.953041 0.338054 0.0430763 0.0868617
0 0.764489 0.284205 0.03265 0.0712664
4 0.8187 0.345593 0.0443378 0.0900565
0 0.403928 0.18531 0.0275124 0.060372
0 0.056791 0.173717 0.0280309 0.061427
0 0.717127 0.257741 0.0370525 0.0773572
0 0.476345 0.180015 0.0270319 0.0586748
0 0.266825 0.152045 0.0239873 0.0513444
0 0.128622 0.170675 0.0256557 0.0527605
4 0.597894 0.422709 0.0533719 0.116499
0 0.3977 0.182426 0.0287907 0.0595495
0 0.0853762 0.241249 0.0282473 0.0592785
0 0.0813754 0.177852 0.0242618 0.0539471
0 0.0776037 0.175004 0.0265766 0.0562286
0 0.452941 0.171498 0.0278996 0.0568479
0 0.345354 0.183096 0.0305452 0.05986
4 0.062785 0.278978 0.0389698 0.0740653
0 0.334941 0.116555 0.020899 0.0516867
