0 0.621439 0.444708 0.0522162 0.115172
0 0.450148 0.316631 0.0409971 0.0817518
4 0.896971 0.336994 0.044083 0.0867457
0 0.658453 0.243022 0.044905 0.0974058
0 0.504245 0.433687 0.0448076 0.108607
4 0.200054 0.343154 0.0621992 0.217654
4 0.818128 0.354243 0.0434428 0.0876238
0 0.205224 0.286864 0.051004 0.104354
0 0.959594 0.337992 0.0449131 0.0838961
1 0.778842 0.255682 0.0342784 0.0797225
0 0.407356 0.184524 0.0275965 0.0624428
0 0.0582269 0.170509 0.0269815 0.0601985
0 0.0808945 0.243728 0.0270073 0.0610445
4 0.0489596 0.286018 0.0439893 0.0692769
0 0.39162 0.340138 0.0337046 0.085082
1 0.519684 0.152177 0.0275965 0.0605917
0 0.566049 0.216527 0.0343113 0.0739093
0 0.123057 0.241419 0.0344977 0.0754607
1 0.717554 0.262494 0.036614 0.0826503
0 0.399768 0.177463 0.0295069 0.0581155
4 0.429446 0.54535 0.0653495 0.116352
0 0.35794 0.351015 0.0378423 0.0903057
0 0.0479944 0.285543 0.0436659 0.0714801
