0 0.620668 0.447977 0.0520761 0.110815
0 0.44903 0.309917 0.0402655 0.0951148
4 0.81867 0.353476 0.0497139 0.0907355
4 0.897553 0.333794 0.042572 0.0860087
0 0.661679 0.245153 0.0434601 0.0945451
0 0.206906 0.285592 0.0506519 0.104169
0 0.0846755 0.24784 0.0266128 0.0614188
0 0.959059 0.340579 0.0440868 0.0829518
4 0.515248 0.180838 0.0343088 0.125277
1 0.777936 0.253868 0.0348207 0.0786757
4 0.198903 0.342029 0.0604133 0.217692
0 0.50448 0.458554 0.0459818 0.10657
0 0.707563 0.255335 0.037797 0.0889196
0 0.402695 0.166253 0.0271019 0.0510234
0 0.419126 0.199533 0.0268875 0.0565533
4 0.0487582 0.286282 0.0434425 0.0696273
1 0.516699 0.149008 0.0276838 0.0592279
0 0.392676 0.336363 0.0346116 0.0840412
0 0.0609484 0.171806 0.0292092 0.0600675
0 0.365549 0.168498 0.0252814 0.0535232
1 0.455694 0.169329 0.0274846 0.0584378
4 0.433025 0.544346 0.0660246 0.115159
0 0.0478699 0.285814 0.0428789 0.0722027
0 0.129894 0.23588 0.0363809 0.0788288
0 0.566402 0.216014 0.0328299 0.0714518
0 0.0751318 0.176494 0.0299872 0.0590878
4 0.255183 0.149199 0.0242814 0.0538326
0 0.357392 0.353333 0.0384177 0.0908966
