0 0.586051 0.418997 0.0516458 0.117735
0 0.429624 0.509856 0.0683861 0.129754
0 0.0853025 0.246128 0.0264922 0.0655789
0 0.271043 0.314967 0.0491941 0.110505
4 0.897273 0.332867 0.0430962 0.0864301
0 0.480463 0.28953 0.0398529 0.0909291
0 0.0480296 0.285588 0.0399893 0.0758704
0 0.963933 0.346785 0.0452812 0.0897509
0 0.387393 0.119247 0.0252673 0.0544177
0 0.264556 0.151054 0.0240149 0.0492515
0 0.509064 0.418414 0.0541737 0.112073
0 0.653898 0.229451 0.0453959 0.0918348
0 0.361658 0.30359 0.046994 0.0923411
0 0.0828379 0.173957 0.03279 0.0625863
0 0.412036 0.18646 0.028395 0.0663073
1 0.77748 0.253161 0.0338524 0.0745607
0 0.441114 0.301519 0.0385192 0.0836798
4 0.81224 0.348282 0.0452487 0.0933209
0 0.445473 0.181102 0.0311171 0.0629449
0 0.494168 0.147317 0.0298096 0.0677982
0 0.314107 0.150097 0.0226138 0.0508292
0 0.711436 0.265981 0.0423964 0.0902172
4 0.144007 0.246589 0.0349859 0.0847888
0 0.338265 0.167269 0.022178 0.051445
0 0.448205 0.133403 0.0278086 0.0557467
4 0.712234 0.26606 0.0427612 0.0901478
