0 0.592574 0.431178 0.0530664 0.112972
0 0.303938 0.36181 0.0483965 0.103915
0 0.981456 0.321692 0.0369675 0.0849431
4 0.818317 0.34395 0.0508404 0.0898378
0 0.485306 0.276833 0.0396267 0.0915041
0 0.376751 0.314842 0.0505941 0.0974865
0 0.41407 0.192831 0.0270175 0.0576395
0 0.532095 0.172262 0.0298605 0.0702016
0 0.711724 0.268201 0.0358696 0.0814161
1 0.795176 0.25723 0.0319118 0.0754149
0 0.75043 0.269367 0.0353986 0.0837436
0 0.468803 0.187788 0.0294941 0.0586819
4 0.0744862 0.280866 0.0408687 0.070325
0 0.662783 0.228793 0.0450008 0.0793002
0 0.524515 0.422372 0.0498976 0.114181
0 0.44019 0.298629 0.0363119 0.0848998
0 0.431948 0.550414 0.0635954 0.115466
0 0.566314 0.21494 0.0294363 0.0701126
4 0.896749 0.327283 0.0480362 0.0893685
0 0.896964 0.325307 0.0491705 0.0886157
0 0.68428 0.300228 0.0326741 0.0781246
0 0.443311 0.179632 0.0252325 0.0534869
4 0.148505 0.251034 0.0369007 0.0861469
1 0.374609 0.171683 0.0255917 0.0491507
