0 0.555896 0.406805 0.0441076 0.105842
0 0.599975 0.449624 0.0551762 0.112602
0 0.375714 0.320751 0.0478355 0.0921897
0 0.417906 0.469061 0.0659157 0.123032
0 0.432985 0.282688 0.037764 0.0992809
0 0.47118 0.302672 0.0390045 0.0935109
0 0.300171 0.339265 0.0488774 0.106172
0 0.953321 0.363997 0.0457274 0.0796555
4 0.8173 0.35634 0.0423853 0.0844059
0 0.786818 0.270435 0.0345224 0.072986
0 0.531786 0.167345 0.0283675 0.0670244
0 0.75074 0.278251 0.0337064 0.0784349
0 0.404708 0.192474 0.0272099 0.0609525
0 0.707092 0.279788 0.0293463 0.074439
0 0.469349 0.19098 0.0310169 0.062051
0 0.263508 0.149973 0.022753 0.0512267
0 0.681002 0.299501 0.0360094 0.0787226
4 0.477474 0.538826 0.0557404 0.0997637
0 0.904265 0.335635 0.0495615 0.0914805
0 0.44028 0.170225 0.0267246 0.0498849
0 0.658345 0.228749 0.0448824 0.07485
0 0.712674 0.27198 0.0346514 0.0816243
0 0.452116 0.136681 0.0279764 0.0530685
4 0.061775 0.283158 0.0431724 0.0829523
2 0.0693999 0.183971 0.0459199 0.13071
0 0.41996 0.134036 0.0215273 0.0481983
0 0.115924 0.21555 0.0288724 0.0701468
0 0.314046 0.152488 0.023967 0.0518363
0 0.5978 0.216541 0.0372171 0.0704235
