0 0.265944 0.326559 0.0425972 0.0933992
0 0.214542 0.349245 0.043024 0.0949845
0 0.421163 0.516797 0.0635574 0.119487
4 0.897881 0.339682 0.0445419 0.0869634
0 0.813009 0.391895 0.0468249 0.0869682
0 0.963393 0.386441 0.0482681 0.0922421
0 0.465485 0.311076 0.0470689 0.0977741
0 0.533347 0.418933 0.0430722 0.102706
0 0.117258 0.249269 0.0319876 0.0809403
0 0.720819 0.270215 0.0338936 0.0754333
0 0.261254 0.152486 0.0230257 0.0497836
0 0.64512 0.162232 0.0341652 0.0802408
0 0.0578477 0.275641 0.045455 0.0843535
0 0.314555 0.158902 0.0219843 0.0539894
0 0.757675 0.265762 0.0321522 0.0826261
0 0.0763721 0.175309 0.0362005 0.064187
1 0.334988 0.333696 0.0434848 0.0984691
0 0.411647 0.188668 0.0297722 0.0587394
0 0.414261 0.124417 0.0233881 0.0526306
0 0.263602 0.453649 0.0692057 0.147697
0 0.405625 0.292392 0.0413292 0.0931859
1 0.847768 0.358898 0.0330696 0.0665993
0 0.565505 0.225758 0.0304662 0.062189
0 0.583163 0.394621 0.0597055 0.132661
0 0.466889 0.178332 0.0258887 0.0525438
0 0.122788 0.159514 0.028756 0.0649835
0 0.500551 0.151922 0.0309463 0.0657681
0 0.381579 0.14035 0.0261784 0.0563553
0 0.334872 0.333031 0.0446603 0.0983647
2 0.633899 0.64815 0.179186 0.688243
0 0.0962576 0.260289 0.0303176 0.0729169
4 0.790318 0.273906 0.0310852 0.0786205
0 0.337032 0.169222 0.022285 0.0520113
