0 0.509631 0.410686 0.0503332 0.11358
0 0.959233 0.328824 0.0407658 0.0861247
0 0.29128 0.345619 0.0414898 0.0967334
1 0.348148 0.335177 0.036409 0.0942787
0 0.762361 0.272509 0.0371438 0.079076
0 0.91073 0.342421 0.0431747 0.0846735
0 0.610981 0.38284 0.0620037 0.124789
0 0.0857791 0.256279 0.0299314 0.0678074
0 0.397358 0.288008 0.0417347 0.0942855
0 0.464574 0.308394 0.0455854 0.095859
0 0.569356 0.21436 0.0321749 0.0709379
0 0.634805 0.209924 0.0318333 0.0742141
0 0.0307476 0.277785 0.0435634 0.0938586
0 0.129847 0.167496 0.0288632 0.0557583
0 0.41044 0.483022 0.0673468 0.134609
0 0.687771 0.30858 0.0364039 0.0714919
0 0.126816 0.256736 0.0380425 0.105285
4 0.857669 0.337054 0.0372368 0.0796256
2 0.198877 0.342104 0.0685451 0.232639
1 0.341208 0.165319 0.02009 0.044679
1 0.412121 0.175925 0.0275705 0.0588788
0 0.8191 0.337006 0.0401652 0.0819727
1 0.315837 0.159309 0.019475 0.0429573
1 0.794406 0.270308 0.0291035 0.0694168
4 0.199839 0.341655 0.068422 0.234918
0 0.856963 0.334843 0.0388168 0.0830617
0 0.379565 0.171018 0.0256154 0.0561377
0 0.6969 0.256561 0.0397873 0.0600928
4 0.031619 0.277991 0.0433572 0.0899005
