0 0.514139 0.414253 0.0507521 0.119789
0 0.763194 0.281245 0.0311433 0.071024
0 0.402796 0.464707 0.0631676 0.142391
0 0.457189 0.310915 0.0530095 0.0958684
0 0.24244 0.326509 0.0452633 0.103814
0 0.82628 0.339034 0.0525032 0.0945526
0 0.614796 0.384159 0.0634001 0.125846
0 0.961074 0.348618 0.0484135 0.0911487
0 0.50607 0.151375 0.0268018 0.0648666
0 0.634584 0.213066 0.0331535 0.0732778
0 0.688489 0.304915 0.0348611 0.0791632
0 0.569462 0.215739 0.034026 0.0737551
0 0.697626 0.200237 0.0451517 0.0948559
4 0.900561 0.32766 0.0423649 0.0869318
0 0.0857089 0.253072 0.0280631 0.0706426
1 0.29165 0.344911 0.0389927 0.0955432
0 0.599135 0.212258 0.0304452 0.0725263
0 0.796479 0.276225 0.0312084 0.0741265
0 0.116497 0.159912 0.0233146 0.057511
4 0.457852 0.479261 0.03838 0.110814
1 0.357059 0.336636 0.0458048 0.101004
0 0.481955 0.190395 0.0255557 0.0595802
4 0.0205124 0.280379 0.0401486 0.0851118
0 0.438522 0.171183 0.0259489 0.0546969
0 0.410914 0.181579 0.0261965 0.0629373
0 0.291559 0.343431 0.0406608 0.100599
