2 0.617232 0.352722 0.0525566 0.226893
2 0.857165 0.516558 0.0950169 0.549983
1 0.146067 0.517561 0.0749407 0.165365
1 0.32506 0.458934 0.0574833 0.116793
0 0.0248862 0.461606 0.0494727 0.123938
1 0.211216 0.457039 0.0478567 0.102171
0 0.568455 0.463266 0.0490474 0.104097
1 0.485054 0.355731 0.0334372 0.0743362
0 0.0819487 0.395854 0.0412946 0.108316
1 0.679286 0.407373 0.0402883 0.0926796
4 0.470974 0.481367 0.0581057 0.100769
0 0.34269 0.354424 0.0338332 0.0725185
0 0.543479 0.386746 0.0384887 0.0823285
1 0.396629 0.345555 0.0287148 0.0726236
1 0.738381 0.395207 0.0405121 0.088303
4 0.428488 0.425393 0.0454155 0.0894153
