0 0.269867 0.319769 0.0426709 0.0962344
0 0.418972 0.492035 0.0823103 0.146505
0 0.502483 0.394747 0.0469196 0.112821
0 0.458504 0.309747 0.0393282 0.0814793
0 0.957133 0.342314 0.0441495 0.0854065
4 0.212744 0.334159 0.0430047 0.112193
0 0.631736 0.369241 0.0531711 0.124174
0 0.477967 0.18614 0.0299065 0.0633879
4 0.387239 0.308137 0.0438572 0.0836525
4 0.9033 0.339034 0.0369244 0.0818895
0 0.592157 0.437426 0.0384111 0.0916083
0 0.864208 0.371706 0.0379762 0.0676948
1 0.781761 0.259523 0.0288371 0.0706596
0 0.0866656 0.236861 0.0323782 0.0710625
0 0.571254 0.217552 0.0325996 0.0596016
0 0.041967 0.279197 0.041437 0.0737112
0 0.0579245 0.168538 0.0280244 0.0605999
0 0.681954 0.301257 0.0364243 0.0809513
0 0.260686 0.152008 0.0235351 0.0535781
0 0.49361 0.284577 0.0358942 0.0745187
0 0.67421 0.246944 0.0335584 0.0584381
0 0.753552 0.213555 0.0350573 0.0800233
0 0.70872 0.282485 0.0319598 0.0728305
0 0.442156 0.170153 0.0298703 0.0559572
4 0.804954 0.337513 0.043121 0.0899955
0 0.0796235 0.175115 0.0262135 0.0512123
0 0.60348 0.21798 0.0299757 0.0625314
0 0.127982 0.218201 0.0313587 0.064505
0 0.805966 0.33751 0.0441109 0.0977979
