0 0.266948 0.343374 0.0485401 0.105563
0 0.424154 0.509864 0.0748313 0.158858
0 0.44582 0.292732 0.0375011 0.0858205
0 0.957159 0.342915 0.0440704 0.0867888
0 0.201376 0.299892 0.0427876 0.102731
0 0.86502 0.36568 0.0382965 0.0699512
0 0.631293 0.367524 0.0538795 0.122966
0 0.486458 0.286937 0.0405016 0.0805453
0 0.477987 0.186338 0.0296823 0.0607582
0 0.503131 0.396979 0.0479951 0.110685
0 0.68877 0.302597 0.0424947 0.0887265
0 0.0460089 0.284811 0.0410416 0.0802111
1 0.387381 0.178653 0.0249379 0.0547386
0 0.570579 0.215613 0.0316305 0.0600214
0 0.379272 0.309318 0.050233 0.0917345
0 0.67142 0.242687 0.0330899 0.0640775
0 0.594132 0.435989 0.0392463 0.0904969
4 0.90372 0.340043 0.0366631 0.083295
0 0.807268 0.338375 0.0386017 0.0904307
0 0.784133 0.260526 0.0406084 0.0886923
1 0.265897 0.159207 0.0233357 0.0518072
0 0.63334 0.207551 0.0326552 0.0714101
0 0.337131 0.185359 0.0260155 0.0560615
0 0.903167 0.339839 0.0381934 0.0794241
0 0.442722 0.171553 0.0280399 0.0549163
0 0.0828537 0.247035 0.0270788 0.0660842
0 0.109213 0.214762 0.0339221 0.0728073
1 0.78289 0.25957 0.0449348 0.0886485
0 0.602173 0.221178 0.0296178 0.0631658
0 0.0639385 0.164453 0.0299171 0.0635155
