0 0.253211 0.321718 0.0408617 0.099482
0 0.422181 0.531189 0.0748054 0.148251
0 0.534294 0.429257 0.0536257 0.117517
0 0.0882657 0.252192 0.0303988 0.0662358
0 0.480667 0.294602 0.0370749 0.0903117
0 0.201446 0.280698 0.0490864 0.0977719
0 0.952649 0.337363 0.042894 0.0809219
0 0.639902 0.368823 0.0579172 0.124434
0 0.862918 0.371504 0.0351953 0.0667257
4 0.371383 0.310611 0.0530409 0.0928
0 0.445327 0.29596 0.0369144 0.0855501
1 0.388046 0.178602 0.0261076 0.0567221
0 0.47519 0.185963 0.0331539 0.0623265
0 0.039916 0.273434 0.0437256 0.0803427
0 0.114033 0.168343 0.0270508 0.0555733
0 0.560551 0.203211 0.0307003 0.0671385
0 0.0729646 0.171043 0.037019 0.0678012
0 0.809164 0.338714 0.0435873 0.0913257
0 0.739797 0.274712 0.0340482 0.0804268
0 0.469942 0.189478 0.0347468 0.0640301
0 0.898363 0.339791 0.0369747 0.0739113
0 0.683764 0.295897 0.0364611 0.0886052
0 0.337373 0.184743 0.0251376 0.0567496
4 0.190603 0.34783 0.0640629 0.219235
0 0.642771 0.215452 0.0367344 0.0787567
0 0.31509 0.105341 0.0227312 0.0548259
0 0.353433 0.116217 0.0247342 0.0521236
4 0.776812 0.266761 0.037826 0.0840641
0 0.129301 0.220373 0.03062 0.0755568
0 0.598853 0.216839 0.0349479 0.0688628
