0 0.598479 0.421199 0.0473129 0.112483
0 0.517978 0.417439 0.0519123 0.11615
0 0.423414 0.531353 0.0711955 0.143972
0 0.647857 0.369194 0.0551723 0.122738
0 0.949303 0.35308 0.0400509 0.0768591
0 0.255372 0.323923 0.0469499 0.11267
0 0.472569 0.301317 0.039713 0.0825711
0 0.73542 0.270312 0.0364754 0.0852382
0 0.863767 0.371294 0.0367198 0.0676456
0 0.265851 0.153958 0.0227864 0.0511512
0 0.648697 0.215784 0.0443043 0.0930444
4 0.376352 0.313644 0.0514782 0.0936857
0 0.811709 0.342512 0.0435542 0.0868072
0 0.899696 0.345693 0.0367493 0.0761398
0 0.0880354 0.254501 0.0289101 0.0670896
4 0.198449 0.344386 0.0555225 0.19931
0 0.691019 0.255585 0.0351631 0.0680711
0 0.356837 0.162122 0.0225523 0.0542217
0 0.390851 0.181853 0.0305046 0.0633102
1 0.334236 0.174161 0.0260958 0.0640182
0 0.693044 0.302658 0.0335481 0.0653958
0 0.568618 0.206749 0.0321201 0.0689659
0 0.115253 0.171434 0.027026 0.056103
4 0.127458 0.227528 0.0331521 0.0799722
0 0.203442 0.293422 0.0409972 0.101002
4 0.464475 0.182381 0.0404086 0.0829441
0 0.0318904 0.270911 0.0448868 0.082217
1 0.783688 0.262881 0.0353209 0.0794723
0 0.0658385 0.181937 0.0414717 0.0879889
0 0.606509 0.217066 0.0322662 0.0706093
