0 0.442587 0.542456 0.0727381 0.129566
0 0.607012 0.441837 0.054305 0.117959
0 0.258737 0.328769 0.0533294 0.10276
0 0.0855823 0.249759 0.0263673 0.0678048
0 0.491375 0.410406 0.049243 0.115443
4 0.365603 0.302668 0.0487645 0.0974229
0 0.0532653 0.269178 0.0428223 0.0720884
0 0.863864 0.367778 0.0365524 0.0689856
0 0.0867163 0.165769 0.0294782 0.063685
0 0.931539 0.338478 0.0599434 0.0902179
1 0.441237 0.296283 0.0372956 0.0858091
0 0.47742 0.298366 0.038142 0.0922513
0 0.729208 0.268329 0.0365702 0.0763896
4 0.185528 0.339526 0.0611532 0.233452
0 0.68094 0.243451 0.0302586 0.061547
0 0.813164 0.338022 0.0429256 0.0876746
0 0.764283 0.270954 0.0299657 0.0865482
0 0.362061 0.168458 0.0280947 0.0597476
1 0.50914 0.14654 0.0267502 0.0677288
0 0.668101 0.29957 0.0394695 0.0800235
0 0.181439 0.272531 0.047275 0.106741
0 0.573122 0.222495 0.0324867 0.0673577
1 0.795136 0.264422 0.0322685 0.0751698
0 0.660005 0.209581 0.0268734 0.0615266
1 0.320139 0.107966 0.0231952 0.0495585
0 0.897374 0.347393 0.0262806 0.0698761
0 0.441342 0.29502 0.0397987 0.0902145
0 0.481908 0.167489 0.0266914 0.0651837
0 0.361483 0.111416 0.0237055 0.048206
4 0.541717 0.167881 0.0302947 0.0677225
0 0.63658 0.224277 0.026461 0.059369
