4 0.384738 0.306656 0.0501786 0.0962686
0 0.489058 0.407066 0.0504578 0.116052
0 0.442161 0.551448 0.0773148 0.140507
0 0.467082 0.297924 0.0454086 0.0917697
0 0.601387 0.447633 0.0604349 0.114493
0 0.0883689 0.255739 0.0290804 0.0657418
0 0.761593 0.274158 0.0304057 0.0830393
0 0.927664 0.341482 0.0662946 0.0909544
0 0.863964 0.366866 0.0374565 0.070266
0 0.0865433 0.171615 0.0339496 0.073293
0 0.255551 0.323348 0.0499449 0.104208
0 0.363821 0.165897 0.0279879 0.0615553
0 0.176941 0.276751 0.0481775 0.106906
0 0.679291 0.308813 0.0397888 0.0826191
0 0.0542406 0.269306 0.0427992 0.0726788
0 0.812946 0.339139 0.0436701 0.0912459
4 0.549585 0.179195 0.0341122 0.0696299
0 0.726645 0.267887 0.0360036 0.0820912
0 0.654805 0.21351 0.0284338 0.0712371
0 0.356959 0.112743 0.0251863 0.0490949
1 0.318201 0.108764 0.0209229 0.0474326
0 0.573887 0.225805 0.0294806 0.0627513
4 0.392971 0.191069 0.0365572 0.091658
4 0.176814 0.340771 0.0590081 0.233049
1 0.50343 0.1475 0.027634 0.0670424
0 0.447349 0.297732 0.0326481 0.0832867
0 0.787517 0.269235 0.0277977 0.0745618
0 0.691473 0.257621 0.0322446 0.0682396
0 0.322594 0.160565 0.0266456 0.0557573
0 0.607167 0.212284 0.0329598 0.0694492
0 0.455869 0.295944 0.0476858 0.0905438
