4 0.364984 0.469383 0.0631035 0.127409
0 0.238897 0.370401 0.0414814 0.0850572
0 0.470566 0.297926 0.0361566 0.0791484
4 0.886764 0.32263 0.0373112 0.0852709
0 0.599979 0.448723 0.0576607 0.115521
0 0.0818584 0.257239 0.0322244 0.0654093
4 0.371523 0.304091 0.0496886 0.0979704
1 0.790491 0.24707 0.0300083 0.0753542
0 0.267325 0.156105 0.0227072 0.0498153
0 0.0477816 0.287487 0.046194 0.0906623
0 0.76107 0.273499 0.0349331 0.0779144
0 0.302622 0.320505 0.0480071 0.100084
0 0.434391 0.294094 0.0333218 0.0890029
4 0.812856 0.338618 0.0435461 0.0921686
0 0.652827 0.219287 0.0298374 0.0684563
0 0.612057 0.220256 0.0351494 0.0693018
0 0.571748 0.218873 0.0328155 0.0682283
0 0.930604 0.328554 0.0570244 0.107742
0 0.506184 0.430385 0.0578438 0.121979
0 0.115695 0.221489 0.0283606 0.0675841
0 0.389261 0.174838 0.0265994 0.0549549
0 0.0800993 0.135569 0.035292 0.065561
0 0.416288 0.176772 0.0247686 0.0551544
1 0.410932 0.434647 0.0435169 0.112126
0 0.692071 0.301041 0.0403681 0.086111
