0 0.368441 0.326872 0.0447773 0.0901495
4 0.887299 0.32087 0.036845 0.0857881
0 0.603534 0.453763 0.0587366 0.114583
0 0.409929 0.49829 0.0713243 0.140261
0 0.524557 0.510475 0.0560341 0.108245
0 0.230913 0.352729 0.0428566 0.0998871
4 0.810717 0.351629 0.0476898 0.0834517
0 0.787873 0.264822 0.0327417 0.0696603
0 0.494179 0.417451 0.054301 0.103802
0 0.666742 0.310911 0.0342171 0.0743256
4 0.0569327 0.284581 0.0480896 0.0787155
0 0.754313 0.222387 0.0378529 0.081907
0 0.0905862 0.14091 0.0373725 0.0741803
0 0.927831 0.324392 0.0472496 0.0994333
1 0.29682 0.325825 0.0465231 0.0955047
0 0.690164 0.271842 0.026806 0.0698585
0 0.716756 0.271545 0.0311987 0.0739727
0 0.610731 0.219979 0.0353847 0.0687944
0 0.447182 0.308488 0.0485029 0.104864
0 0.393073 0.175173 0.0277399 0.0546119
0 0.120725 0.223207 0.0335989 0.0759204
1 0.528208 0.166322 0.0271898 0.0699914
0 0.0877123 0.254066 0.0271354 0.0646918
4 0.820268 0.345623 0.0464905 0.0856875
0 0.270224 0.140598 0.0273644 0.0591369
0 0.126212 0.23056 0.0372613 0.0746808
0 0.476628 0.170129 0.0293788 0.0662896
1 0.717182 0.276714 0.0295864 0.0789134
0 0.648579 0.199618 0.0317121 0.0724239
0 0.560483 0.216435 0.0332246 0.0682436
0 0.455338 0.305276 0.0571093 0.0997495
