1 0.871862 0.732349 0.0774593 0.145477
1 0.772789 0.517457 0.0616333 0.114133
1 0.630553 0.398488 0.0544617 0.0927007
1 0.638207 0.738412 0.0748527 0.130205
1 0.526278 0.462421 0.0533962 0.101622
1 0.398922 0.489942 0.0534415 0.108645
1 0.261668 0.641491 0.0738547 0.135596
1 0.0543654 0.706176 0.082421 0.148583
4 0.939277 0.388985 0.0618057 0.103144
1 0.966909 0.538603 0.0657455 0.125193
1 0.844377 0.525188 0.0604217 0.11084
0 0.730908 0.387579 0.0560362 0.0964298
1 0.640208 0.500318 0.0544832 0.104545
4 0.869611 0.923936 0.106281 0.152128
2 0.366507 0.270746 0.0660849 0.312112
1 0.499641 0.649815 0.0622377 0.115772
1 0.830349 0.40202 0.0602907 0.0921973
1 0.131925 0.339686 0.0523987 0.0998769
0 0.499069 0.652291 0.0634437 0.120341
2 0.213902 0.394848 0.0827478 0.231516
1 0.139784 0.551057 0.0746636 0.104462
0 0.641434 0.503422 0.0559186 0.110053
0 0.053784 0.707995 0.0816768 0.148447
4 0.830409 0.401825 0.0592861 0.0904903
1 0.730668 0.387777 0.0571344 0.0945309
0 0.844486 0.525666 0.0602978 0.110518
1 0.0241008 0.320602 0.0476552 0.104667
