1 0.882554 0.732317 0.0803749 0.143744
1 0.140374 0.448669 0.0729171 0.127156
1 0.293764 0.680133 0.072041 0.129036
1 0.0492685 0.687159 0.0795037 0.143039
1 0.635757 0.408861 0.0545627 0.0859233
1 0.479664 0.639958 0.0742028 0.130845
1 0.964507 0.521801 0.0683589 0.114152
4 0.941144 0.395567 0.0672377 0.110939
1 0.630563 0.751939 0.0760854 0.130081
1 0.815955 0.527213 0.0559817 0.0932649
1 0.647198 0.508544 0.0584699 0.112785
1 0.251984 0.438153 0.0534115 0.108027
4 0.734954 0.402072 0.0624277 0.102368
4 0.526343 0.446954 0.0614854 0.106733
4 0.826202 0.421018 0.0580324 0.0914731
1 0.82797 0.419865 0.0595802 0.088908
1 0.524932 0.447998 0.0615284 0.112102
1 0.0130451 0.411512 0.0258935 0.0978109
2 0.364407 0.263394 0.0611081 0.308206
0 0.0485385 0.927722 0.0966246 0.144557
