2 0.503121 0.248148 0.0704763 0.269986
1 0.13086 0.44719 0.0693514 0.128633
1 0.797356 0.518239 0.0612667 0.11981
1 0.303791 0.677256 0.0658323 0.128002
1 0.87538 0.743529 0.0826782 0.141227
1 0.635642 0.408569 0.0562145 0.0888911
0 0.923404 0.513988 0.0668636 0.12268
4 0.950153 0.405939 0.0637526 0.0978935
1 0.532524 0.450808 0.0537024 0.104611
4 0.642262 0.744169 0.0863931 0.145749
1 0.0507001 0.694323 0.0768149 0.138239
1 0.492473 0.631798 0.063309 0.12905
1 0.889254 0.926827 0.100248 0.146347
0 0.730915 0.401725 0.0596634 0.100874
1 0.244292 0.441973 0.0545589 0.109651
4 0.827959 0.419904 0.0587297 0.0910446
1 0.644255 0.512351 0.0607134 0.117332
0 0.644323 0.51227 0.0600159 0.116185
1 0.316655 0.395083 0.0395516 0.0903079
1 0.0127565 0.421395 0.0255129 0.0998955
1 0.35618 0.366311 0.048509 0.110321
1 0.0365027 0.929613 0.0730055 0.140774
0 0.354155 0.363355 0.0509774 0.108567
1 0.730036 0.403484 0.0616216 0.0998436
0 0.244993 0.443339 0.0552498 0.111705
