1 0.871627 0.728875 0.0790944 0.148101
1 0.0602966 0.69081 0.0818555 0.144528
0 0.468924 0.642441 0.0764797 0.149834
2 0.704197 0.293394 0.0797571 0.315857
1 0.80567 0.495032 0.0646395 0.116225
1 0.652162 0.732941 0.076506 0.141562
1 0.63655 0.414348 0.0494324 0.0818948
1 0.258282 0.524902 0.0571756 0.0994329
1 0.2868 0.67251 0.0748042 0.13534
4 0.943533 0.399571 0.0628002 0.105565
1 0.230045 0.429627 0.0549481 0.0858657
4 0.133835 0.424718 0.0558609 0.0902553
1 0.647758 0.518497 0.060902 0.111028
1 0.0295465 0.926056 0.059093 0.143704
1 0.732742 0.391768 0.0474214 0.0922853
4 0.0214568 0.392557 0.0429136 0.102325
1 0.405647 0.506276 0.0523294 0.106243
1 0.521179 0.481857 0.0602907 0.111575
1 0.825422 0.399791 0.0578222 0.0914989
1 0.330972 0.410933 0.0550949 0.0921015
0 0.520961 0.482265 0.0561472 0.110698
1 0.964761 0.51753 0.0695373 0.118883
0 0.00986284 0.517016 0.0197257 0.0899732
1 0.0967737 0.511956 0.0588019 0.0869364
4 0.96515 0.516601 0.0673022 0.110312
4 0.825356 0.399486 0.0578439 0.0912379
