0 0.465596 0.514057 0.0752159 0.136831
2 0.551466 0.453953 0.0914614 0.438994
1 0.677725 0.532525 0.0661048 0.13674
1 0.0414655 0.506929 0.0691542 0.119927
1 0.173191 0.45861 0.0506795 0.0914912
1 0.287777 0.497631 0.075661 0.127917
1 0.642565 0.441763 0.0469051 0.0868388
1 0.882053 0.498733 0.0732353 0.138767
1 0.386794 0.471608 0.0556519 0.102274
2 0.458098 0.37154 0.0666029 0.221461
1 0.242837 0.403151 0.0400732 0.0848555
1 0.749608 0.434435 0.0424374 0.0797638
4 0.0764201 0.455475 0.0496975 0.100797
1 0.330197 0.420006 0.0405534 0.0890581
1 0.0770279 0.455388 0.051879 0.100253
