2 0.557786 0.266026 0.0806282 0.239221
1 0.269098 0.524021 0.0541924 0.0966765
1 0.107165 0.543644 0.0691604 0.114829
1 0.631851 0.41772 0.050605 0.0825061
1 0.526304 0.474743 0.054658 0.101957
1 0.653159 0.542833 0.0580251 0.113211
1 0.0559442 0.712364 0.0767473 0.145342
1 0.287392 0.69214 0.0730107 0.141212
1 0.940125 0.527221 0.0665789 0.106937
1 0.398962 0.496514 0.056658 0.111242
0 0.523363 0.651553 0.074312 0.150057
1 0.332972 0.403878 0.0560974 0.100206
1 0.794519 0.545167 0.0602585 0.111021
1 0.226236 0.438984 0.0517169 0.072718
0 0.734456 0.384158 0.0501183 0.0868374
1 0.917326 0.749115 0.0958572 0.171573
1 0.116039 0.437494 0.0564319 0.0903352
1 0.928557 0.40907 0.0610146 0.0883766
1 0.629418 0.727517 0.0802966 0.140346
4 0.816905 0.410789 0.0508463 0.0787921
4 0.0204349 0.389944 0.0408697 0.0972091
3 0.625392 0.707214 0.0934243 0.213344
0 0.795182 0.545435 0.0607056 0.115222
0 0.285269 0.691068 0.0734708 0.14345
0 0.91767 0.747852 0.0977513 0.177119
1 0.0271521 0.934689 0.0543043 0.130621
