0 0.211193 0.570137 0.0543638 0.0735433
0 0.831734 0.484808 0.0462852 0.0625494
0 0.241678 0.510022 0.043845 0.0623947
0 0.579669 0.580013 0.0610895 0.0821382
0 0.426728 0.55888 0.0522127 0.0746663
0 0.874293 0.549689 0.0513179 0.0712695
0 0.0547537 0.594477 0.0571498 0.0754819
0 0.113829 0.507479 0.0488135 0.0738925
0 0.51857 0.446728 0.0382845 0.0524608
0 0.77109 0.444551 0.0353532 0.0493717
2 0.596281 0.401922 0.0749945 0.21286
0 0.7212 0.505042 0.0428641 0.0646836
0 0.549179 0.495522 0.0491594 0.0641903
0 0.765716 0.545321 0.0537966 0.0767553
0 0.426536 0.494284 0.0435692 0.0512378
0 0.215995 0.366959 0.0360483 0.0546235
0 0.421233 0.432292 0.0367071 0.0531471
0 0.721405 0.385945 0.0352776 0.0541902
0 0.67418 0.439068 0.0445293 0.0597885
0 0.185689 0.403604 0.0338678 0.0553314
0 0.415785 0.377228 0.0323228 0.0472525
0 0.2766 0.384653 0.0354682 0.0500469
1 0.671908 0.344219 0.0309828 0.047551
0 0.502752 0.40572 0.0320699 0.0461342
4 0.500789 0.357302 0.0407627 0.0496003
0 0.152762 0.435369 0.0418146 0.0628466
0 0.250769 0.432081 0.0401468 0.0546349
0 0.640944 0.37959 0.0356973 0.0548971
