0 0.646218 0.798178 0.0816936 0.10565
0 0.905048 0.698915 0.0870473 0.102252
0 0.393458 0.603487 0.0861515 0.0851827
0 0.408343 0.802938 0.0979068 0.11057
0 0.587515 0.611727 0.0846338 0.0944052
0 0.164922 0.587117 0.0805787 0.0953534
0 0.0934442 0.706882 0.0909874 0.101578
0 0.604165 0.711329 0.0825039 0.0953186
4 0.394548 0.700883 0.0847606 0.110622
1 0.0202431 0.611529 0.0404862 0.0982375
0 0.83428 0.592902 0.0639965 0.0894162
0 0.023133 0.810543 0.0460962 0.089246
0 0.838775 0.506813 0.072168 0.0853128
0 0.988817 0.601811 0.0222343 0.0788934
1 0.0928771 0.709747 0.0929512 0.103066
