2 0.502672 0.436283 0.0992955 0.171078
1 0.650786 0.80235 0.0931654 0.119271
1 0.0913945 0.700651 0.0835288 0.101406
1 0.614247 0.70145 0.07551 0.097764
1 0.9141 0.703929 0.0669699 0.0992899
1 0.407195 0.812655 0.0961496 0.0937702
1 0.583835 0.606099 0.0744882 0.0918432
1 0.401965 0.593039 0.0776866 0.0872242
1 0.398354 0.690372 0.0874827 0.100167
1 0.0193223 0.59782 0.0386446 0.0997417
1 0.161732 0.585021 0.0827349 0.0917962
1 0.836923 0.600709 0.0747977 0.0929172
0 0.836795 0.600716 0.0748851 0.0915084
