0 0.424062 0.591463 0.0588129 0.0788201
0 0.0548201 0.609871 0.0609478 0.0729536
0 0.420538 0.515453 0.0456656 0.061764
0 0.215166 0.610218 0.069469 0.0845653
0 0.24952 0.519851 0.047831 0.0612489
0 0.519776 0.443669 0.0412685 0.0554318
0 0.544897 0.505053 0.0478613 0.0648052
0 0.582074 0.581785 0.0580911 0.0817296
0 0.778796 0.43259 0.034431 0.0547644
0 0.841617 0.495678 0.0501775 0.0655885
0 0.188827 0.397017 0.0357212 0.0523813
0 0.673656 0.446447 0.0424673 0.0622013
0 0.152395 0.442268 0.0430969 0.0593918
0 0.218887 0.358642 0.0373768 0.0568535
0 0.892977 0.580105 0.0612442 0.0733378
0 0.608239 0.364353 0.0315649 0.0481689
0 0.716614 0.496444 0.0425835 0.0685729
0 0.506074 0.380501 0.0313534 0.0456327
0 0.421614 0.38222 0.03566 0.0513456
0 0.676128 0.353169 0.0368765 0.0531515
0 0.280049 0.391537 0.0323228 0.0523843
0 0.420468 0.440695 0.0403563 0.0565503
0 0.256295 0.43623 0.0423423 0.0541711
0 0.640166 0.402173 0.0407639 0.058704
0 0.120568 0.502493 0.0484125 0.0706749
0 0.723735 0.392714 0.0365866 0.0541948
2 0.726803 0.68955 0.15361 0.377904
0 0.30344 0.363984 0.0325995 0.0496573
0 0.496423 0.343807 0.0323454 0.0457691
