0 0.0533757 0.610093 0.0599532 0.0741155
0 0.42436 0.592537 0.05907 0.0776943
0 0.422266 0.517175 0.0458135 0.0629287
0 0.58365 0.580128 0.0618441 0.0915044
0 0.25188 0.52258 0.0435487 0.0586547
0 0.84228 0.494497 0.0495416 0.0661631
0 0.519093 0.444873 0.0390247 0.0562622
0 0.221922 0.361155 0.0382281 0.0562253
0 0.672859 0.445515 0.0435753 0.0622941
0 0.55205 0.497255 0.0517496 0.0628804
0 0.893747 0.579872 0.0592962 0.0728853
0 0.208041 0.585669 0.0617166 0.0816352
0 0.716782 0.496148 0.043263 0.0683892
0 0.151843 0.441734 0.043273 0.0586965
0 0.501947 0.381399 0.0340078 0.0479448
0 0.189808 0.402441 0.0370052 0.0557138
0 0.279169 0.398487 0.0352655 0.0521068
0 0.420432 0.382758 0.0359041 0.0510147
0 0.675276 0.355053 0.03919 0.0552982
0 0.607156 0.36413 0.0318598 0.046771
0 0.419427 0.441949 0.038172 0.056548
0 0.256141 0.437802 0.0419022 0.0545723
0 0.123408 0.503875 0.0481923 0.0725234
0 0.778017 0.429057 0.0335977 0.0533082
0 0.635907 0.40347 0.0408836 0.0589702
0 0.725573 0.391217 0.0353737 0.0576389
0 0.299143 0.366424 0.0318358 0.0474423
2 0.72491 0.687026 0.154318 0.375007
