2 0.466799 0.446156 0.0932089 0.407651
2 0.793979 0.621078 0.0939476 0.724626
0 0.20999 0.576276 0.0742972 0.159406
1 0.373897 0.50314 0.0654804 0.132416
1 0.109038 0.421411 0.0480989 0.109433
0 0.0648203 0.518725 0.0658703 0.134344
1 0.6142 0.494453 0.0535529 0.104054
1 0.655515 0.41651 0.0353091 0.0826914
1 0.323146 0.421013 0.0369376 0.0871021
1 0.370702 0.391418 0.0341405 0.0744487
1 0.522653 0.399347 0.032637 0.0747058
1 0.719968 0.447454 0.0459962 0.103313
1 0.0157744 0.420476 0.0315488 0.103216
0 0.0152572 0.420631 0.0305144 0.102572
1 0.586853 0.419024 0.0436213 0.0895014
0 0.586386 0.419132 0.0425049 0.0882558
