2 0.28245 0.660905 0.145589 0.38992
0 0.428644 0.586281 0.060816 0.0831363
0 0.427505 0.509384 0.0413701 0.056466
0 0.060521 0.597314 0.0538363 0.0746297
0 0.58302 0.575028 0.0495958 0.0749709
0 0.11758 0.511767 0.0480416 0.0669259
0 0.89105 0.56935 0.0604614 0.07358
0 0.553406 0.489268 0.0482708 0.0618616
0 0.840835 0.496942 0.0541397 0.0686829
0 0.721424 0.485773 0.0446621 0.0646007
0 0.151544 0.437516 0.040625 0.0607361
0 0.280234 0.395839 0.0336974 0.050331
0 0.519262 0.445136 0.0360035 0.0517023
0 0.673106 0.442806 0.0405723 0.0611207
0 0.778064 0.547823 0.0536632 0.0729463
0 0.223046 0.357296 0.0371438 0.0586835
0 0.612325 0.358897 0.0318042 0.0456245
0 0.417939 0.384669 0.0341689 0.0497632
0 0.190768 0.41114 0.0332308 0.053928
0 0.41867 0.4415 0.0368076 0.0543694
0 0.720819 0.39728 0.0359587 0.0534805
0 0.506345 0.401816 0.0351248 0.0470295
0 0.255213 0.43307 0.0430577 0.0550078
0 0.638269 0.402526 0.0399532 0.0604288
0 0.30223 0.364068 0.0325061 0.0504764
0 0.678795 0.365574 0.0378127 0.0523344
0 0.207017 0.55744 0.043975 0.0729752
0 0.496802 0.352778 0.0376943 0.0505552
0 0.775416 0.422421 0.0346645 0.0560548
1 0.774476 0.42206 0.0342665 0.055493
