2 0.363778 0.430881 0.0828586 0.273696
0 0.577384 0.547716 0.0516878 0.0789626
0 0.0563356 0.594173 0.0555579 0.079051
0 0.833909 0.490965 0.0490406 0.0643907
0 0.245176 0.513105 0.0452163 0.0640789
0 0.880415 0.554461 0.0492775 0.0681372
0 0.201622 0.598376 0.0597357 0.079869
0 0.78346 0.553934 0.0496151 0.0753935
0 0.730409 0.516216 0.0466501 0.0660679
0 0.120815 0.508976 0.0507636 0.0701551
0 0.421161 0.425458 0.0343897 0.0476884
0 0.149076 0.441032 0.0441716 0.0608922
0 0.51719 0.448454 0.0326429 0.0520238
0 0.721092 0.392617 0.0348334 0.0537591
0 0.669872 0.437041 0.0422986 0.0570653
0 0.215161 0.37292 0.0391434 0.053553
0 0.54718 0.482659 0.041827 0.0638163
0 0.189169 0.412397 0.0366857 0.0551016
0 0.275286 0.39395 0.0365578 0.0541546
1 0.434605 0.539238 0.046925 0.077842
0 0.504723 0.40403 0.0328377 0.0461847
0 0.501872 0.358392 0.0318296 0.0436104
0 0.770599 0.433672 0.0359583 0.0547178
0 0.253071 0.433666 0.0398108 0.0550445
0 0.679384 0.375512 0.0352154 0.0460207
0 0.297447 0.36884 0.0324386 0.0477582
1 0.637133 0.3684 0.0345885 0.0505046
0 0.422057 0.379309 0.0345459 0.0439496
