2 0.561099 0.41716 0.0799919 0.223665
0 0.579417 0.581522 0.0632008 0.0805567
0 0.248684 0.522362 0.0461937 0.062145
0 0.777667 0.554907 0.0527718 0.0797994
0 0.0501992 0.605727 0.0579855 0.079021
0 0.220851 0.603233 0.0589149 0.0770609
0 0.429357 0.569815 0.0581785 0.0835596
0 0.877873 0.536756 0.0486628 0.0763973
0 0.834106 0.48526 0.0450177 0.0614693
0 0.421661 0.49978 0.0457577 0.0572936
0 0.154125 0.442205 0.0431258 0.0600175
0 0.187608 0.406819 0.0334384 0.0529799
0 0.713497 0.487154 0.0432154 0.0633186
0 0.669722 0.437865 0.0369133 0.0568428
0 0.417466 0.381532 0.0323815 0.0475935
0 0.121924 0.506489 0.0507947 0.0717298
0 0.517131 0.444146 0.0345537 0.0473428
0 0.260612 0.440576 0.039907 0.0548285
0 0.27742 0.396038 0.033799 0.0508235
0 0.419182 0.43801 0.0364332 0.0526603
0 0.208138 0.363216 0.0358253 0.0509441
0 0.728 0.396348 0.0324678 0.0526536
0 0.494979 0.363272 0.0347237 0.0472984
0 0.546331 0.486739 0.0422825 0.0601107
0 0.298145 0.364795 0.030435 0.0464618
0 0.685322 0.375096 0.0370656 0.04681
0 0.76895 0.425836 0.0347093 0.0560606
0 0.506047 0.40595 0.0409109 0.0442541
1 0.610606 0.372917 0.0346572 0.0504776
