0 0.245283 0.525998 0.0461987 0.0590938
0 0.580577 0.580758 0.0608986 0.0820223
0 0.878199 0.537318 0.0488534 0.0784086
0 0.428661 0.568146 0.056069 0.0829275
0 0.222235 0.603248 0.0562286 0.0750644
0 0.0498278 0.604754 0.0568388 0.0760858
0 0.259654 0.44095 0.0415133 0.0545514
0 0.710157 0.487302 0.044535 0.0627768
0 0.421309 0.494051 0.0428723 0.0583536
0 0.831818 0.483083 0.0462572 0.0638636
0 0.668651 0.438884 0.0377441 0.0584203
0 0.121801 0.506228 0.047656 0.0720062
0 0.54731 0.480904 0.0422888 0.064023
0 0.41837 0.381055 0.0327706 0.049494
0 0.153233 0.443716 0.0407477 0.0597561
0 0.679739 0.356924 0.0354477 0.0581777
0 0.767029 0.428688 0.0367923 0.0538359
0 0.51742 0.444866 0.0362688 0.0527749
1 0.718647 0.384656 0.0291952 0.0530723
0 0.784152 0.572865 0.0556387 0.0730124
0 0.190162 0.410728 0.0358211 0.0546852
0 0.41955 0.437648 0.0370901 0.0517167
0 0.496454 0.363824 0.0346872 0.0461004
0 0.632514 0.382388 0.0375988 0.0565779
0 0.280026 0.400366 0.0373755 0.0524699
0 0.302165 0.369133 0.0331882 0.050057
0 0.223739 0.37254 0.0410378 0.0516587
2 0.583751 0.400814 0.0760896 0.199453
0 0.512404 0.403928 0.0350307 0.0399853
4 0.78348 0.573205 0.0576858 0.0731063
