2 0.194397 0.376799 0.0668859 0.303513
2 0.802278 0.63512 0.0982162 0.729761
0 0.414993 0.525718 0.0604823 0.151186
0 0.251145 0.569613 0.0710545 0.162932
0 0.554909 0.542019 0.0603748 0.121679
1 0.263825 0.402508 0.0338225 0.0798411
1 0.0255347 0.456603 0.0497571 0.100463
1 0.641082 0.49289 0.0535702 0.10438
1 0.566787 0.414681 0.0341786 0.0767588
0 0.702489 0.432634 0.036005 0.0811488
1 0.498674 0.452858 0.0461508 0.085801
0 0.154426 0.436 0.0415048 0.101835
0 0.376308 0.438903 0.0347729 0.0873796
1 0.118344 0.521102 0.0652447 0.126924
1 0.0627569 0.42361 0.0370726 0.0949276
1 0.62893 0.406306 0.0394173 0.0704444
0 0.116556 0.522153 0.0666467 0.124638
0 0.0647314 0.422914 0.0374407 0.0954385
0 0.420512 0.406442 0.0370462 0.065787
