0 0.246633 0.525358 0.0460175 0.0595746
0 0.580222 0.570844 0.0568245 0.0781369
0 0.220854 0.602383 0.0576173 0.0784614
0 0.832736 0.482994 0.0450467 0.0627787
0 0.423786 0.499194 0.0426281 0.0562015
0 0.0488847 0.604851 0.0558354 0.0716675
0 0.428028 0.57329 0.0582615 0.0843799
0 0.217983 0.360561 0.036021 0.0521332
0 0.259156 0.441434 0.041398 0.0536714
0 0.876521 0.54116 0.0489594 0.072466
0 0.775722 0.538061 0.0504868 0.0807714
0 0.669145 0.439436 0.0362539 0.0582625
0 0.517013 0.44631 0.0360777 0.0529289
0 0.154598 0.442495 0.0418218 0.0601699
0 0.419525 0.429683 0.0337195 0.0483449
0 0.548437 0.481197 0.0411559 0.0628451
0 0.280261 0.40061 0.0375181 0.0517967
0 0.122773 0.50518 0.047398 0.0719519
0 0.190004 0.411656 0.0350557 0.0548863
1 0.708152 0.46584 0.0378151 0.0623381
0 0.417072 0.380914 0.0305023 0.0449033
0 0.72759 0.391652 0.0308983 0.0516206
2 0.575197 0.411174 0.070497 0.203884
0 0.30235 0.370038 0.0324439 0.0504934
0 0.640965 0.382297 0.0387112 0.0557184
1 0.771395 0.423295 0.0324319 0.0561211
0 0.772127 0.422902 0.0333269 0.0564991
0 0.511386 0.404638 0.0366228 0.0437009
0 0.496931 0.356648 0.035431 0.0509879
0 0.682997 0.366856 0.0373825 0.0530251
