1 0.415643 0.81553 0.0883144 0.0960783
1 0.658317 0.807076 0.0907627 0.110242
2 0.445621 0.383957 0.090782 0.213473
1 0.626144 0.698737 0.0771158 0.0942023
1 0.0878026 0.706286 0.0880835 0.102147
1 0.57937 0.610219 0.0740679 0.0972921
1 0.403669 0.594221 0.073448 0.0829228
1 0.398249 0.689109 0.0906902 0.106153
1 0.144502 0.59034 0.0824315 0.0818343
1 0.910084 0.690575 0.0744534 0.0881689
0 0.827634 0.60104 0.0754349 0.0885089
1 0.0183465 0.601313 0.036693 0.101231
1 0.82729 0.601381 0.0767178 0.0900754
