2 0.862371 0.590268 0.100502 0.653416
2 0.651807 0.423787 0.0648564 0.278463
0 0.141393 0.56841 0.0686388 0.156369
0 0.714847 0.439008 0.0431004 0.0895664
1 0.410362 0.5179 0.051325 0.107882
0 0.298096 0.525685 0.0589785 0.141145
0 0.0159613 0.523466 0.0319226 0.12212
0 0.578026 0.406087 0.0352231 0.0860557
0 0.0453666 0.440573 0.0426203 0.101506
1 0.298163 0.388928 0.0328386 0.0763733
1 0.460589 0.391123 0.0298704 0.0705207
1 0.260551 0.418348 0.0351434 0.0827643
1 0.502358 0.410651 0.0369801 0.0762333
1 0.530809 0.488482 0.0526024 0.0998763
1 0.385218 0.437741 0.0437848 0.0808401
1 0.178828 0.418722 0.0343949 0.074537
