2 0.226604 0.53889 0.0795477 0.457579
1 0.312461 0.633922 0.0547779 0.129323
2 0.145019 0.311583 0.045937 0.150779
4 0.960202 0.791229 0.0776352 0.142605
1 0.119281 0.470165 0.0396542 0.0844547
1 0.0617613 0.394132 0.0338201 0.0710588
1 0.446319 0.69166 0.0654522 0.12116
1 0.013079 0.388571 0.0261301 0.0722775
1 0.529781 0.531051 0.0448724 0.111965
4 0.597499 0.466464 0.0449359 0.109079
1 0.0736719 0.568728 0.0495027 0.111341
4 0.939966 0.617599 0.063059 0.121705
1 0.555512 0.286917 0.0273639 0.0579271
4 0.554231 0.408901 0.0396265 0.0829386
1 0.10872 0.356321 0.0232917 0.0581234
1 0.615063 0.317592 0.0248251 0.0614398
1 0.489881 0.460431 0.0359959 0.0829103
1 0.409372 0.519263 0.0439272 0.104253
1 0.943536 0.510517 0.0392437 0.0871972
1 0.495168 0.316777 0.0243493 0.0526065
1 0.932676 0.380482 0.0345491 0.0819034
1 0.911923 0.298874 0.0262492 0.0558206
1 0.695102 0.338901 0.0265031 0.0594759
4 0.641752 0.397174 0.0377614 0.0903768
4 0.798963 0.609513 0.050737 0.107385
4 0.826041 0.423442 0.0439365 0.0886957
1 0.451742 0.354677 0.0275969 0.0574758
1 0.295221 0.301308 0.0252787 0.0498155
1 0.780258 0.762438 0.0713614 0.132065
4 0.671096 0.387559 0.0273519 0.0737153
4 0.295977 0.419082 0.0410802 0.0800576
0 0.382397 0.332808 0.0287894 0.0574566
1 0.440281 0.313112 0.0229645 0.0432699
0 0.587909 0.361587 0.0308001 0.0704554
0 0.847637 0.349061 0.0312088 0.0677882
0 0.821593 0.519324 0.0385452 0.087635
0 0.932246 0.380463 0.0362674 0.0812336
1 0.825977 0.27233 0.0232422 0.0523742
4 0.588091 0.36267 0.0320444 0.0725293
1 0.311867 0.356003 0.031596 0.0566305
0 0.733142 0.310219 0.0253442 0.0484554
4 0.374375 0.394681 0.036725 0.0755104
