2 0.170641 0.550346 0.0839126 0.433788
4 0.764053 0.794573 0.130355 0.20178
1 0.315817 0.630382 0.0584311 0.127125
4 0.957986 0.801353 0.0765367 0.147574
1 0.446582 0.692452 0.0638941 0.120346
1 0.52902 0.527015 0.0431637 0.101978
1 0.558119 0.397949 0.027471 0.0663576
1 0.0630699 0.391534 0.0336437 0.0732099
1 0.311333 0.35564 0.0284616 0.0553253
1 0.0130595 0.391395 0.0260938 0.0769184
1 0.0742522 0.559436 0.0496702 0.105495
1 0.588335 0.358578 0.0272963 0.0642124
1 0.611014 0.317516 0.0255785 0.0618528
1 0.555631 0.286709 0.0266258 0.0553674
4 0.600886 0.465848 0.042836 0.101403
1 0.409724 0.516109 0.0422404 0.102698
1 0.217185 0.457268 0.0367423 0.0746559
1 0.494597 0.315483 0.0237564 0.0520678
1 0.488862 0.459011 0.035187 0.0820854
1 0.940165 0.426794 0.0333508 0.0707043
1 0.295709 0.41919 0.0360845 0.0776428
1 0.382706 0.334771 0.0269567 0.055719
1 0.914203 0.303813 0.0244983 0.0535626
1 0.294471 0.306187 0.0236328 0.0494435
4 0.94448 0.622935 0.0561748 0.11874
1 0.107477 0.35672 0.0254778 0.0662272
1 0.821377 0.51762 0.0354343 0.0849885
1 0.943614 0.509694 0.0402181 0.087274
1 0.695997 0.335897 0.0255778 0.0541637
1 0.438957 0.31355 0.0231577 0.0444574
1 0.224697 0.391765 0.0322961 0.0679774
4 0.796089 0.609795 0.0549502 0.111383
1 0.116844 0.462902 0.0337907 0.0779417
1 0.376523 0.394183 0.0310971 0.0676849
0 0.829313 0.352173 0.0328589 0.0628179
1 0.643491 0.394102 0.0290731 0.0794644
1 0.243881 0.324633 0.0243081 0.0568845
1 0.929275 0.370766 0.0321422 0.0647093
1 0.45149 0.356805 0.0278259 0.0584489
1 0.347019 0.283844 0.0244978 0.04887
4 0.643182 0.396815 0.0328153 0.0878398
1 0.672811 0.382769 0.0274046 0.0663236
1 0.486436 0.258442 0.0228614 0.0447212
1 0.141927 0.291225 0.0452699 0.105843
1 0.828766 0.426824 0.0435727 0.0793138
4 0.671294 0.385385 0.0257756 0.0658584
