2 0.33053 0.635693 0.124677 0.433967
0 0.214789 0.499912 0.0438733 0.0641531
3 0.764214 0.555594 0.0560421 0.0914251
1 0.81863 0.472839 0.0433849 0.0657261
0 0.174748 0.559455 0.0579517 0.0744962
0 0.0750571 0.571936 0.048994 0.0743296
1 0.440468 0.536964 0.0490241 0.0786101
0 0.123811 0.519335 0.0436654 0.0662144
0 0.529184 0.477841 0.0456498 0.0634111
1 0.767536 0.420264 0.0316925 0.0526751
1 0.192156 0.389567 0.0298291 0.0539787
0 0.217299 0.360035 0.034555 0.0551552
1 0.15355 0.424189 0.0391271 0.0609698
1 0.662284 0.418152 0.0307928 0.0508517
1 0.874328 0.535834 0.0428174 0.0693482
1 0.416969 0.340644 0.0325183 0.0476731
1 0.423403 0.409603 0.0321793 0.0492928
1 0.436481 0.470567 0.0361801 0.0564254
1 0.720336 0.384154 0.0324306 0.054438
1 0.49488 0.342701 0.0350706 0.0508258
0 0.543419 0.55165 0.0494928 0.0718648
0 0.258701 0.380118 0.037895 0.0537991
0 0.240743 0.430465 0.0399734 0.0565297
1 0.69375 0.486669 0.0409067 0.0661796
0 0.437197 0.470835 0.0368206 0.0544098
1 0.500517 0.413998 0.0327873 0.0505329
1 0.332192 0.360759 0.0345183 0.0524679
1 0.619016 0.35349 0.0329294 0.0454403
4 0.618414 0.355349 0.0368265 0.0508646
