2 0.330521 0.636116 0.124443 0.435104
0 0.213913 0.500086 0.0429507 0.0639648
0 0.0751993 0.580925 0.0476847 0.0735619
1 0.818158 0.472343 0.0416328 0.0638365
1 0.439951 0.535707 0.0498974 0.0792485
0 0.124839 0.52124 0.0428576 0.0688977
1 0.765753 0.420693 0.0316145 0.053756
0 0.531885 0.482173 0.0439806 0.0635768
1 0.151373 0.425754 0.0428045 0.0623998
1 0.193994 0.391114 0.031578 0.0534433
1 0.417765 0.412663 0.0291775 0.0508917
1 0.255241 0.374348 0.0321547 0.0495319
1 0.543575 0.550866 0.0462414 0.0684247
0 0.217561 0.359256 0.0344328 0.0534774
0 0.241453 0.431475 0.0397903 0.0565241
1 0.493102 0.343609 0.0338007 0.050193
1 0.170842 0.559441 0.0490262 0.0730653
1 0.875807 0.536469 0.0429515 0.0703828
1 0.691677 0.48659 0.040607 0.0654185
1 0.417161 0.339531 0.0308253 0.0433319
1 0.663131 0.416959 0.0316667 0.0541211
1 0.301169 0.34745 0.0342571 0.0514277
3 0.756468 0.539167 0.0476587 0.0702265
1 0.521668 0.390451 0.0276451 0.0439276
1 0.500376 0.414815 0.0317471 0.0473953
1 0.619181 0.354322 0.0329957 0.0460125
0 0.418293 0.413557 0.0324158 0.0510992
0 0.7208 0.381658 0.0368173 0.0611063
0 0.657572 0.354551 0.0318938 0.0472048
1 0.721516 0.383259 0.0376518 0.0624474
1 0.757513 0.539912 0.0477206 0.0740207
