0 0.379705 0.319683 0.0566052 0.0971339
2 0.109109 0.624179 0.155082 0.486262
0 0.855502 0.337788 0.0528308 0.0822766
4 0.970853 0.481501 0.0582933 0.142906
1 0.817474 0.427587 0.0731468 0.11619
0 0.630028 0.18072 0.0450157 0.0631862
1 0.415479 0.401962 0.0609616 0.107987
0 0.516458 0.320562 0.0622359 0.0937327
1 0.571227 0.216313 0.0477754 0.0861697
1 0.517092 0.172299 0.0422151 0.0571548
0 0.861869 0.239859 0.0494072 0.0851138
1 0.445247 0.193359 0.0519798 0.0804477
4 0.817204 0.427304 0.072908 0.115892
1 0.990696 0.259524 0.0186071 0.0669793
1 0.310017 0.382403 0.041337 0.105046
