0 0.382922 0.317646 0.0568768 0.0961777
0 0.856677 0.336316 0.0558802 0.0859196
0 0.520037 0.175281 0.0400569 0.0624741
1 0.414886 0.402503 0.0690014 0.108432
1 0.294079 0.388762 0.0572442 0.107428
0 0.630288 0.180113 0.0451763 0.0626889
1 0.815414 0.419368 0.0749903 0.12112
2 0.0707507 0.60978 0.141501 0.505645
0 0.860769 0.238484 0.052816 0.0839587
1 0.44549 0.193849 0.0505249 0.0790958
4 0.969026 0.481435 0.061949 0.141268
1 0.521021 0.319967 0.06246 0.0996283
0 0.967946 0.480517 0.0641075 0.13941
1 0.57311 0.219257 0.0493851 0.08705
1 0.989941 0.254869 0.0201174 0.0738832
0 0.572616 0.218866 0.0501395 0.0881631
