0 0.51068 0.312306 0.0583282 0.0954443
0 0.382753 0.320366 0.0529115 0.0997474
0 0.854723 0.336158 0.0575726 0.0842263
1 0.277736 0.387661 0.0578714 0.111181
4 0.817788 0.426306 0.0757517 0.117436
0 0.517491 0.17694 0.0381369 0.0659011
1 0.974774 0.484368 0.0504529 0.131252
1 0.818272 0.425752 0.0758887 0.117467
1 0.446536 0.192701 0.0537725 0.0796707
0 0.861037 0.239659 0.0512195 0.0833007
1 0.579799 0.214282 0.0471672 0.0800918
2 0.0695351 0.567079 0.13907 0.596895
1 0.98891 0.242369 0.0221802 0.102778
0 0.431968 0.397544 0.0666535 0.111795
1 0.432412 0.396551 0.0679044 0.114563
