0 0.439199 0.493277 0.0382414 0.0575278
1 0.546554 0.558722 0.0440065 0.0688591
4 0.181305 0.570247 0.0624381 0.0781007
0 0.521158 0.494135 0.0391771 0.0560377
0 0.2578 0.394321 0.0331914 0.0483902
0 0.652555 0.379063 0.0349773 0.0534418
1 0.48947 0.351457 0.0348299 0.0453893
0 0.220095 0.497953 0.044902 0.0642566
1 0.769821 0.420932 0.0317736 0.0574889
0 0.193296 0.404706 0.0336965 0.0539272
0 0.160834 0.442488 0.0374794 0.0596112
0 0.281103 0.367707 0.0349892 0.0509511
1 0.887116 0.540708 0.0470312 0.0716032
1 0.718204 0.386124 0.0330732 0.0557693
0 0.429618 0.551725 0.043567 0.0617142
0 0.424034 0.377492 0.0381654 0.0467549
1 0.0640604 0.571839 0.0537859 0.0738941
1 0.506754 0.427921 0.0325266 0.0501933
0 0.2374 0.43417 0.040129 0.0564062
0 0.225628 0.366997 0.038906 0.0533817
0 0.429473 0.42629 0.0384137 0.0545925
1 0.824767 0.479008 0.0428585 0.0664475
4 0.714447 0.467026 0.0402649 0.0662402
1 0.670051 0.428142 0.0364115 0.054783
0 0.768402 0.531594 0.0465122 0.0727699
1 0.135915 0.503137 0.0399327 0.0617853
1 0.768764 0.532738 0.0477393 0.0722534
