0 0.437522 0.489854 0.038016 0.0514292
0 0.429784 0.546094 0.042063 0.0601587
0 0.179541 0.577677 0.0600357 0.0811503
1 0.547742 0.561572 0.0482683 0.0734411
0 0.075944 0.573768 0.0465702 0.0755331
1 0.493389 0.353261 0.0318559 0.0467342
0 0.160553 0.443006 0.0365348 0.0586766
0 0.283393 0.369063 0.0344532 0.050053
1 0.50616 0.425645 0.0299959 0.0488118
0 0.891201 0.540906 0.0482769 0.0719989
0 0.194511 0.405746 0.0323351 0.0509937
0 0.828019 0.480069 0.0413412 0.0659232
0 0.221765 0.501868 0.048717 0.0658157
1 0.769037 0.417617 0.0327301 0.0584549
0 0.662542 0.377153 0.0362642 0.0539345
0 0.256615 0.390805 0.0357118 0.0470217
1 0.71735 0.387654 0.0334014 0.0557326
0 0.218702 0.364086 0.0369559 0.0506162
0 0.425573 0.377926 0.0345131 0.0467794
0 0.521478 0.494357 0.0398095 0.0560855
1 0.139237 0.500566 0.0388412 0.0611227
1 0.669304 0.428448 0.0373264 0.0548495
0 0.76132 0.521046 0.0474698 0.0746588
0 0.428632 0.427506 0.0369921 0.0562137
1 0.430717 0.338653 0.033073 0.0442464
1 0.239341 0.430972 0.036108 0.0507207
1 0.712347 0.468489 0.0363728 0.0671862
1 0.761037 0.520179 0.0461693 0.0757824
0 0.474838 0.557709 0.0538255 0.0791904
4 0.222264 0.501925 0.0506854 0.0670971
1 0.626773 0.35833 0.0340415 0.048001
