0 0.436657 0.492078 0.0388216 0.0542836
1 0.547298 0.561152 0.0476549 0.0714095
0 0.428089 0.548328 0.0451096 0.063181
0 0.519368 0.494928 0.0385597 0.0540258
1 0.490979 0.355545 0.0334432 0.047295
0 0.194238 0.407664 0.0339027 0.0520722
0 0.160263 0.442449 0.0352419 0.0579986
0 0.218861 0.36089 0.0366159 0.0534998
0 0.826026 0.481598 0.0444629 0.0648577
1 0.760462 0.519583 0.0446877 0.0746364
1 0.768511 0.417708 0.0329044 0.05681
0 0.256334 0.388532 0.0344431 0.0482377
1 0.431539 0.336811 0.0305222 0.0461646
0 0.180203 0.579083 0.0597618 0.0812049
0 0.222237 0.503726 0.0486362 0.0675162
0 0.424981 0.377955 0.0336793 0.0466937
0 0.239797 0.433501 0.0398323 0.053535
0 0.283171 0.373758 0.0313073 0.0483006
1 0.670039 0.428448 0.0373258 0.0546791
0 0.663568 0.377427 0.0373263 0.0549227
1 0.717568 0.388227 0.0336565 0.0568915
1 0.139479 0.50052 0.0384728 0.0623058
0 0.889988 0.538436 0.0483437 0.0717763
4 0.180997 0.578179 0.0607854 0.0839623
0 0.47377 0.557457 0.0526594 0.0764852
0 0.429458 0.427172 0.0377369 0.0555737
1 0.503471 0.416396 0.0334852 0.0572816
1 0.0677992 0.578333 0.051205 0.0747587
1 0.622896 0.356628 0.0350141 0.0484755
1 0.890003 0.539162 0.0481159 0.0722043
0 0.50188 0.41502 0.0373584 0.0612614
4 0.0679564 0.579818 0.0501113 0.0753164
