0 0.834319 0.489998 0.0439801 0.0657634
0 0.42576 0.550833 0.0480797 0.065913
0 0.525916 0.49435 0.0408311 0.058856
1 0.189099 0.565854 0.0551836 0.0753172
0 0.504758 0.416991 0.0363257 0.0575479
0 0.437654 0.496383 0.0415977 0.0519733
1 0.547066 0.561832 0.0496473 0.0745189
0 0.670427 0.430524 0.0379833 0.0583241
0 0.192996 0.407951 0.0328113 0.0530929
0 0.159995 0.443019 0.0372 0.0593227
1 0.0574101 0.556618 0.0528803 0.074219
1 0.719125 0.387245 0.0318707 0.0553114
0 0.76547 0.52879 0.0470175 0.0746991
1 0.767312 0.419824 0.0334577 0.0597031
1 0.885082 0.540302 0.0456165 0.0679216
0 0.494708 0.355824 0.0340035 0.0497149
0 0.216972 0.370313 0.0319736 0.0508561
0 0.218908 0.496948 0.0475841 0.064443
1 0.239451 0.430052 0.0371472 0.0520359
0 0.281816 0.373952 0.0347721 0.048183
4 0.427478 0.426759 0.0385156 0.0558621
1 0.423731 0.342239 0.0326381 0.0489346
0 0.661951 0.380434 0.0321249 0.0494953
0 0.246246 0.383217 0.0356998 0.0505282
0 0.47754 0.561957 0.0490011 0.0836919
0 0.134684 0.508636 0.0425675 0.0689762
1 0.72101 0.469723 0.0374645 0.0649646
4 0.21912 0.496592 0.0478239 0.0630011
4 0.627337 0.357207 0.0345451 0.0479938
