2 0.663895 0.600422 0.0922253 0.515181
1 0.309594 0.641331 0.0630442 0.133738
2 0.196606 0.434232 0.0775914 0.275904
1 0.451303 0.686381 0.0609178 0.126249
0 0.965057 0.815129 0.069685 0.160818
1 0.559624 0.284225 0.0248741 0.0519481
1 0.5556 0.405517 0.0299955 0.0698686
4 0.940072 0.627244 0.0611364 0.116183
1 0.416026 0.534319 0.0433145 0.0966096
4 0.824966 0.441548 0.0425407 0.0778129
1 0.494167 0.313071 0.0216962 0.0492397
1 0.307631 0.425484 0.0327097 0.0780234
1 0.485366 0.243029 0.0232385 0.0496823
1 0.0760384 0.574135 0.0523016 0.109378
1 0.69288 0.336396 0.0251909 0.0557457
1 0.314248 0.362827 0.0272161 0.0555671
1 0.49301 0.457281 0.0351931 0.082065
1 0.621285 0.344156 0.0261118 0.0661039
1 0.383871 0.335237 0.0269779 0.0540459
1 0.109277 0.361206 0.0291588 0.0665293
1 0.593074 0.366291 0.029108 0.0721817
1 0.930809 0.386998 0.0276903 0.0746741
1 0.438268 0.313044 0.0246225 0.0480494
1 0.064975 0.398752 0.0338469 0.077932
4 0.790632 0.61397 0.0623991 0.119814
0 0.128833 0.475465 0.0439209 0.100157
0 0.530704 0.552564 0.0478852 0.115719
1 0.37707 0.393741 0.0305839 0.0707077
0 0.789611 0.774631 0.0664562 0.142242
0 0.60543 0.475978 0.0352806 0.0868666
0 0.607047 0.289307 0.0242179 0.0518719
1 0.530426 0.552083 0.0478502 0.11357
1 0.943205 0.511976 0.045826 0.08824
1 0.014623 0.390272 0.0292461 0.0841144
1 0.826942 0.274546 0.0224941 0.0515105
1 0.852663 0.304233 0.026683 0.0501406
1 0.790214 0.774515 0.0653365 0.141689
0 0.826021 0.523948 0.0394197 0.0841984
1 0.389936 0.267112 0.0218295 0.0437455
1 0.747218 0.310083 0.0246356 0.0551159
1 0.768894 0.289798 0.0210176 0.0487466
1 0.825784 0.523472 0.0408623 0.0853146
