0 0.434203 0.485752 0.0375061 0.052549
0 0.829182 0.483984 0.044971 0.064326
0 0.221881 0.498127 0.0424316 0.0623954
1 0.547479 0.561905 0.0496653 0.0723751
0 0.521885 0.496204 0.0378168 0.0550572
0 0.670493 0.436439 0.0383682 0.0613827
1 0.75868 0.519965 0.045985 0.0726624
0 0.428248 0.543936 0.0376566 0.0631697
0 0.161006 0.443547 0.0378656 0.061026
1 0.718802 0.386222 0.0340403 0.0555736
1 0.770513 0.424935 0.0337307 0.0567985
0 0.659854 0.382302 0.0379696 0.052707
0 0.254807 0.389164 0.0345263 0.0457767
0 0.136366 0.508083 0.0401955 0.0688588
1 0.0707349 0.559263 0.0509587 0.0777206
1 0.886356 0.537663 0.047005 0.0712528
4 0.488116 0.355351 0.0397648 0.0521916
0 0.281729 0.373966 0.0330857 0.0466719
1 0.238012 0.43155 0.0363471 0.0525056
1 0.182504 0.567605 0.0551122 0.0770097
1 0.427139 0.342705 0.0316669 0.0472857
0 0.502181 0.416475 0.0362904 0.0584452
0 0.183349 0.567625 0.054741 0.0758139
1 0.19593 0.402202 0.0323669 0.0518285
0 0.426621 0.426644 0.0372734 0.0564374
0 0.220589 0.37093 0.0350729 0.0508121
4 0.426401 0.426874 0.0370405 0.0568162
0 0.195638 0.402807 0.0342741 0.0528442
0 0.612485 0.351783 0.0344126 0.0499828
