1 0.0710135 0.686148 0.0914735 0.106139
0 0.592161 0.710461 0.0920425 0.100306
1 0.443402 0.604051 0.0676805 0.0867453
0 0.86644 0.606912 0.0698517 0.0839853
0 0.63377 0.807374 0.0990054 0.112197
0 0.14307 0.613212 0.0771568 0.0938872
1 0.572147 0.617323 0.0664669 0.0859042
0 0.430008 0.810654 0.0977373 0.104065
1 0.947364 0.702462 0.0796684 0.0991845
4 0.572452 0.617774 0.0644005 0.0823171
0 0.542518 0.534407 0.0489677 0.0815846
1 0.633399 0.806651 0.102497 0.110266
1 0.144007 0.613475 0.0777424 0.0927935
0 0.0138734 0.602416 0.0277469 0.0953206
0 0.945466 0.702401 0.0818782 0.099034
0 0.433569 0.705026 0.0993485 0.112329
