0 0.591792 0.712351 0.0928931 0.0971597
1 0.443756 0.606648 0.0706001 0.086101
0 0.156661 0.588962 0.0773069 0.0895058
2 0.585555 0.550382 0.101426 0.172679
1 0.636354 0.806901 0.0989266 0.106752
0 0.636128 0.806748 0.0961942 0.106437
4 0.0789752 0.693991 0.101382 0.117534
0 0.429634 0.806783 0.0962386 0.110769
1 0.580835 0.6125 0.070446 0.0868972
1 0.439023 0.706898 0.0846174 0.0963346
1 0.866247 0.610459 0.0707501 0.0826728
1 0.950123 0.686154 0.0786694 0.0996177
2 0.580762 0.548449 0.0826024 0.137402
1 0.0128546 0.599204 0.0256889 0.0988052
0 0.580238 0.612771 0.069194 0.0868593
0 0.437484 0.709729 0.0922441 0.103349
