2 0.669374 0.582177 0.122853 0.280561
0 0.581078 0.714001 0.0758471 0.0846965
1 0.154319 0.597434 0.076938 0.0824945
4 0.434774 0.603344 0.0697483 0.0979241
0 0.628392 0.80204 0.0959673 0.110189
0 0.437497 0.699082 0.0863476 0.0806345
1 0.602187 0.617383 0.0687296 0.0928663
0 0.870811 0.61358 0.0679547 0.0868193
0 0.421781 0.812326 0.098177 0.0936854
4 0.962295 0.701282 0.0753078 0.107851
1 0.87085 0.614745 0.067258 0.0882137
1 0.0145925 0.601427 0.029185 0.104558
4 0.0886105 0.688049 0.0996742 0.10712
