0 0.579073 0.710939 0.0796939 0.0974765
1 0.419203 0.601252 0.0657471 0.0786834
2 0.664351 0.609504 0.12627 0.309747
1 0.582861 0.611163 0.0727623 0.0908098
0 0.629939 0.807264 0.0951034 0.0997474
1 0.0860959 0.683788 0.0905904 0.104209
0 0.866391 0.615918 0.0773023 0.0885358
0 0.458229 0.708717 0.0831182 0.101304
1 0.415548 0.820597 0.0953351 0.0928288
1 0.16121 0.603269 0.0726928 0.0867316
1 0.011907 0.601362 0.0238139 0.085417
0 0.415704 0.820269 0.0953269 0.091148
1 0.631303 0.806029 0.0943569 0.0994205
1 0.867851 0.616458 0.0790259 0.0883315
4 0.160748 0.602482 0.0704796 0.0877223
4 0.948943 0.700263 0.0794684 0.0931649
