2 0.662653 0.591799 0.12712 0.297615
1 0.088022 0.680012 0.0881741 0.101852
4 0.957881 0.699807 0.0814171 0.0915051
0 0.578138 0.714493 0.0843266 0.098234
0 0.625249 0.804895 0.0886633 0.10566
4 0.420905 0.604138 0.0688547 0.0951147
1 0.580971 0.611679 0.075227 0.0922215
1 0.158779 0.593892 0.075324 0.0887486
1 0.865486 0.611051 0.0695637 0.0818493
4 0.0157367 0.599977 0.0313105 0.095331
0 0.864607 0.610641 0.0710548 0.0819847
1 0.43455 0.685905 0.0647478 0.0738132
1 0.409988 0.819577 0.0918663 0.0845066
