1 0.0838989 0.713805 0.090724 0.10464
2 0.665134 0.606082 0.130684 0.319988
1 0.583498 0.611009 0.0736595 0.0893066
4 0.425199 0.607696 0.0706092 0.0941324
0 0.626516 0.805492 0.0904718 0.107622
1 0.865779 0.60958 0.0694368 0.0827133
1 0.140677 0.599026 0.0836574 0.0962925
1 0.582827 0.710877 0.0879012 0.0959046
0 0.581831 0.712576 0.0870485 0.0950613
0 0.140649 0.597833 0.0828095 0.0918947
1 0.0148862 0.5991 0.0297723 0.0927261
4 0.957811 0.702462 0.0736688 0.0888769
1 0.408809 0.818888 0.0924628 0.0841018
0 0.444809 0.692101 0.0777365 0.074701
0 0.865019 0.610155 0.0706841 0.0817471
