2 0.664435 0.606192 0.128379 0.342522
0 0.575009 0.710614 0.0834215 0.0996494
4 0.426656 0.60521 0.0690006 0.0871908
1 0.0829096 0.731842 0.0972046 0.10814
1 0.629133 0.805446 0.0940979 0.106771
1 0.581644 0.611426 0.0773426 0.0957699
0 0.864605 0.608878 0.0750622 0.0835942
0 0.946818 0.701871 0.0885689 0.0957303
1 0.153641 0.600035 0.0811554 0.0867741
1 0.0122554 0.598449 0.0244835 0.0899653
0 0.152945 0.599971 0.0811778 0.0867379
1 0.866126 0.609434 0.0740065 0.0856562
0 0.410104 0.810996 0.0914642 0.0935139
0 0.434796 0.694225 0.0814419 0.0925908
4 0.947344 0.703149 0.086451 0.0994136
4 0.434094 0.699778 0.0812988 0.0981588
