0 0.571948 0.712524 0.0856583 0.0986903
2 0.662384 0.602901 0.123424 0.335637
1 0.0756176 0.719269 0.0913122 0.106624
4 0.164868 0.605596 0.0924142 0.102114
1 0.582885 0.612128 0.0785411 0.0933783
4 0.873654 0.615848 0.0770116 0.0984926
4 0.420846 0.604201 0.0703574 0.095898
1 0.635514 0.812001 0.0931534 0.100928
1 0.022027 0.592883 0.0440539 0.108541
1 0.94667 0.707269 0.0786206 0.106559
1 0.020165 0.814233 0.0401654 0.089146
0 0.438678 0.68917 0.0742985 0.0734504
0 0.40864 0.818423 0.0896328 0.0888258
