2 0.664553 0.603027 0.12337 0.343652
0 0.572971 0.712069 0.0811032 0.0916151
4 0.424861 0.607798 0.0710221 0.0930128
1 0.58171 0.61103 0.076487 0.0898964
4 0.163725 0.605451 0.0905813 0.0996428
1 0.0810855 0.729744 0.0884162 0.104612
1 0.862689 0.606625 0.0755472 0.084382
1 0.629679 0.809972 0.0948401 0.0983894
0 0.862349 0.606558 0.0762111 0.0831991
1 0.0203967 0.5896 0.0407934 0.100372
4 0.948434 0.709947 0.0861137 0.106739
0 0.948662 0.70857 0.0835109 0.104736
0 0.439551 0.692998 0.0777338 0.0833716
1 0.989625 0.622283 0.0205432 0.0941621
0 0.439354 0.707775 0.0870396 0.110453
