2 0.329211 0.672776 0.145137 0.37879
0 0.562098 0.555922 0.049954 0.0734148
0 0.224172 0.503664 0.0410549 0.064214
0 0.186759 0.574574 0.0531254 0.0777607
0 0.522588 0.497439 0.0402756 0.0574452
0 0.0739035 0.590503 0.0497635 0.077482
0 0.260763 0.391592 0.0368544 0.0513811
0 0.825172 0.479251 0.043457 0.0646472
0 0.134292 0.516418 0.0479654 0.0648074
1 0.769345 0.424593 0.0297255 0.0559126
1 0.435752 0.545426 0.0449496 0.0804812
0 0.233684 0.436066 0.0409353 0.0523675
0 0.614413 0.353202 0.0341746 0.0498192
0 0.775193 0.551838 0.0561848 0.0859211
0 0.155003 0.435346 0.0405534 0.063067
1 0.418286 0.372322 0.0314034 0.0478836
1 0.705607 0.478521 0.0378111 0.0609334
1 0.723411 0.386503 0.0325211 0.0559555
1 0.511866 0.42617 0.0354644 0.0497891
0 0.653324 0.378791 0.03757 0.0553548
0 0.893932 0.540547 0.0481543 0.0713954
1 0.426628 0.33218 0.027342 0.0382762
0 0.48745 0.360555 0.0345698 0.0461681
1 0.669092 0.430529 0.0354019 0.0554549
1 0.428474 0.426634 0.0341142 0.0530891
1 0.893897 0.540569 0.0478937 0.072993
0 0.196695 0.405953 0.0344982 0.0527072
0 0.443758 0.489126 0.038328 0.0495971
0 0.295578 0.373544 0.03559 0.0495731
0 0.221234 0.3724 0.0370423 0.0498754
