2 0.329311 0.672129 0.146015 0.379416
0 0.56315 0.55691 0.0503044 0.0768397
0 0.827865 0.484383 0.0455612 0.0632591
0 0.0738888 0.590682 0.0503096 0.0765497
0 0.523178 0.496798 0.041016 0.060754
0 0.187027 0.573264 0.0539166 0.0779715
1 0.768048 0.423217 0.0305845 0.0512639
0 0.259095 0.391229 0.0354601 0.0515087
0 0.614464 0.353768 0.0341307 0.0504525
1 0.419021 0.372599 0.0321392 0.0477387
0 0.232479 0.498684 0.0441109 0.0630928
1 0.719557 0.387097 0.0335912 0.0566484
0 0.652978 0.37801 0.039125 0.0589246
0 0.233285 0.435762 0.0404308 0.0531837
1 0.435568 0.546091 0.0456016 0.0842712
1 0.707219 0.477882 0.0376831 0.0615233
4 0.775277 0.553389 0.055551 0.0831718
0 0.134206 0.51775 0.0476796 0.0651365
1 0.154809 0.428988 0.0392456 0.0629568
1 0.893245 0.540917 0.0470018 0.070149
1 0.42623 0.425274 0.0342655 0.0513985
0 0.196404 0.406109 0.0340219 0.0520785
0 0.507044 0.421998 0.0367011 0.0572392
1 0.669656 0.430657 0.0367632 0.0553865
1 0.427017 0.335947 0.0303587 0.040666
0 0.292795 0.372709 0.0349974 0.0496196
1 0.196197 0.405884 0.0331578 0.0534322
0 0.220185 0.370582 0.0361427 0.0484889
0 0.487542 0.362402 0.0353242 0.045071
0 0.446082 0.489389 0.03923 0.0521203
