2 0.601683 0.42407 0.0753494 0.236403
0 0.824943 0.488765 0.0465802 0.0659916
0 0.53238 0.502649 0.0420598 0.059647
0 0.780089 0.557373 0.0595739 0.0790855
4 0.0749637 0.574491 0.0547948 0.0765045
0 0.567479 0.556221 0.0460342 0.072613
1 0.511992 0.42747 0.0308762 0.0472259
0 0.226583 0.360727 0.0367941 0.0552102
0 0.668119 0.430467 0.0340527 0.0531938
1 0.719217 0.385998 0.0324326 0.0526381
4 0.232414 0.483095 0.0504785 0.0690768
0 0.886266 0.540032 0.0513569 0.0724736
1 0.27373 0.38416 0.0338572 0.053165
4 0.412148 0.551108 0.0478887 0.0846636
1 0.152543 0.430053 0.0383767 0.0615188
1 0.491782 0.351689 0.0331024 0.0445169
1 0.767493 0.42478 0.0373613 0.0551471
1 0.210889 0.565376 0.0450186 0.0684005
1 0.703305 0.482759 0.039914 0.0594677
0 0.44791 0.499733 0.0394812 0.0624575
0 0.418426 0.376161 0.0325302 0.0454568
1 0.247165 0.421739 0.0340001 0.0510097
1 0.194681 0.405752 0.0332783 0.0547495
1 0.130215 0.494813 0.0465027 0.0660039
4 0.129759 0.495759 0.0476761 0.0659484
4 0.425142 0.428249 0.03925 0.0543841
1 0.448503 0.500282 0.039354 0.0623843
0 0.662405 0.369542 0.0292882 0.0438599
4 0.510899 0.385298 0.0326048 0.0405989
0 0.64418 0.382756 0.0325932 0.0463
