0 0.824209 0.488721 0.047908 0.0656777
0 0.778352 0.558529 0.0585341 0.0788745
0 0.532654 0.504705 0.0406162 0.0581808
0 0.230251 0.367398 0.0379368 0.0536766
1 0.0747783 0.57126 0.0494334 0.0769501
1 0.719833 0.386096 0.0326711 0.0531584
4 0.131335 0.500105 0.0508235 0.0689006
1 0.49075 0.350936 0.0335533 0.0470644
0 0.209605 0.565665 0.0472875 0.0704828
1 0.51518 0.427912 0.0335123 0.0496158
1 0.565426 0.550201 0.0381369 0.0612532
1 0.151761 0.429417 0.0394037 0.0611305
0 0.226165 0.479972 0.0426366 0.0672191
0 0.669573 0.432975 0.0373683 0.057017
1 0.417204 0.535931 0.0475559 0.072957
0 0.267957 0.392543 0.0370427 0.0526263
0 0.64414 0.386766 0.0309953 0.0487006
0 0.296852 0.371472 0.0363781 0.0491252
1 0.247514 0.421608 0.0323882 0.0514365
0 0.66297 0.367769 0.0302347 0.0433952
4 0.426122 0.429718 0.0404663 0.0557483
1 0.892901 0.536074 0.0523282 0.0753686
0 0.448889 0.498558 0.0379942 0.0583284
1 0.765599 0.42544 0.0383766 0.0549096
1 0.418895 0.377169 0.0325736 0.0468343
1 0.194876 0.407121 0.0341142 0.0540308
1 0.703721 0.484473 0.040664 0.0596522
4 0.76536 0.425514 0.0415841 0.057971
4 0.510571 0.387623 0.0368222 0.0421688
