2 0.463477 0.518525 0.0847601 0.278178
2 0.576048 0.462703 0.0951603 0.256208
1 0.649992 0.808284 0.0904336 0.12705
1 0.917495 0.678288 0.0883814 0.0988788
1 0.593321 0.611576 0.0746921 0.0866239
1 0.588811 0.706879 0.0799335 0.101741
1 0.404633 0.815357 0.0933106 0.0958631
0 0.160018 0.599062 0.0902505 0.0942812
1 0.390347 0.691656 0.0785111 0.0933332
0 0.088126 0.730466 0.0912793 0.105141
1 0.83533 0.599498 0.0806186 0.0888207
1 0.0885641 0.730877 0.0926066 0.103631
1 0.158722 0.600061 0.0913262 0.0967083
