2 0.473133 0.516171 0.0838225 0.27186
2 0.543924 0.48384 0.0794721 0.30453
1 0.657645 0.805931 0.0914585 0.11566
1 0.606368 0.701866 0.0820753 0.10211
1 0.585706 0.602791 0.0744083 0.0870657
1 0.931736 0.675105 0.0773935 0.0904515
1 0.413214 0.686892 0.0777883 0.0907257
0 0.0849544 0.730753 0.0915251 0.103001
1 0.405527 0.819927 0.0913067 0.0890401
1 0.157409 0.601341 0.0846452 0.0898876
1 0.0852206 0.730559 0.0921505 0.102995
1 0.0130484 0.591459 0.0260052 0.0860581
1 0.835963 0.60365 0.0807833 0.0887194
4 0.835266 0.60646 0.0779522 0.0892608
