1 0.910759 0.671201 0.0776619 0.0900899
2 0.556782 0.479689 0.0912035 0.323249
2 0.456362 0.514259 0.0692818 0.211074
1 0.588551 0.609413 0.0819965 0.0889694
1 0.648969 0.806466 0.0879951 0.112986
1 0.407306 0.592647 0.0702104 0.0828606
1 0.594975 0.706694 0.0828551 0.0916742
0 0.0869665 0.724571 0.0919626 0.103912
1 0.830288 0.600098 0.0781685 0.0896432
1 0.412853 0.822637 0.0910776 0.0950113
1 0.160247 0.607013 0.0837904 0.0871408
1 0.0207202 0.796014 0.0414152 0.111155
1 0.0171656 0.592621 0.0343313 0.101472
0 0.0196219 0.796518 0.0387094 0.11006
