2 0.80391 0.463254 0.168117 0.453623
0 0.209049 0.591058 0.0683725 0.127372
4 0.500731 0.494176 0.0547106 0.110519
0 0.59287 0.346294 0.0370932 0.0779838
0 0.64604 0.298192 0.0379322 0.0766538
4 0.308058 0.526993 0.0594328 0.114233
1 0.460916 0.231874 0.0378851 0.0697728
4 0.11965 0.44497 0.0469654 0.113068
4 0.681283 0.376289 0.044545 0.0822924
1 0.305879 0.434105 0.0446198 0.0764848
1 0.212388 0.310576 0.0311248 0.0691572
4 0.695987 0.308087 0.0331804 0.062239
0 0.527071 0.281753 0.0346291 0.0719959
4 0.961841 0.421122 0.0551086 0.0971195
0 0.0980186 0.282437 0.0352981 0.074364
4 0.137992 0.299603 0.037123 0.0731569
1 0.274915 0.353342 0.0435358 0.0840154
1 0.574041 0.273444 0.0302342 0.0642301
1 0.332605 0.353637 0.0318274 0.0604931
4 0.296472 0.297079 0.0384028 0.0628309
4 0.156448 0.224837 0.0296379 0.0532257
1 0.148727 0.386473 0.0390519 0.087731
1 0.253256 0.270445 0.0289286 0.0585538
4 0.273218 0.352707 0.0431108 0.082314
1 0.215412 0.223854 0.0264455 0.0604579
1 0.120675 0.434765 0.044077 0.0951291
0 0.105454 0.223473 0.0295651 0.0506277
1 0.763668 0.345966 0.0455132 0.0968819
1 0.195758 0.218541 0.0232843 0.0527329
