2 0.227791 0.44822 0.0782677 0.37617
1 0.0431853 0.892026 0.0863706 0.15541
1 0.632688 0.699798 0.0544947 0.10527
1 0.36353 0.567236 0.0567698 0.0966799
1 0.636333 0.863562 0.073073 0.136402
1 0.166045 0.710626 0.0716365 0.114308
1 0.861968 0.873166 0.0837078 0.149476
1 0.318913 0.68214 0.0594817 0.108354
1 0.239889 0.863359 0.0910614 0.137857
1 0.216949 0.614035 0.0570399 0.0949695
4 0.785563 0.735003 0.0650371 0.114858
1 0.754887 0.604921 0.0594704 0.0921299
1 0.627578 0.584279 0.0590878 0.100089
4 0.97724 0.611299 0.0452244 0.0994636
1 0.0109159 0.585618 0.0218318 0.107079
