1 0.0445375 0.890918 0.0890751 0.151659
1 0.632762 0.699958 0.0542005 0.105036
2 0.23311 0.440053 0.081838 0.36901
1 0.365276 0.567141 0.0556344 0.0941486
1 0.635641 0.864438 0.0733449 0.135714
1 0.241905 0.861628 0.0909935 0.13736
1 0.318904 0.685331 0.0592982 0.108138
4 0.785799 0.735307 0.0642965 0.112716
1 0.859816 0.873259 0.0839091 0.146513
1 0.234711 0.616711 0.0618476 0.0902688
1 0.627409 0.583024 0.0555918 0.0959705
1 0.754552 0.606034 0.0596157 0.091475
1 0.159812 0.70995 0.0743592 0.110697
4 0.977979 0.610621 0.0438633 0.0993609
1 0.0104149 0.584553 0.0208298 0.101749
