2 0.238034 0.443595 0.0779024 0.373766
1 0.213969 0.612433 0.0579106 0.0939381
1 0.63276 0.700324 0.0536427 0.104164
1 0.0437981 0.887491 0.0875963 0.151727
1 0.634987 0.86348 0.0736471 0.135945
1 0.365234 0.567073 0.0550629 0.0939957
1 0.317762 0.686991 0.0592446 0.108105
1 0.241901 0.861682 0.0876607 0.135449
1 0.859331 0.872855 0.0826393 0.14654
4 0.786094 0.735037 0.0638252 0.112579
1 0.62767 0.583021 0.0571419 0.0960941
1 0.171339 0.712794 0.0713627 0.116217
1 0.754052 0.606171 0.0602539 0.091949
1 0.978606 0.610304 0.04268 0.0961721
1 0.0105195 0.584772 0.0210389 0.103801
4 0.978539 0.610117 0.0427589 0.0970506
