2 0.169106 0.505158 0.105865 0.364822
1 0.854114 0.855722 0.0805454 0.145862
1 0.640711 0.709547 0.0551728 0.100459
1 0.635725 0.873608 0.0727525 0.128038
4 0.779556 0.753673 0.0621403 0.0994832
1 0.0446492 0.890954 0.0878299 0.147522
1 0.372046 0.57302 0.0532455 0.0942063
1 0.251798 0.602739 0.0544446 0.0816327
1 0.244898 0.864853 0.0866506 0.139873
1 0.319189 0.678091 0.0556591 0.089048
4 0.974928 0.614713 0.0501293 0.0983795
1 0.630957 0.582031 0.0553695 0.0899819
1 0.75833 0.591782 0.0602301 0.0911359
4 0.164305 0.686902 0.0789364 0.104468
1 0.00997938 0.590639 0.0199588 0.0963039
1 0.163193 0.686573 0.0758301 0.102681
