2 0.60269 0.477798 0.0579306 0.301158
4 0.0438382 0.952615 0.0876151 0.0916975
4 0.653668 0.6628 0.0701607 0.109827
2 0.943218 0.585917 0.0686615 0.574257
1 0.512439 0.685953 0.058778 0.105223
4 0.434423 0.598753 0.052434 0.0824413
4 0.0976902 0.703858 0.0650805 0.0994265
1 0.86149 0.394707 0.03722 0.0668772
1 0.705768 0.47631 0.0435845 0.0672869
4 0.237826 0.844453 0.0799034 0.111223
4 0.235818 0.634308 0.0598056 0.0875461
1 0.899499 0.529079 0.0420914 0.0697019
4 0.531586 0.556766 0.0535672 0.0831153
1 0.0168708 0.491271 0.0333581 0.0695011
1 0.73293 0.332591 0.0238686 0.0550015
1 0.199505 0.485382 0.0375159 0.0655149
4 0.207339 0.551724 0.0409785 0.0713149
1 0.52968 0.381158 0.0285273 0.0528042
1 0.765374 0.3701 0.0250948 0.0539208
1 0.692819 0.339281 0.0239039 0.0522772
4 0.0909041 0.585377 0.0506701 0.0818381
1 0.154393 0.408672 0.0302955 0.0630511
4 0.381015 0.497869 0.0470022 0.0781999
1 0.661956 0.403304 0.0309664 0.0586262
1 0.494277 0.350742 0.0330248 0.0656151
4 0.337136 0.441792 0.0361945 0.0662657
1 0.0852075 0.491805 0.0361163 0.0752049
1 0.762241 0.451337 0.0375323 0.0640912
1 0.906937 0.384828 0.0283546 0.0641708
4 0.407647 0.426264 0.0355771 0.0667799
1 0.470492 0.478143 0.0402847 0.0733236
1 0.671297 0.313888 0.0259025 0.0563099
1 0.801894 0.353071 0.0281394 0.0614578
1 0.631024 0.324706 0.0257814 0.057907
1 0.98862 0.46409 0.0226067 0.07367
1 0.296465 0.414156 0.0363475 0.0615207
4 0.369155 0.392644 0.033549 0.0587114
1 0.178386 0.457854 0.027367 0.0620962
4 0.0894756 0.428651 0.0338571 0.0614377
1 0.540097 0.347876 0.0248165 0.0530542
4 0.790508 0.515963 0.062047 0.0968779
