2 0.7642 0.465058 0.0620489 0.268074
0 0.885582 0.877603 0.066967 0.127126
0 0.354621 0.641373 0.0505857 0.107354
0 0.719283 0.777322 0.0496665 0.120278
0 0.491742 0.572824 0.0432649 0.0842278
0 0.216572 0.604576 0.0418743 0.0882387
0 0.938783 0.516308 0.0312521 0.0600296
0 0.785298 0.625981 0.0440548 0.105837
0 0.466961 0.717703 0.0516993 0.11624
0 0.923057 0.682011 0.0500729 0.0911673
0 0.162521 0.595359 0.0405595 0.0772553
0 0.0564691 0.545353 0.0394362 0.0763109
0 0.584844 0.594967 0.0441502 0.0855785
0 0.571975 0.488571 0.0352877 0.0678442
0 0.455304 0.481055 0.0363287 0.0696341
0 0.521697 0.424231 0.0308955 0.0645146
0 0.0156478 0.527116 0.0311481 0.0647775
0 0.144863 0.462074 0.0327761 0.065481
0 0.928235 0.461899 0.0294655 0.0674297
0 0.824433 0.557204 0.0315956 0.0798176
0 0.197269 0.481285 0.0335929 0.0694013
0 0.294155 0.442493 0.0348115 0.05863
0 0.409472 0.386977 0.0236502 0.0535134
0 0.254713 0.423309 0.0313806 0.0659004
0 0.854074 0.492576 0.0311024 0.0669106
0 0.337173 0.407004 0.03016 0.0596568
0 0.650147 0.528904 0.0343062 0.0770719
0 0.405251 0.463581 0.0306938 0.0692976
0 0.913103 0.574866 0.0377407 0.0763618
0 0.445117 0.400662 0.025223 0.05389
0 0.635467 0.443367 0.0282281 0.0607795
0 0.629765 0.379707 0.0232386 0.0536601
0 0.699935 0.458059 0.0310307 0.0708089
0 0.460908 0.364745 0.0234867 0.0509863
0 0.380372 0.397263 0.0272053 0.0579617
0 0.574037 0.417529 0.0297781 0.0524955
0 0.728089 0.430838 0.0265206 0.0625142
0 0.662239 0.413371 0.0241591 0.0580622
0 0.476894 0.424416 0.029144 0.059551
0 0.362818 0.506695 0.0419561 0.083745
0 0.502914 0.369199 0.0261358 0.0543654
