1 0.180293 0.811948 0.0742366 0.142205
1 0.251545 0.680896 0.0562745 0.0977078
1 0.334742 0.564647 0.0421779 0.0842418
1 0.439117 0.544117 0.0451773 0.0778859
1 0.297003 0.597313 0.0507304 0.0910553
1 0.402604 0.694459 0.0595517 0.102871
1 0.857023 0.831211 0.0731193 0.125963
2 0.877438 0.63134 0.094708 0.387795
1 0.349903 0.855598 0.0795492 0.157229
1 0.800022 0.699118 0.0541084 0.104034
1 0.0723372 0.63063 0.0476714 0.0878904
1 0.963782 0.615538 0.0470903 0.0926227
1 0.419448 0.611209 0.0518953 0.0847544
1 0.990704 0.565454 0.0183937 0.0770704
2 0.662381 0.686169 0.123549 0.462952
4 0.155913 0.562701 0.0476581 0.078761
0 0.349818 0.857324 0.0794565 0.160435
1 0.685585 0.526818 0.0635561 0.141905
1 0.60759 0.555132 0.0372375 0.0729665
1 0.0462147 0.556092 0.0472649 0.0767242
