1 0.8546 0.831126 0.0748405 0.135594
1 0.144817 0.813811 0.0789209 0.137119
2 0.784159 0.508642 0.076783 0.287898
1 0.249394 0.682182 0.056534 0.103
1 0.660711 0.804935 0.0777303 0.136401
1 0.352129 0.683067 0.054006 0.100841
1 0.344365 0.811421 0.078506 0.151352
4 0.899697 0.557652 0.0436897 0.0790327
1 0.29478 0.594644 0.0493692 0.0880077
1 0.790535 0.696497 0.0511767 0.0900778
1 0.648457 0.687645 0.0560397 0.113245
2 0.410478 0.597135 0.0760159 0.279684
1 0.333011 0.561463 0.0434995 0.0899456
4 0.155272 0.566596 0.0542547 0.0828088
1 0.0712198 0.627516 0.0482245 0.0913045
1 0.703593 0.560888 0.0442739 0.0807038
4 0.963059 0.604351 0.0492474 0.0960036
1 0.734549 0.620202 0.0404098 0.0769035
1 0.629534 0.595632 0.042915 0.0818454
1 0.607925 0.557365 0.0370545 0.0783308
1 0.44629 0.549259 0.0331155 0.0846581
1 0.467039 0.59304 0.0301674 0.0697255
1 0.00910997 0.667802 0.0182199 0.12871
