0 0.89167 0.879098 0.0642158 0.122127
0 0.358132 0.67582 0.0631416 0.103601
0 0.486737 0.579854 0.0474208 0.0843345
0 0.797947 0.649078 0.0439507 0.0945353
0 0.488218 0.714172 0.0480884 0.108574
0 0.934198 0.518832 0.0332108 0.0618283
0 0.916524 0.683743 0.0493571 0.0986217
0 0.594145 0.617828 0.0432368 0.0851564
2 0.491208 0.372202 0.0437083 0.11202
0 0.292336 0.531513 0.0330591 0.0632695
0 0.827618 0.566193 0.0343411 0.0759517
0 0.223238 0.618637 0.0413625 0.0779852
0 0.147351 0.591237 0.0393438 0.0814865
0 0.188397 0.49204 0.0365318 0.0658927
0 0.355631 0.531518 0.037351 0.0773539
0 0.152168 0.461657 0.0327472 0.0655195
0 0.562551 0.520041 0.0394179 0.0700228
0 0.636822 0.470422 0.0303706 0.0558674
0 0.2948 0.445676 0.0339577 0.0598772
0 0.408826 0.391874 0.0275448 0.0536247
0 0.243014 0.450645 0.0350744 0.0637906
0 0.927536 0.593161 0.0383438 0.0747899
0 0.64469 0.534752 0.0342802 0.0762219
0 0.458396 0.494022 0.0346504 0.0659531
0 0.0187933 0.526815 0.034782 0.0668364
0 0.847547 0.496565 0.0364548 0.0648276
0 0.330959 0.415878 0.029816 0.0552311
0 0.521614 0.455364 0.0317675 0.059582
0 0.39795 0.484914 0.0324506 0.0704991
0 0.462286 0.375865 0.0205468 0.0523722
0 0.477148 0.435149 0.0272808 0.0552041
0 0.573611 0.43537 0.0320454 0.0538244
0 0.732891 0.449038 0.0278738 0.0606228
0 0.443426 0.406735 0.0239666 0.0533145
0 0.520838 0.439682 0.0279016 0.0644258
0 0.655852 0.384902 0.0223955 0.0506833
0 0.385828 0.42743 0.0354202 0.0572598
0 0.666354 0.443767 0.0276701 0.0535937
0 0.693818 0.415735 0.0248901 0.0529293
0 0.580614 0.395568 0.0266113 0.0432513
0 0.628146 0.38165 0.0234358 0.046465
0 0.870499 0.445073 0.0330637 0.0577521
