1 0.845354 0.8237 0.0714603 0.127547
1 0.220575 0.689097 0.060696 0.108518
2 0.57649 0.427258 0.060784 0.215265
1 0.343366 0.827822 0.0774625 0.144912
1 0.34003 0.562027 0.0430169 0.0829266
1 0.183494 0.796075 0.070917 0.128711
1 0.390761 0.695467 0.0578302 0.101053
1 0.659689 0.794645 0.0690565 0.129091
1 0.437753 0.543574 0.0451729 0.0804445
1 0.292144 0.59529 0.0514847 0.0950468
1 0.789274 0.702093 0.058828 0.10284
1 0.713639 0.555816 0.0428349 0.0742656
1 0.418732 0.614746 0.0504709 0.086747
1 0.0718737 0.630867 0.0473364 0.0885878
1 0.647882 0.688283 0.0584984 0.110949
4 0.890531 0.56487 0.0441282 0.0803748
1 0.748 0.622744 0.0435043 0.0820594
1 0.00895245 0.669772 0.0178531 0.109194
4 0.960876 0.609819 0.0457059 0.0961067
1 0.624659 0.600586 0.0409272 0.0851132
1 0.0448235 0.559852 0.0460071 0.0787533
1 0.149892 0.550478 0.0435339 0.0749795
1 0.960852 0.612066 0.0460381 0.101386
1 0.991752 0.574995 0.0163925 0.0691681
