1 0.847969 0.82521 0.0728189 0.127872
2 0.574535 0.427342 0.0647667 0.21611
1 0.212991 0.690352 0.0581615 0.104555
1 0.184577 0.794277 0.0723891 0.128913
1 0.363545 0.803191 0.0712376 0.146615
1 0.389341 0.694785 0.0570065 0.0982649
1 0.437633 0.544916 0.0445635 0.0820311
1 0.340027 0.562443 0.043356 0.0840078
1 0.657994 0.793068 0.0749929 0.129853
1 0.713862 0.555048 0.0430992 0.0739697
1 0.073017 0.628329 0.0477348 0.0889175
1 0.648064 0.685387 0.0595324 0.109229
1 0.29275 0.596167 0.0509865 0.0969103
1 0.788805 0.702191 0.058709 0.102814
1 0.418993 0.617374 0.0501733 0.0896334
4 0.889966 0.565261 0.0436382 0.0800333
1 0.748597 0.624873 0.0443379 0.0831302
4 0.960782 0.609894 0.0467018 0.0958253
1 0.622807 0.600561 0.0408974 0.0900821
1 0.0441936 0.55953 0.0446267 0.0769348
1 0.149964 0.551396 0.0432619 0.0777842
