1 0.845611 0.824033 0.071063 0.128508
2 0.577343 0.425462 0.0661377 0.218684
1 0.215534 0.689273 0.0578945 0.106302
1 0.366704 0.806355 0.0709286 0.146242
1 0.185265 0.795829 0.0729139 0.130131
1 0.387995 0.694041 0.0571828 0.098006
1 0.339861 0.562622 0.0436295 0.0839522
1 0.664024 0.797409 0.0757368 0.127857
1 0.713896 0.556176 0.0428795 0.0751653
1 0.437433 0.54534 0.0442693 0.0814839
1 0.292926 0.595692 0.0514432 0.0966534
1 0.788779 0.701945 0.059072 0.101604
1 0.649177 0.687851 0.058516 0.111957
1 0.417091 0.616673 0.0501428 0.08907
1 0.0754311 0.631171 0.050159 0.0918045
4 0.889918 0.565057 0.0439995 0.0803152
1 0.748563 0.625078 0.0439326 0.0851707
4 0.961108 0.610093 0.0467152 0.0957189
1 0.00859048 0.663156 0.017181 0.114582
4 0.149039 0.552534 0.0472426 0.080702
1 0.609154 0.555718 0.035928 0.0737032
1 0.625111 0.600599 0.0416359 0.0844103
1 0.0455582 0.561058 0.0458265 0.0784393
4 0.0463671 0.559381 0.048486 0.0805708
