1 0.845829 0.823479 0.0709671 0.128884
1 0.365528 0.805443 0.0724378 0.151786
1 0.21895 0.689019 0.0584364 0.104334
2 0.598304 0.423231 0.0653075 0.206121
1 0.438051 0.543341 0.0448923 0.0805408
1 0.337128 0.563081 0.0438012 0.0861698
1 0.184677 0.797045 0.0723865 0.130563
1 0.663599 0.781401 0.0677545 0.1278
1 0.713607 0.555328 0.0435095 0.0729518
1 0.396388 0.69632 0.0573147 0.0975511
1 0.293425 0.598899 0.0534255 0.100533
1 0.416766 0.616007 0.0486925 0.0838721
1 0.0733853 0.630703 0.0487866 0.0883615
1 0.78825 0.700765 0.0576946 0.100451
1 0.647094 0.686603 0.0576046 0.109755
4 0.889738 0.564896 0.0448695 0.0825034
1 0.747373 0.625419 0.0449263 0.0832844
1 0.962888 0.606284 0.0476189 0.0898483
1 0.624995 0.600864 0.0411718 0.0835385
4 0.0455121 0.560382 0.0470155 0.0784649
4 0.150007 0.552015 0.0485199 0.081622
1 0.612782 0.554214 0.0371498 0.0762804
1 0.990566 0.571125 0.0187798 0.0654207
1 0.00814947 0.682811 0.0162989 0.0916228
