1 0.543685 0.687519 0.082916 0.108575
1 0.36652 0.628269 0.0779715 0.0975548
2 0.552576 0.417891 0.0799795 0.189744
1 0.374868 0.730918 0.0840844 0.113389
1 0.753099 0.684124 0.073571 0.1115
1 0.280307 0.815783 0.101462 0.109177
1 0.547787 0.804999 0.0939453 0.123046
1 0.208804 0.565114 0.0598986 0.0812518
1 0.125454 0.725314 0.0794961 0.109814
1 0.18037 0.639909 0.065407 0.0989695
2 0.675993 0.343222 0.0691446 0.235147
1 0.852148 0.808366 0.0995031 0.120372
1 0.698988 0.529768 0.0519592 0.0683
1 0.275877 0.490477 0.0517816 0.0685985
1 0.933525 0.492649 0.0493382 0.0755643
1 0.679055 0.598774 0.0518513 0.0800524
1 0.667061 0.456653 0.048016 0.0654783
1 0.378537 0.557132 0.0638891 0.0828218
1 0.0651094 0.480068 0.0619397 0.0848248
1 0.407785 0.507616 0.0547688 0.0701889
1 0.260698 0.553308 0.0521077 0.0715948
4 0.0211427 0.532053 0.0422855 0.0876915
1 0.983783 0.521144 0.0324051 0.0827436
1 0.557076 0.517264 0.0497122 0.0732956
1 0.542512 0.59102 0.0651105 0.0772535
1 0.717532 0.631695 0.0570805 0.0925648
