1 0.846275 0.823878 0.0688812 0.126063
1 0.179942 0.79779 0.0698033 0.133445
2 0.783374 0.523931 0.0828982 0.307219
1 0.395143 0.697354 0.057542 0.105943
1 0.359799 0.797452 0.0716793 0.144846
1 0.671902 0.804667 0.067717 0.138209
1 0.340859 0.565862 0.043039 0.0840402
1 0.440944 0.543625 0.0471458 0.0782853
1 0.781921 0.700125 0.0563126 0.0994293
1 0.645478 0.686627 0.0611358 0.110944
4 0.9582 0.611294 0.0545013 0.101681
1 0.228417 0.690713 0.058686 0.113118
2 0.615765 0.590405 0.0896143 0.287627
1 0.292968 0.599781 0.0510763 0.10247
1 0.705337 0.561171 0.04368 0.0809225
4 0.886608 0.56408 0.0398083 0.07347
1 0.419835 0.612787 0.0541335 0.0885735
4 0.151097 0.554762 0.0455268 0.0774073
4 0.0813961 0.638133 0.0561932 0.0992629
1 0.00855241 0.663858 0.0171048 0.113259
1 0.0506681 0.557367 0.0459769 0.0792498
1 0.0805402 0.63691 0.0573012 0.100215
4 0.990936 0.571688 0.0180407 0.0634837
