1 0.845825 0.823953 0.0690842 0.125258
2 0.612144 0.581197 0.0977608 0.305004
1 0.345243 0.800582 0.0778639 0.141999
1 0.671976 0.806736 0.0718018 0.14327
1 0.187883 0.797214 0.0766497 0.134066
1 0.44082 0.54366 0.047375 0.0801643
1 0.255558 0.679679 0.0541981 0.0958394
2 0.771625 0.492976 0.0743065 0.254475
4 0.295913 0.60062 0.054813 0.102794
1 0.394576 0.695283 0.0549679 0.0983602
1 0.710444 0.559381 0.0430316 0.0777624
1 0.417443 0.613404 0.0521768 0.0890611
1 0.782275 0.698683 0.0572855 0.104271
4 0.957047 0.613639 0.0540859 0.101478
1 0.638558 0.685953 0.0556137 0.109963
4 0.0808889 0.638201 0.0567895 0.100717
1 0.340453 0.566299 0.0421001 0.0832464
4 0.0495254 0.557478 0.0475066 0.0809022
1 0.883763 0.560986 0.0352869 0.0704604
1 0.76057 0.619155 0.0526203 0.0945638
4 0.152122 0.555831 0.0454334 0.0764864
