1 0.846963 0.822549 0.0699226 0.124461
2 0.623233 0.563833 0.0983742 0.286623
1 0.352012 0.800362 0.0797147 0.145944
1 0.188018 0.799213 0.0769024 0.137852
2 0.770473 0.500425 0.0754993 0.277326
1 0.441583 0.54236 0.0472187 0.0833713
1 0.255874 0.682303 0.0534459 0.0964339
1 0.672544 0.806326 0.0695524 0.140369
4 0.295204 0.600236 0.0543035 0.102596
1 0.78134 0.697292 0.0587399 0.103229
1 0.639988 0.687197 0.0616032 0.1116
1 0.710341 0.557911 0.0398949 0.0779723
1 0.398163 0.695686 0.0562587 0.102563
4 0.957015 0.61195 0.0528213 0.0987488
1 0.416901 0.612264 0.0510268 0.0867038
4 0.0803607 0.637627 0.0577643 0.0996513
1 0.0082477 0.669701 0.0164954 0.121013
4 0.342813 0.565807 0.0501552 0.096808
1 0.883636 0.560036 0.0344051 0.0686105
4 0.0506619 0.560441 0.0466407 0.0789941
4 0.991334 0.575602 0.0173328 0.0666949
4 0.883056 0.561303 0.0315373 0.0653988
1 0.151777 0.554277 0.0444393 0.0751281
1 0.756676 0.619509 0.0490644 0.0924055
