1 0.188212 0.800792 0.0758819 0.139682
1 0.84597 0.82292 0.068663 0.122991
2 0.620001 0.565466 0.0951243 0.290982
2 0.773753 0.483473 0.0752245 0.25462
1 0.293983 0.59305 0.0495302 0.0907569
1 0.35098 0.802695 0.0751828 0.142309
1 0.441127 0.54276 0.0467031 0.0833947
1 0.672448 0.804592 0.0690819 0.142436
1 0.794968 0.699886 0.0565697 0.0993091
1 0.63654 0.685088 0.0596277 0.108103
0 0.401749 0.707501 0.0626001 0.100143
1 0.0719433 0.631175 0.046085 0.0859717
1 0.415274 0.61346 0.0481469 0.0863631
1 0.278262 0.684853 0.0511967 0.0997953
4 0.957905 0.612168 0.0527188 0.101843
1 0.342288 0.566211 0.0502227 0.0903786
1 0.709719 0.559949 0.0425208 0.081637
1 0.765697 0.619181 0.0536427 0.0909472
4 0.883475 0.561637 0.0322947 0.0663717
4 0.0511417 0.559725 0.0454144 0.075993
1 0.88405 0.560917 0.0347768 0.0709656
4 0.99198 0.571621 0.0159518 0.067873
