0 0.367012 0.617661 0.045326 0.102815
0 0.709889 0.760192 0.0565563 0.119824
1 0.384354 0.391564 0.0227088 0.0523103
2 0.689756 0.564657 0.0509663 0.347515
1 0.471769 0.658675 0.0423845 0.0937145
0 0.256117 0.427425 0.0289966 0.0648102
0 0.494323 0.549179 0.0391127 0.0814687
1 0.176416 0.539825 0.0320539 0.0768936
0 0.0346855 0.515199 0.0292317 0.065791
1 0.585693 0.547832 0.0371368 0.0825986
2 0.0165757 0.588405 0.0329447 0.381181
4 0.908539 0.645519 0.0532204 0.106455
1 0.334305 0.400979 0.0248552 0.0547128
1 0.23346 0.580229 0.0352599 0.0807943
1 0.784807 0.624133 0.0429774 0.0956691
1 0.917579 0.55539 0.0365738 0.0731347
1 0.0783885 0.521994 0.0331249 0.0728194
1 0.201718 0.46102 0.029037 0.0686478
1 0.316849 0.489295 0.0315931 0.0693785
1 0.922138 0.496563 0.02964 0.055445
1 0.854857 0.447421 0.0241673 0.0538181
0 0.525263 0.437235 0.0287417 0.067163
0 0.30306 0.427817 0.0260552 0.0620927
1 0.834078 0.47067 0.0214915 0.0610836
1 0.360741 0.496918 0.0319653 0.0738076
1 0.468713 0.362695 0.0219366 0.0500832
0 0.876717 0.83416 0.0650348 0.133056
1 0.444867 0.389353 0.0237862 0.0518791
1 0.392629 0.459845 0.0284864 0.0640424
1 0.914737 0.446003 0.0275269 0.0556819
1 0.412151 0.38145 0.02152 0.0522818
0 0.160188 0.442649 0.0279801 0.0605016
1 0.581606 0.475054 0.030695 0.0594477
1 0.754612 0.391403 0.0262634 0.0619149
1 0.619894 0.374277 0.0206712 0.0499832
1 0.573721 0.372022 0.0194275 0.0467005
1 0.58009 0.404286 0.021279 0.0462084
