2 0.781242 0.506927 0.0752333 0.289593
1 0.340426 0.566839 0.0437366 0.0853793
1 0.672479 0.80585 0.0662229 0.139348
1 0.851064 0.830555 0.0618713 0.117003
1 0.709783 0.55884 0.0420308 0.0751697
1 0.788509 0.698363 0.058567 0.10002
1 0.183496 0.80055 0.0747216 0.133883
1 0.649021 0.692563 0.0586086 0.117279
1 0.294616 0.600301 0.052853 0.0968839
1 0.282919 0.704126 0.0506219 0.100352
4 0.959662 0.609596 0.0498302 0.0962474
1 0.610951 0.55455 0.0370257 0.0701396
1 0.631766 0.602117 0.0422053 0.0771971
4 0.0773059 0.616766 0.0551024 0.0986337
4 0.892402 0.556734 0.038776 0.0732552
1 0.748566 0.619583 0.04363 0.0842908
1 0.427586 0.764059 0.12524 0.471882
1 0.00916392 0.676658 0.0183278 0.115849
4 0.152336 0.558389 0.0476382 0.0782333
1 0.0454118 0.55689 0.0424688 0.0727913
4 0.990239 0.579038 0.0195215 0.0716677
