1 0.374201 0.721461 0.0824206 0.122002
1 0.551349 0.69544 0.078439 0.108025
1 0.362783 0.625388 0.073892 0.0839714
1 0.746264 0.694842 0.0707859 0.101615
1 0.0616755 0.47655 0.060761 0.0805683
2 0.663641 0.340522 0.0839073 0.224728
1 0.83734 0.810109 0.0976052 0.111458
1 0.267231 0.814248 0.0890421 0.107348
1 0.212054 0.560746 0.0591052 0.0804489
1 0.125768 0.724586 0.0782875 0.1081
1 0.183028 0.641091 0.0630438 0.0990832
1 0.539647 0.80971 0.0896235 0.119969
1 0.681864 0.600327 0.0556757 0.0839612
1 0.555815 0.52034 0.0470795 0.066773
1 0.383936 0.563144 0.0629607 0.0921079
1 0.0188065 0.525278 0.037613 0.0785542
1 0.709946 0.530868 0.0525007 0.0703943
1 0.935658 0.502291 0.0499832 0.073865
1 0.0395444 0.807945 0.0785451 0.111546
1 0.27825 0.491426 0.0491036 0.0655106
1 0.674816 0.507191 0.0469385 0.0685857
1 0.261443 0.551688 0.0507904 0.0701045
1 0.984843 0.520784 0.0303131 0.0831511
1 0.409286 0.506324 0.0501204 0.0746252
1 0.547977 0.594016 0.0646296 0.0836357
1 0.658066 0.456521 0.0436914 0.0621039
