2 0.790594 0.511843 0.0824986 0.290993
1 0.843518 0.827168 0.0710476 0.128114
1 0.674717 0.803923 0.0669748 0.139084
1 0.18354 0.802562 0.0745364 0.137582
1 0.711081 0.557712 0.0421121 0.0737284
1 0.34091 0.56813 0.0430023 0.0865146
1 0.650618 0.691553 0.0607215 0.114232
4 0.89315 0.558194 0.0504761 0.0848562
4 0.959142 0.609672 0.0512553 0.0977863
1 0.789759 0.694784 0.0566335 0.0935221
1 0.631339 0.603313 0.0444563 0.0807502
1 0.610801 0.554692 0.0371004 0.0714172
1 0.294569 0.600473 0.0521941 0.100228
4 0.0773588 0.618743 0.0580314 0.102921
1 0.281505 0.701416 0.0544051 0.0992716
1 0.753127 0.622115 0.0456995 0.0836322
1 0.0446336 0.558967 0.0436029 0.076214
4 0.152361 0.558084 0.0480421 0.0783993
