2 0.802691 0.521626 0.0771161 0.287826
1 0.844853 0.825412 0.0690819 0.123313
1 0.711746 0.55887 0.0430538 0.0752937
1 0.183649 0.800336 0.0740651 0.135822
1 0.672712 0.804125 0.0643141 0.136487
1 0.650017 0.691598 0.0606335 0.117128
1 0.784974 0.697977 0.0586477 0.101042
1 0.339086 0.569861 0.0438507 0.0891075
4 0.89102 0.558526 0.0425829 0.0779993
4 0.959926 0.60843 0.049088 0.0945085
1 0.611193 0.555476 0.037972 0.0724156
1 0.632123 0.601665 0.0427467 0.0785521
0 0.0796583 0.614064 0.0509085 0.0994703
1 0.750268 0.616819 0.0425797 0.0841418
1 0.282407 0.700232 0.0519302 0.0980002
1 0.294686 0.601181 0.0532652 0.0956768
4 0.295065 0.601859 0.0532191 0.0981662
1 0.0450809 0.559236 0.0423674 0.0785218
2 0.421247 0.768664 0.146082 0.462671
1 0.424682 0.768653 0.12214 0.462694
4 0.990957 0.576125 0.0180856 0.0680925
