2 0.837281 0.757081 0.141212 0.485837
1 0.667221 0.799537 0.0654724 0.131378
1 0.65097 0.687004 0.0574081 0.108323
1 0.365615 0.846409 0.0799634 0.158012
1 0.711669 0.557779 0.0431844 0.0739085
1 0.437598 0.541227 0.0440471 0.0761992
1 0.293757 0.600627 0.0522306 0.0910612
1 0.199506 0.79455 0.0719049 0.136321
1 0.380822 0.700976 0.0527931 0.099824
1 0.280747 0.686685 0.0499599 0.0944233
4 0.346275 0.572801 0.0542675 0.0982531
1 0.899587 0.559156 0.0345683 0.0733033
4 0.0851859 0.623801 0.0614589 0.10879
1 0.628829 0.59998 0.0420917 0.0803747
1 0.00936073 0.670939 0.0186496 0.0968796
1 0.751459 0.63675 0.0428345 0.0829795
1 0.422075 0.611548 0.0543255 0.090495
4 0.964651 0.608033 0.0490054 0.09552
1 0.965672 0.607835 0.0496019 0.0925933
1 0.154064 0.55802 0.0434092 0.0753742
4 0.153221 0.558183 0.0466449 0.0760776
1 0.991732 0.569893 0.0165361 0.06492
