2 0.834916 0.759838 0.143275 0.480325
1 0.665234 0.798756 0.0722107 0.131928
1 0.436976 0.544 0.0440482 0.0770698
1 0.197905 0.793513 0.0721959 0.136996
4 0.407689 0.701383 0.0725977 0.105469
1 0.650009 0.688635 0.0559948 0.108608
1 0.71152 0.558128 0.0428019 0.0740724
1 0.363799 0.847899 0.0784685 0.158459
4 0.346002 0.570583 0.0509351 0.0907143
1 0.898939 0.559116 0.0355357 0.0746423
1 0.0769499 0.613213 0.048996 0.0909807
1 0.418123 0.610157 0.0503775 0.0825798
4 0.95752 0.611515 0.0533405 0.0979684
1 0.269024 0.695171 0.0504835 0.0894016
1 0.0106306 0.67211 0.0211437 0.098552
1 0.630007 0.602436 0.0417614 0.0800422
0 0.296822 0.600535 0.0500928 0.0946658
1 0.612274 0.557966 0.0370087 0.0726236
1 0.749797 0.634996 0.041302 0.0829346
1 0.153854 0.556315 0.0431716 0.0729114
4 0.991035 0.573952 0.0179291 0.0683573
4 0.153178 0.555951 0.0457794 0.0721574
