1 0.183875 0.813378 0.0758293 0.142993
2 0.813672 0.553378 0.0836153 0.280164
1 0.350585 0.854399 0.085565 0.165072
1 0.672292 0.804011 0.0669644 0.130912
4 0.405487 0.694709 0.0652242 0.105093
1 0.844135 0.823957 0.0692837 0.132538
1 0.439191 0.545249 0.045676 0.0742452
1 0.646228 0.69413 0.0558487 0.11364
4 0.296028 0.602885 0.0538779 0.0980179
4 0.345632 0.566555 0.0516529 0.0924929
1 0.268506 0.687942 0.0505411 0.0957219
4 0.956866 0.611997 0.0523106 0.0997603
1 0.630005 0.600562 0.0456392 0.084653
4 0.154997 0.567365 0.0479201 0.0794492
4 0.0779275 0.621574 0.0590046 0.105315
1 0.712523 0.558946 0.0414686 0.0844325
1 0.42396 0.610886 0.0508522 0.0829268
4 0.986763 0.551993 0.0264736 0.0741584
4 0.89431 0.562292 0.035188 0.0726279
4 0.15621 0.576154 0.0620248 0.104874
1 0.0100152 0.688935 0.0200304 0.1125
1 0.791826 0.691415 0.0507302 0.0938213
0 0.791263 0.692197 0.0507792 0.0946218
