2 0.489768 0.643091 0.0768154 0.493308
1 0.181078 0.814772 0.0732152 0.140618
1 0.355389 0.850185 0.0759596 0.173308
1 0.846707 0.825777 0.071843 0.132287
1 0.226183 0.689379 0.0580653 0.106882
1 0.340946 0.566576 0.045575 0.0830272
2 0.638181 0.487044 0.0685748 0.232158
1 0.425011 0.607712 0.0510227 0.0805486
1 0.668992 0.803294 0.0678053 0.130972
1 0.292226 0.602648 0.0552247 0.0987208
1 0.406795 0.69318 0.0636188 0.0992061
4 0.894375 0.560989 0.0435143 0.0801502
4 0.959801 0.611779 0.0536977 0.100423
1 0.64609 0.691605 0.053128 0.103539
1 0.074483 0.617999 0.0522848 0.0959793
1 0.78752 0.690187 0.0554777 0.0962973
4 0.154362 0.577705 0.063745 0.103036
4 0.152895 0.566898 0.0456222 0.0761418
1 0.630417 0.603486 0.0404808 0.0781181
4 0.713573 0.557726 0.0463679 0.0787004
1 0.00925057 0.697787 0.018496 0.102311
4 0.988279 0.553043 0.0234342 0.0808254
1 0.603543 0.575064 0.0292637 0.0688504
