2 0.358202 0.377494 0.0764027 0.29991
1 0.276742 0.817886 0.103023 0.110988
2 0.720357 0.501043 0.0978869 0.234089
1 0.5514 0.695708 0.0793178 0.111347
1 0.750105 0.686926 0.0697037 0.109925
1 0.372251 0.717067 0.0818792 0.117913
1 0.20691 0.56577 0.0597854 0.0840134
1 0.0376322 0.807357 0.0750924 0.107397
1 0.546824 0.812921 0.0938478 0.115638
1 0.124103 0.723292 0.0786102 0.108369
1 0.0627709 0.476208 0.0602946 0.0818066
1 0.366424 0.62408 0.0755359 0.0819489
1 0.804944 0.816901 0.095122 0.101355
1 0.681541 0.598838 0.0595581 0.0898288
1 0.18105 0.642478 0.0681866 0.0973292
1 0.558608 0.525576 0.0537468 0.0751689
1 0.934349 0.50361 0.0502239 0.0754156
1 0.3872 0.565374 0.057763 0.0889092
1 0.276478 0.492308 0.0494603 0.0668261
1 0.0203913 0.52588 0.0407826 0.0815032
1 0.985219 0.520473 0.029561 0.0817757
1 0.54759 0.594971 0.0652782 0.0760218
1 0.260358 0.556184 0.053023 0.072423
1 0.657822 0.464004 0.0431851 0.0680562
1 0.541132 0.460188 0.0432882 0.0650642
