1 0.180256 0.813669 0.0755749 0.139875
2 0.838339 0.590117 0.093404 0.386575
1 0.372945 0.865393 0.0681888 0.149041
1 0.381328 0.684072 0.058615 0.105975
1 0.239127 0.679697 0.0568652 0.102933
1 0.293412 0.599261 0.0503529 0.095036
1 0.751526 0.617197 0.0475254 0.0828826
1 0.673019 0.806699 0.0616171 0.140963
1 0.074621 0.625707 0.0475607 0.0886879
1 0.709864 0.557777 0.0445082 0.0769836
1 0.443387 0.543162 0.0478552 0.0842417
1 0.338023 0.562384 0.0423089 0.0875245
1 0.42041 0.608849 0.0502003 0.0871477
1 0.647427 0.693697 0.0591083 0.116892
1 0.844723 0.819925 0.0746376 0.136101
4 0.15377 0.568041 0.0450173 0.0752974
1 0.964962 0.604162 0.0535744 0.0976085
1 0.628957 0.60151 0.0470425 0.0873906
1 0.0084412 0.675516 0.0168824 0.113373
3 0.621133 0.542273 0.0680052 0.17153
0 0.0496868 0.55 0.048894 0.0786728
1 0.987832 0.554886 0.0242905 0.0790123
