1 0.364349 0.807092 0.0784515 0.151419
1 0.177822 0.809007 0.0741194 0.14101
1 0.338004 0.563422 0.0434785 0.0825926
1 0.671881 0.799686 0.0743996 0.139649
1 0.442763 0.542397 0.0479721 0.0807927
1 0.294824 0.593641 0.0499401 0.0917012
1 0.712311 0.559646 0.0429306 0.0748369
1 0.645443 0.687951 0.0613209 0.113391
1 0.272363 0.681222 0.0514461 0.10297
4 0.410921 0.699139 0.0675339 0.107955
1 0.419772 0.610711 0.0517485 0.0826389
1 0.0715076 0.612731 0.0492562 0.0952959
1 0.850617 0.826878 0.0683511 0.121878
1 0.895588 0.560947 0.0360538 0.0711642
4 0.154312 0.572323 0.0472507 0.0778433
2 0.811178 0.501315 0.0808006 0.247248
4 0.956419 0.612082 0.0521262 0.0978525
1 0.625712 0.603752 0.0433131 0.0828586
3 0.620856 0.515389 0.0756578 0.148864
4 0.154728 0.583078 0.0569068 0.0983557
1 0.00866759 0.673904 0.0173352 0.109577
4 0.987773 0.568556 0.0244549 0.0644236
