2 0.345952 0.541842 0.0667281 0.259592
1 0.201791 0.686018 0.0606898 0.104319
2 0.561563 0.429565 0.0785126 0.198432
1 0.166997 0.809982 0.0783059 0.141748
1 0.360681 0.852143 0.0716927 0.170518
1 0.844129 0.823211 0.0632887 0.122782
1 0.672188 0.773186 0.0690882 0.13764
1 0.442792 0.539694 0.0504195 0.0817125
1 0.292405 0.601518 0.0504666 0.0970482
1 0.708623 0.556676 0.0425581 0.0725457
1 0.0692143 0.61787 0.0477457 0.0919881
1 0.399787 0.691497 0.0589796 0.0981904
1 0.42229 0.609349 0.0509226 0.0857822
1 0.737103 0.61967 0.0463028 0.0861124
1 0.629469 0.599881 0.0440549 0.0819335
4 0.894017 0.556142 0.0425999 0.0804127
1 0.644444 0.688386 0.052656 0.104169
4 0.150797 0.572909 0.047447 0.0777573
1 0.603622 0.557778 0.0353373 0.0782445
0 0.795342 0.694735 0.0539799 0.10023
4 0.964892 0.602046 0.0453386 0.0960973
1 0.964343 0.603395 0.0447895 0.0969129
1 0.796594 0.693609 0.0542426 0.100067
