2 0.669018 0.471893 0.0556732 0.272321
1 0.186202 0.80442 0.074391 0.142311
2 0.345481 0.541196 0.0652084 0.258626
1 0.206278 0.685025 0.0618669 0.104362
1 0.355852 0.845103 0.0709163 0.160922
1 0.443186 0.540753 0.048926 0.0847884
1 0.294214 0.597627 0.0473764 0.0972082
1 0.401099 0.692868 0.059915 0.0993932
1 0.0698616 0.618379 0.0499749 0.0938671
1 0.420238 0.609798 0.0501838 0.0856579
1 0.841585 0.824208 0.0688226 0.126644
4 0.151462 0.573106 0.0488815 0.079403
4 0.891866 0.557655 0.0443301 0.0817919
1 0.629319 0.602222 0.046403 0.0841294
1 0.60485 0.555397 0.0387866 0.0752784
1 0.965725 0.603802 0.0468201 0.0952795
1 0.672783 0.777175 0.0728562 0.150747
1 0.644398 0.688035 0.0524778 0.106954
1 0.311553 0.931549 0.0892926 0.136903
4 0.964971 0.60297 0.0455639 0.0953605
3 0.732504 0.557055 0.100649 0.131681
