2 0.76581 0.408943 0.0945717 0.389883
1 0.754827 0.683405 0.0714457 0.110869
1 0.373625 0.723185 0.083027 0.118061
1 0.357603 0.626952 0.073771 0.0880325
1 0.273317 0.819802 0.103012 0.111376
1 0.548883 0.69449 0.0809504 0.11593
1 0.546272 0.812284 0.0935262 0.117576
1 0.12351 0.723672 0.0768066 0.111161
1 0.210903 0.567073 0.0585267 0.0796646
1 0.180079 0.642553 0.0662632 0.0978623
1 0.558337 0.524134 0.0466455 0.0663315
1 0.064224 0.476538 0.059728 0.0808028
1 0.933634 0.501682 0.0502773 0.076856
1 0.0189974 0.525296 0.0379907 0.078975
1 0.376796 0.562587 0.0646095 0.0840879
1 0.544683 0.597503 0.064458 0.0814298
1 0.276586 0.492244 0.0489995 0.0648979
1 0.259169 0.552119 0.0476936 0.0671307
1 0.0356843 0.80448 0.0707429 0.10609
1 0.713 0.642372 0.0544719 0.0913259
1 0.702351 0.52809 0.0487848 0.0674995
1 0.983972 0.5212 0.0320555 0.0855143
1 0.656762 0.466278 0.0428471 0.0589288
1 0.807586 0.818696 0.0956272 0.0931871
1 0.538842 0.461117 0.0439312 0.0655469
