2 0.588962 0.672211 0.0868211 0.501489
1 0.84461 0.825211 0.0709465 0.129977
1 0.181569 0.810723 0.0776193 0.134579
1 0.658251 0.789387 0.0746019 0.1352
1 0.441971 0.544112 0.0467163 0.0822115
1 0.262356 0.684315 0.0516474 0.09951
4 0.300088 0.611239 0.0551627 0.094622
1 0.36242 0.85858 0.0739436 0.154839
1 0.396401 0.68913 0.0565487 0.10465
4 0.891116 0.560553 0.039093 0.0714984
4 0.959034 0.611651 0.0519817 0.105014
1 0.713268 0.557903 0.0431447 0.073881
1 0.655834 0.681071 0.0557159 0.0988446
1 0.416393 0.610927 0.0505278 0.0824461
4 0.15361 0.573688 0.0499089 0.0816323
4 0.0811807 0.628683 0.0627546 0.111427
1 0.793085 0.696149 0.052393 0.0980787
1 0.74957 0.618873 0.0449176 0.0807975
2 0.550315 0.432375 0.0522516 0.167807
2 0.590702 0.600269 0.0861593 0.356454
0 0.792077 0.694677 0.0535677 0.0995074
1 0.342633 0.568339 0.0429176 0.0831414
4 0.989524 0.569721 0.0209265 0.0626728
