2 0.590512 0.606033 0.0824465 0.364335
1 0.844985 0.824939 0.0705688 0.128562
1 0.185324 0.81116 0.0773055 0.137748
1 0.657106 0.790253 0.0759163 0.138364
1 0.339279 0.871152 0.0775207 0.159396
4 0.301321 0.611392 0.0544136 0.0939672
1 0.26271 0.683382 0.0511206 0.0994378
1 0.44106 0.542948 0.0495333 0.0827781
1 0.655729 0.680214 0.0557537 0.100255
4 0.961009 0.606961 0.048439 0.100292
2 0.552268 0.425906 0.0500122 0.169173
4 0.15387 0.569196 0.050358 0.0828488
1 0.713397 0.560053 0.0435822 0.0770669
4 0.890748 0.560127 0.0350575 0.0655183
4 0.0797641 0.629013 0.062317 0.111599
1 0.395245 0.690082 0.0579419 0.0976045
1 0.756922 0.618237 0.043959 0.0810671
1 0.791831 0.699583 0.0532839 0.101829
1 0.421517 0.622989 0.0630177 0.109466
1 0.340319 0.566383 0.0420854 0.0819331
4 0.155098 0.575323 0.0608134 0.0995718
4 0.897837 0.565504 0.0389904 0.073782
1 0.0431141 0.562541 0.0436656 0.0748444
