1 0.180796 0.810499 0.0762945 0.132781
1 0.842216 0.825155 0.0690376 0.129621
2 0.567707 0.430215 0.0675058 0.192957
1 0.44184 0.54469 0.0489258 0.0856211
1 0.416511 0.645365 0.0689417 0.138691
1 0.660936 0.792781 0.074794 0.134579
1 0.25673 0.681232 0.0560981 0.0976038
1 0.341189 0.567908 0.0417572 0.0841945
1 0.301546 0.605727 0.0479238 0.0924836
1 0.64443 0.683379 0.0542166 0.103648
1 0.713568 0.559177 0.0442387 0.0748349
4 0.894004 0.564356 0.0471313 0.0831392
4 0.154252 0.571028 0.048139 0.0780501
1 0.75073 0.618258 0.0434433 0.0805412
1 0.0760794 0.616788 0.0556123 0.0962241
1 0.675752 0.932731 0.085714 0.134538
1 0.628629 0.59754 0.0415329 0.081849
1 0.789969 0.694064 0.0523796 0.0971486
4 0.965419 0.604495 0.0459387 0.0995149
1 0.0439833 0.560703 0.0412676 0.0711638
1 0.966236 0.604865 0.0465045 0.0966659
0 0.789905 0.693331 0.0523079 0.0977983
1 0.310763 0.930051 0.0850512 0.139898
