1 0.201685 0.682426 0.0579744 0.104081
1 0.176917 0.808626 0.0658403 0.142503
1 0.84238 0.827338 0.0739812 0.135409
2 0.107096 0.672767 0.078985 0.445339
2 0.561013 0.433125 0.0696368 0.185262
1 0.647521 0.688616 0.0577001 0.104023
1 0.340678 0.567944 0.0411951 0.0806456
1 0.666753 0.800385 0.0711199 0.132076
1 0.44323 0.54788 0.0481513 0.0824422
1 0.299717 0.607863 0.0495262 0.096258
1 0.31574 0.919618 0.0838057 0.14224
4 0.890704 0.558041 0.0419189 0.0754222
1 0.396952 0.684347 0.0594673 0.094758
1 0.713881 0.556136 0.0413717 0.073682
0 0.387418 0.862832 0.0725845 0.171542
1 0.4158 0.609436 0.0488057 0.0798282
1 0.79094 0.689166 0.0505007 0.0922641
1 0.621016 0.60531 0.0436337 0.0856826
0 0.955227 0.612391 0.0488559 0.0959675
1 0.745041 0.614101 0.041872 0.0830333
1 0.0448616 0.559255 0.0417203 0.0822076
1 0.388271 0.862954 0.0714284 0.170623
4 0.954764 0.609495 0.0495758 0.0975179
1 0.00811395 0.703082 0.0162279 0.103919
1 0.678215 0.935181 0.0914383 0.129639
