2 0.33111 0.602768 0.09675 0.341839
1 0.844973 0.825531 0.0692158 0.132172
1 0.665997 0.809598 0.0748383 0.136301
2 0.560093 0.43091 0.0647573 0.176489
1 0.648566 0.692671 0.0564842 0.109538
1 0.233427 0.67782 0.05316 0.101192
4 0.889308 0.561328 0.0433649 0.0833143
1 0.441305 0.543527 0.0506125 0.0756459
4 0.956227 0.610913 0.0517387 0.0994178
1 0.178348 0.800752 0.0797684 0.137041
1 0.715331 0.556821 0.0438795 0.0717609
1 0.427838 0.613088 0.0508606 0.090181
4 0.151129 0.570483 0.0496404 0.0820508
1 0.393994 0.692967 0.0538717 0.10068
1 0.794041 0.688153 0.0446318 0.0867154
1 0.37424 0.854351 0.0698829 0.145065
4 0.082843 0.63231 0.059146 0.100187
4 0.599828 0.567308 0.0365204 0.0755987
1 0.310066 0.928739 0.0910488 0.139974
1 0.6247 0.601863 0.042485 0.0921922
1 0.745869 0.619533 0.0417214 0.0791699
1 0.00801139 0.711791 0.0160228 0.106118
1 0.0466523 0.556766 0.0485546 0.0815074
1 0.755032 0.621733 0.0527544 0.0882383
4 0.0466981 0.557277 0.046996 0.079505
