2 0.321321 0.599152 0.100301 0.340017
1 0.846012 0.825761 0.0698555 0.130101
1 0.665084 0.804827 0.0716782 0.139092
2 0.557906 0.430526 0.0621244 0.176655
1 0.232139 0.677317 0.0533089 0.10661
1 0.644519 0.685242 0.0577698 0.105769
1 0.443163 0.543554 0.0495621 0.076468
1 0.630064 0.599764 0.0422701 0.0783832
1 0.716277 0.559041 0.0442122 0.0749552
4 0.896008 0.558425 0.0446658 0.0788288
1 0.393677 0.693161 0.0543561 0.103327
1 0.177898 0.800583 0.0804984 0.135445
4 0.959139 0.60971 0.0504772 0.0998179
1 0.791112 0.6876 0.0487014 0.0912279
1 0.74525 0.613819 0.039267 0.0839486
1 0.427087 0.61437 0.0497953 0.090607
0 0.177859 0.801876 0.0760181 0.134206
4 0.151783 0.571433 0.0477825 0.0815213
1 0.372427 0.84941 0.0716591 0.149042
4 0.0473975 0.55663 0.0491912 0.0792269
1 0.0784134 0.632065 0.0549188 0.0983505
1 0.314391 0.928504 0.0835566 0.131877
4 0.599903 0.567382 0.0368259 0.0765359
4 0.153918 0.576344 0.0610934 0.093506
4 0.0793792 0.63204 0.0542737 0.0980377
1 0.60076 0.566124 0.0362848 0.0812651
4 0.991715 0.574107 0.016438 0.0688076
