2 0.642288 0.70621 0.116144 0.4961
1 0.341175 0.568952 0.0436497 0.0824373
1 0.247984 0.679867 0.0555063 0.0985516
1 0.842194 0.828014 0.0729774 0.128764
1 0.36556 0.863434 0.072409 0.157738
1 0.302406 0.604128 0.0475851 0.0901373
1 0.18304 0.797256 0.072923 0.134105
1 0.441787 0.545123 0.0473457 0.0783146
2 0.563701 0.427819 0.06461 0.174536
4 0.383184 0.699917 0.0700261 0.1187
1 0.420469 0.615584 0.048569 0.0838393
4 0.150735 0.570607 0.0452746 0.0790382
1 0.794103 0.689066 0.0505442 0.0926359
4 0.0800429 0.634462 0.0569413 0.101436
4 0.889738 0.563403 0.036792 0.070067
4 0.956694 0.613516 0.0500676 0.0964096
1 0.00843285 0.7045 0.0168657 0.101601
4 0.0476716 0.558272 0.0498833 0.0832932
1 0.601612 0.562466 0.0322966 0.0698404
4 0.990401 0.57075 0.0191971 0.0679537
1 0.889066 0.56132 0.0384937 0.0767495
