2 0.691239 0.795319 0.136994 0.409361
1 0.372416 0.841571 0.0745073 0.141635
1 0.342556 0.570096 0.0454267 0.0815166
1 0.243741 0.679826 0.05604 0.0996733
1 0.173735 0.806227 0.0715199 0.140717
1 0.389822 0.695442 0.0592268 0.0997368
1 0.838592 0.823385 0.0787246 0.14169
1 0.300659 0.608247 0.0484005 0.0940108
1 0.442013 0.545283 0.0496293 0.0751999
2 0.560878 0.430176 0.0635414 0.179765
1 0.420651 0.615507 0.0513546 0.0849474
4 0.895508 0.562864 0.0449844 0.0814496
1 0.0793185 0.60913 0.0521847 0.0921687
1 0.71783 0.554562 0.0438792 0.0711344
1 0.796234 0.687524 0.0448154 0.0921044
4 0.149126 0.572297 0.0417933 0.0769584
1 0.967615 0.612879 0.0492867 0.107225
1 0.0095953 0.692502 0.0191906 0.096634
1 0.609117 0.550003 0.0312069 0.0669093
1 0.0453226 0.556489 0.0428075 0.0722262
4 0.151622 0.587232 0.0554055 0.103758
