1 0.173779 0.804878 0.070922 0.136952
1 0.368559 0.842822 0.0766427 0.146229
1 0.342872 0.570235 0.0443974 0.0811904
1 0.246448 0.681705 0.0596323 0.102506
1 0.441721 0.546773 0.0507791 0.0768915
1 0.300791 0.607143 0.0476489 0.0912228
2 0.561783 0.431793 0.065955 0.182003
1 0.839028 0.824615 0.0772002 0.13898
1 0.390783 0.693956 0.0564605 0.0991926
2 0.703614 0.80133 0.14393 0.397339
1 0.420231 0.615348 0.0507034 0.0842044
4 0.895687 0.564236 0.043681 0.0813622
4 0.96613 0.610225 0.050275 0.101026
4 0.149934 0.575202 0.0462249 0.0820026
4 0.079751 0.609782 0.0538888 0.093003
1 0.630148 0.602986 0.039185 0.0785814
1 0.0096657 0.701719 0.0193314 0.11043
1 0.717551 0.554761 0.0432442 0.069636
1 0.796913 0.687002 0.0446686 0.0889088
1 0.612548 0.550313 0.0331045 0.0649252
4 0.0451579 0.558587 0.0432665 0.074185
