1 0.176225 0.813292 0.0770148 0.141031
1 0.843241 0.82335 0.070945 0.132001
1 0.393649 0.695189 0.0586745 0.102021
1 0.24924 0.679349 0.0592875 0.102886
1 0.663514 0.804654 0.0788869 0.140035
1 0.442307 0.547147 0.050379 0.0781568
1 0.649157 0.685174 0.0572123 0.10506
1 0.362584 0.84867 0.0753929 0.16604
4 0.891886 0.561146 0.0410416 0.0718721
1 0.302045 0.608535 0.0518088 0.0913205
2 0.561288 0.428331 0.06898 0.176941
1 0.342155 0.570573 0.0447168 0.0828234
1 0.4205 0.61477 0.0491863 0.083713
2 0.766718 0.539213 0.0753337 0.256039
4 0.0821353 0.614676 0.0612735 0.10496
4 0.15083 0.575092 0.0482979 0.0831702
4 0.964079 0.608003 0.0476408 0.0964569
1 0.623106 0.599481 0.0473634 0.0993643
1 0.965117 0.60769 0.0488432 0.096411
1 0.618844 0.582142 0.0469261 0.12038
1 0.0453124 0.557343 0.0439069 0.0745142
1 0.791245 0.690089 0.0501923 0.0932249
1 0.325868 0.932232 0.088232 0.128219
