1 0.176435 0.814125 0.0778593 0.141103
1 0.843966 0.824256 0.0711999 0.133129
1 0.302579 0.607194 0.0499919 0.0909686
1 0.249022 0.67949 0.0587876 0.103389
1 0.341657 0.570726 0.0444646 0.0825102
1 0.660015 0.804088 0.0818096 0.141283
1 0.442802 0.548077 0.0502157 0.0794
1 0.648555 0.684047 0.0536357 0.102593
4 0.891734 0.561016 0.039805 0.0702409
1 0.362065 0.859105 0.0738143 0.169157
2 0.561478 0.428718 0.0699129 0.18009
1 0.393244 0.69516 0.0599344 0.105291
2 0.769036 0.537086 0.0689175 0.251282
1 0.420498 0.615156 0.049269 0.0836933
4 0.0819169 0.61422 0.0604238 0.103854
1 0.624365 0.602349 0.0445174 0.0912004
4 0.964441 0.608167 0.0485767 0.0978198
4 0.1512 0.576319 0.0491734 0.0854253
1 0.790734 0.688749 0.0502397 0.0926493
1 0.0451783 0.556419 0.0439666 0.0728071
