1 0.177101 0.812805 0.0770939 0.13897
2 0.559526 0.429665 0.0699062 0.200851
1 0.843718 0.822821 0.0698727 0.128921
1 0.367354 0.84102 0.0764822 0.150945
1 0.658156 0.804083 0.0831905 0.141707
2 0.769253 0.536218 0.0690119 0.248123
1 0.250032 0.678719 0.057753 0.0980325
1 0.442947 0.546097 0.0504961 0.0782747
1 0.391784 0.692337 0.0586676 0.102904
1 0.341161 0.569331 0.0442271 0.0824562
4 0.89289 0.561 0.0418863 0.0747999
1 0.643013 0.684804 0.0558281 0.108195
1 0.303625 0.607606 0.0490834 0.0905014
1 0.420374 0.613771 0.0495728 0.0826133
4 0.0811227 0.615357 0.0617391 0.105047
4 0.148952 0.574245 0.0466233 0.0830682
1 0.614802 0.553404 0.0380808 0.0719525
4 0.96986 0.608942 0.0526037 0.0957948
1 0.791165 0.688561 0.0510686 0.0902878
1 0.969287 0.609932 0.0526851 0.099046
4 0.151249 0.585609 0.0593408 0.104133
1 0.62474 0.601785 0.0420956 0.0821355
