1 0.547055 0.69752 0.080151 0.112651
1 0.538114 0.816698 0.100571 0.11347
2 0.437248 0.341804 0.0668815 0.236322
1 0.366058 0.713681 0.0824118 0.120826
1 0.277276 0.820192 0.105298 0.110618
1 0.805212 0.820619 0.0952095 0.0924372
1 0.0630064 0.476181 0.05775 0.0818721
1 0.382141 0.563542 0.0644922 0.087698
4 0.752579 0.701388 0.0852337 0.109669
1 0.282943 0.486005 0.0545425 0.0773226
1 0.209206 0.562077 0.0576886 0.0739258
1 0.180969 0.640337 0.066283 0.1023
1 0.699289 0.528112 0.0505495 0.0662348
1 0.935086 0.500354 0.0502848 0.0769267
1 0.032021 0.59127 0.0640044 0.11446
1 0.554158 0.522381 0.0485837 0.0676739
1 0.259662 0.553168 0.0470368 0.0657644
1 0.54888 0.594337 0.0618734 0.0804616
1 0.358525 0.621927 0.0736037 0.0820796
1 0.132636 0.715708 0.0781565 0.101672
1 0.688646 0.596585 0.0518259 0.0840041
1 0.984376 0.522141 0.0312488 0.0868163
1 0.538032 0.459003 0.042419 0.0609212
1 0.719517 0.640936 0.0576407 0.0934195
1 0.0189568 0.516177 0.0373559 0.0692584
