1 0.175114 0.820067 0.0747148 0.136376
1 0.358517 0.871923 0.0801944 0.148122
2 0.565762 0.43241 0.069208 0.191115
1 0.665557 0.804346 0.0758065 0.136001
1 0.839126 0.821419 0.072259 0.130418
1 0.442851 0.548509 0.0504129 0.0785761
1 0.342491 0.561179 0.0449945 0.0863392
1 0.258073 0.68688 0.0570321 0.0989566
1 0.398001 0.695177 0.0581134 0.100115
1 0.646791 0.686427 0.0590082 0.1048
1 0.303111 0.606951 0.04819 0.091332
1 0.7134 0.561007 0.0436394 0.076589
4 0.082227 0.619306 0.0656416 0.109894
1 0.422096 0.617536 0.0516998 0.0827443
4 0.960877 0.609189 0.0507446 0.101577
4 0.154211 0.573881 0.0471214 0.0768653
1 0.622351 0.606367 0.0450893 0.09497
0 0.796181 0.690232 0.0572777 0.102106
4 0.154694 0.584422 0.0604276 0.0968377
2 0.787514 0.565542 0.0669247 0.180675
4 0.0474379 0.559601 0.0469016 0.0782863
4 0.890504 0.565085 0.0364903 0.0707816
1 0.889805 0.563226 0.0392044 0.0790634
1 0.796396 0.690695 0.0566071 0.1039
1 0.616084 0.550247 0.0406059 0.0623756
