2 0.589188 0.426205 0.0705729 0.206218
1 0.183833 0.816194 0.0789577 0.139092
1 0.843664 0.82398 0.0682686 0.126499
1 0.358108 0.811458 0.0819285 0.15648
1 0.66899 0.805596 0.0743462 0.134747
1 0.340021 0.560137 0.0445434 0.088451
1 0.442699 0.538815 0.0481476 0.0909937
1 0.652648 0.685231 0.0582449 0.107838
1 0.714135 0.555305 0.0420025 0.0708468
1 0.24376 0.687405 0.0561087 0.102079
1 0.301702 0.596111 0.0501078 0.0989743
1 0.414946 0.610464 0.0511538 0.0864037
1 0.0742674 0.631584 0.0484156 0.0856799
4 0.15144 0.575434 0.0512499 0.0858244
1 0.744865 0.626552 0.0416308 0.0765176
1 0.395901 0.691834 0.0594744 0.101215
4 0.893726 0.556588 0.0429646 0.0784546
1 0.624603 0.604431 0.0417471 0.0878213
1 0.604474 0.557334 0.0355397 0.0763818
1 0.966413 0.604542 0.0478218 0.0941393
4 0.0464569 0.552205 0.0483558 0.0833136
1 0.790015 0.699087 0.0521574 0.088563
0 0.79073 0.69988 0.0512098 0.090067
