1 0.186573 0.814325 0.078814 0.138767
1 0.844417 0.823946 0.0682659 0.126511
1 0.362266 0.807813 0.0778925 0.149828
2 0.605655 0.423799 0.0677149 0.213506
1 0.66874 0.805025 0.0747395 0.137645
1 0.654099 0.685138 0.0557488 0.101852
1 0.340697 0.560234 0.0441772 0.0888038
1 0.442757 0.540202 0.0480864 0.0897892
1 0.245391 0.688121 0.0542861 0.104293
1 0.394636 0.694354 0.0589116 0.102304
1 0.714516 0.556227 0.0424057 0.0720629
1 0.301414 0.595179 0.0499908 0.100295
1 0.414756 0.610857 0.0521197 0.0851626
4 0.154048 0.575956 0.0513679 0.085099
1 0.625257 0.605969 0.0405749 0.0807163
4 0.0467772 0.552946 0.0500756 0.0824331
1 0.604435 0.556326 0.0359197 0.073
4 0.894109 0.556945 0.0418732 0.0760808
4 0.0779082 0.639152 0.057595 0.0975625
1 0.740222 0.63327 0.0427577 0.0767756
1 0.966414 0.606034 0.0481176 0.0935004
0 0.788439 0.696758 0.05201 0.0926561
4 0.965653 0.605339 0.0459759 0.0946044
1 0.988303 0.575729 0.0230606 0.0726069
