1 0.751276 0.696774 0.0722262 0.103457
1 0.127524 0.718005 0.0699837 0.105528
2 0.391806 0.366551 0.0833646 0.283503
1 0.547372 0.697361 0.0805431 0.111688
1 0.274324 0.819967 0.103996 0.111813
1 0.36359 0.716053 0.0817834 0.119986
1 0.546403 0.814039 0.0909924 0.112539
1 0.35851 0.624427 0.0734592 0.0846078
1 0.805287 0.820154 0.0983215 0.0938703
1 0.20916 0.563863 0.0585603 0.0764755
1 0.0305116 0.594548 0.0610232 0.125786
1 0.0643979 0.476154 0.0571488 0.0798028
1 0.549235 0.596149 0.062503 0.0833005
1 0.383448 0.562067 0.060581 0.0814766
1 0.701641 0.528551 0.0492675 0.0650633
1 0.282272 0.485362 0.0542472 0.075115
1 0.934365 0.501248 0.0487541 0.0756855
1 0.557668 0.522924 0.0484407 0.0669273
1 0.187654 0.641511 0.063609 0.102262
1 0.260722 0.553574 0.047802 0.0694701
1 0.983939 0.522997 0.0321226 0.086121
1 0.719006 0.642418 0.0572018 0.0934848
1 0.689129 0.596463 0.0503935 0.0832427
