1 0.182649 0.818795 0.0795555 0.139464
1 0.845742 0.827716 0.0717052 0.125164
1 0.359552 0.810259 0.0773025 0.148178
1 0.443822 0.53973 0.0476343 0.0851654
2 0.777443 0.472577 0.069215 0.328358
1 0.303488 0.593066 0.047058 0.0954653
1 0.394505 0.690371 0.0589404 0.103838
1 0.715981 0.554794 0.0437129 0.0727433
1 0.671696 0.791653 0.0692018 0.139237
1 0.255297 0.681298 0.0574029 0.0999738
1 0.34278 0.564913 0.0446934 0.0884415
1 0.647494 0.677678 0.0572002 0.105397
4 0.150459 0.568471 0.0505181 0.0826409
1 0.41491 0.61144 0.0513485 0.0873415
1 0.0743716 0.614798 0.0505752 0.0947116
1 0.741071 0.624769 0.0425789 0.0759631
1 0.789507 0.694121 0.051498 0.0884643
1 0.967162 0.607882 0.0494865 0.0954926
1 0.624772 0.599479 0.046515 0.092156
4 0.0459528 0.550651 0.0436921 0.0771707
4 0.894798 0.558964 0.0456461 0.0789546
1 0.894987 0.559145 0.0469246 0.0835485
