2 0.795603 0.519193 0.0894695 0.309822
1 0.366043 0.800936 0.0694304 0.133782
1 0.850857 0.830037 0.0699722 0.122791
1 0.440893 0.53656 0.0472184 0.081358
1 0.396995 0.693145 0.0582758 0.099883
1 0.30346 0.603913 0.0490458 0.0901662
1 0.340013 0.560956 0.0476426 0.0889427
1 0.253178 0.682764 0.054208 0.102043
1 0.188247 0.797839 0.0732371 0.134846
4 0.150709 0.571073 0.0548037 0.0870797
1 0.418517 0.611245 0.0527428 0.0875764
1 0.964901 0.606951 0.0471727 0.0968179
4 0.0768206 0.633804 0.0569363 0.102997
4 0.0525735 0.542668 0.0509847 0.0869715
2 0.657853 0.691396 0.115033 0.48262
1 0.887789 0.564611 0.0364044 0.0717208
1 0.675484 0.522873 0.0621157 0.129228
1 0.788161 0.698455 0.0562277 0.0954839
1 0.714295 0.555571 0.0397547 0.0759789
