0 0.373815 0.831317 0.0709565 0.146183
1 0.308777 0.604143 0.0499073 0.0891073
1 0.835392 0.832029 0.0771217 0.135697
1 0.198387 0.788112 0.0667365 0.127101
1 0.443237 0.540891 0.0469776 0.0826447
1 0.399484 0.694173 0.0580498 0.0998555
2 0.772831 0.477971 0.0554012 0.33891
2 0.6817 0.47195 0.0624828 0.251517
1 0.262594 0.685862 0.0563221 0.102154
1 0.648139 0.691024 0.0597774 0.11537
1 0.340284 0.562814 0.0448704 0.0872749
1 0.416004 0.61202 0.0497926 0.0848593
4 0.0522264 0.546268 0.0537319 0.0901512
4 0.150184 0.573848 0.0538621 0.083733
4 0.0775109 0.639042 0.0594722 0.106593
1 0.965497 0.606618 0.0462414 0.0956903
1 0.634906 0.599229 0.0532509 0.0913682
4 0.893486 0.565147 0.0459686 0.0811144
1 0.734656 0.627772 0.0448716 0.0920633
1 0.713519 0.557607 0.0408614 0.0722579
1 0.00799731 0.677471 0.0159946 0.127243
0 0.787558 0.706323 0.058224 0.119282
1 0.989339 0.568991 0.0213215 0.0739174
