1 0.838903 0.822757 0.0712265 0.122429
1 0.307163 0.604245 0.0482203 0.0890034
1 0.196873 0.788135 0.0675889 0.122324
1 0.44327 0.540351 0.0462168 0.0820679
1 0.396196 0.693384 0.0582846 0.0996426
2 0.813336 0.502845 0.0586174 0.389557
2 0.763427 0.461781 0.0485016 0.361505
1 0.26306 0.686318 0.0580049 0.102829
0 0.37314 0.828879 0.0690519 0.139614
1 0.714225 0.555176 0.040964 0.0731234
1 0.34122 0.56366 0.0453084 0.0861568
1 0.415533 0.614015 0.0492873 0.0838953
4 0.148456 0.573083 0.0522248 0.0813198
1 0.658493 0.690192 0.0611034 0.111503
1 0.0736992 0.632181 0.0518823 0.0925385
1 0.965015 0.606197 0.046567 0.0940833
1 0.632548 0.602365 0.0485954 0.0925388
4 0.0517135 0.54288 0.0514224 0.0880093
1 0.37294 0.829583 0.0685943 0.132919
1 0.610695 0.561947 0.0352728 0.0767043
1 0.737901 0.629698 0.0447279 0.0840919
