2 0.779246 0.466254 0.0657839 0.38454
1 0.838113 0.823053 0.0715515 0.123728
2 0.90664 0.482691 0.0747002 0.25271
1 0.196912 0.789862 0.0692279 0.124163
1 0.396946 0.693164 0.0583697 0.101292
1 0.713308 0.554814 0.0428356 0.0749262
0 0.373866 0.831341 0.069635 0.146532
1 0.263321 0.687543 0.056326 0.10374
1 0.445412 0.53981 0.0467834 0.0821004
1 0.309573 0.606572 0.0507039 0.0910129
1 0.340895 0.564644 0.0462383 0.088216
1 0.657376 0.692843 0.0619429 0.113716
1 0.420004 0.61307 0.0493575 0.0846105
4 0.148468 0.574107 0.0532078 0.0831698
1 0.963756 0.60785 0.0454151 0.0929472
1 0.0737662 0.633213 0.0514092 0.0933336
4 0.0526503 0.544676 0.0511036 0.087222
1 0.631872 0.601876 0.0494357 0.0916542
1 0.788089 0.699853 0.0528319 0.101668
1 0.737176 0.627335 0.0448482 0.0797031
1 0.989222 0.574512 0.0214301 0.0704616
1 0.612279 0.560564 0.036875 0.0771427
