1 0.373733 0.817552 0.0763512 0.132832
2 0.7845 0.502713 0.0787682 0.271285
2 0.21641 0.653821 0.0967522 0.314584
1 0.713321 0.55804 0.0429631 0.0729477
1 0.403245 0.698281 0.0637705 0.103388
1 0.853084 0.872086 0.074525 0.130438
1 0.68626 0.803875 0.0712061 0.147216
1 0.341055 0.564007 0.0464291 0.0826215
1 0.184556 0.792035 0.0720978 0.139167
1 0.302502 0.619653 0.0490628 0.0890059
1 0.415626 0.61278 0.0499464 0.0839252
1 0.649499 0.681757 0.056028 0.100073
4 0.956958 0.616276 0.0564958 0.0971174
4 0.0498219 0.556154 0.0538467 0.086727
4 0.894764 0.563725 0.0473934 0.0846844
4 0.452154 0.551549 0.0469641 0.0902312
1 0.797908 0.703807 0.0512123 0.112308
1 0.739495 0.623233 0.0446822 0.08543
1 0.601536 0.57061 0.0312517 0.0737256
4 0.145986 0.569831 0.0470533 0.0802844
4 0.0807514 0.630901 0.0559448 0.0979085
4 0.990282 0.572613 0.0194365 0.0647781
