1 0.357159 0.793031 0.0736779 0.137297
1 0.858191 0.87263 0.0738152 0.139379
1 0.189566 0.795598 0.0754599 0.128838
1 0.258169 0.684647 0.0541567 0.094691
1 0.396427 0.699163 0.0595433 0.103758
1 0.651784 0.687222 0.056272 0.103535
4 0.898084 0.566071 0.0433598 0.0765527
1 0.684572 0.818094 0.0738281 0.138915
2 0.837956 0.491474 0.0551811 0.276599
4 0.450776 0.552675 0.0491625 0.0927958
4 0.046448 0.559618 0.0512178 0.0880664
4 0.152328 0.575477 0.0523992 0.0857276
1 0.417574 0.615458 0.0495317 0.0918759
1 0.341558 0.562393 0.047458 0.0848377
4 0.96136 0.611483 0.0465914 0.0956214
4 0.083956 0.638333 0.0604447 0.10984
1 0.306051 0.615941 0.0479238 0.0899604
1 0.624117 0.602677 0.0499249 0.0948218
1 0.793484 0.706575 0.0600815 0.107162
1 0.962636 0.61163 0.0479492 0.0928124
4 0.898163 0.570232 0.0514227 0.0972512
2 0.780605 0.558259 0.0732003 0.289717
