1 0.860622 0.872916 0.0750717 0.136439
2 0.772113 0.490642 0.0725407 0.310297
1 0.358287 0.79251 0.0732141 0.138681
1 0.188006 0.795402 0.0736699 0.128953
1 0.263206 0.684907 0.0549948 0.0933229
1 0.653084 0.687722 0.0570496 0.105059
1 0.398355 0.699672 0.0579647 0.104522
1 0.695779 0.824381 0.0749312 0.146517
1 0.792906 0.707239 0.0574709 0.112269
1 0.305248 0.616031 0.0476496 0.0887219
4 0.450984 0.552633 0.049 0.0903179
1 0.340566 0.563817 0.0476109 0.0833125
4 0.0458129 0.559303 0.0516993 0.0885118
1 0.964529 0.612912 0.0475121 0.0904158
1 0.416821 0.613036 0.0494882 0.0880838
1 0.623595 0.597157 0.0544831 0.10431
4 0.153433 0.574046 0.0471998 0.0777376
4 0.898536 0.565113 0.046843 0.0861981
4 0.0833568 0.636842 0.0609879 0.108205
1 0.991407 0.574789 0.0168777 0.0668656
1 0.74343 0.613807 0.0409004 0.0689554
4 0.152758 0.582069 0.0582088 0.0946218
