1 0.359098 0.794633 0.0737409 0.140048
1 0.859604 0.874226 0.0754145 0.137984
1 0.188106 0.796035 0.0761126 0.129662
1 0.399747 0.698513 0.0571655 0.101459
1 0.266105 0.685834 0.0547511 0.0947105
1 0.340252 0.56502 0.0460215 0.0825035
1 0.30516 0.614807 0.0470961 0.0860598
2 0.716313 0.466372 0.059273 0.251574
1 0.651225 0.688583 0.0579485 0.0994804
1 0.681884 0.803846 0.0740037 0.146231
1 0.793898 0.704423 0.0576711 0.11108
1 0.414915 0.611224 0.0495983 0.0857894
4 0.45102 0.553186 0.0489307 0.0902413
1 0.962875 0.610293 0.0458105 0.0931332
4 0.0449971 0.560796 0.051139 0.0870129
4 0.153093 0.573429 0.045312 0.0768305
1 0.624451 0.60149 0.0514185 0.0947257
4 0.89725 0.564454 0.044655 0.084011
2 0.764521 0.462306 0.0561098 0.301713
1 0.74427 0.607242 0.0447366 0.0706898
1 0.9913 0.577041 0.0171303 0.0687496
4 0.080766 0.634005 0.0577183 0.0977619
1 0.621425 0.58571 0.0542783 0.103546
1 0.0797686 0.634058 0.0592955 0.0971053
