0 0.785775 0.646164 0.0408951 0.0970253
0 0.892091 0.886783 0.074055 0.134859
0 0.470995 0.697569 0.0489333 0.115262
0 0.485028 0.567014 0.0453622 0.0847453
0 0.805309 0.560454 0.0351261 0.0728944
0 0.709952 0.819048 0.0689825 0.125224
0 0.915702 0.68708 0.048976 0.104348
0 0.204298 0.629415 0.048782 0.0833287
0 0.918531 0.594627 0.04112 0.0709137
0 0.0552415 0.547477 0.0401442 0.0758042
0 0.51747 0.437728 0.0314709 0.0722736
0 0.284402 0.534771 0.0307531 0.0661237
0 0.343555 0.696724 0.0520566 0.107541
0 0.412541 0.38792 0.0267299 0.0546196
0 0.479681 0.440984 0.0295437 0.0621183
0 0.140054 0.473356 0.0358721 0.0631342
0 0.571141 0.616496 0.0395441 0.0785193
0 0.153594 0.585967 0.0397044 0.0733295
0 0.75577 0.40131 0.0306475 0.0611326
0 0.353093 0.53544 0.0421061 0.0794528
0 0.297168 0.440113 0.0341676 0.0657685
0 0.0163509 0.536916 0.0325794 0.0672642
0 0.926095 0.522453 0.0383976 0.0658976
0 0.631514 0.462609 0.0289536 0.0596105
0 0.452116 0.488904 0.0387307 0.0681437
0 0.694777 0.481461 0.0383517 0.0658171
0 0.18764 0.484903 0.037621 0.0692758
0 0.642062 0.537068 0.0336448 0.0716376
0 0.339323 0.405931 0.0269564 0.0570357
0 0.84762 0.463129 0.0312294 0.0652088
0 0.821895 0.509467 0.0317932 0.0580734
0 0.388826 0.478224 0.0374892 0.0654254
0 0.937444 0.430634 0.0279919 0.0602008
0 0.725945 0.44974 0.0270807 0.0596233
0 0.463269 0.361846 0.0254441 0.0560922
0 0.249095 0.429284 0.0325524 0.0667383
0 0.504444 0.373094 0.0259344 0.0508277
0 0.875044 0.445223 0.0264696 0.058511
0 0.567396 0.511906 0.0333874 0.0649373
0 0.443838 0.408302 0.0274687 0.0527622
0 0.667632 0.424511 0.0271927 0.0539871
2 0.591071 0.445302 0.0677971 0.202495
