0 0.786727 0.653544 0.0412134 0.0924659
0 0.887628 0.872013 0.066405 0.116411
0 0.811498 0.564993 0.0374677 0.0756284
0 0.486232 0.571998 0.0430345 0.0802243
0 0.207555 0.630872 0.0466472 0.0817697
0 0.349667 0.673957 0.0612019 0.111354
0 0.0559533 0.54707 0.0410605 0.0820892
0 0.477616 0.686126 0.0461618 0.112703
0 0.358149 0.528104 0.0411016 0.0799237
0 0.139081 0.472037 0.037231 0.0650479
0 0.914506 0.705266 0.0494637 0.101292
0 0.151344 0.583628 0.0457777 0.0802463
0 0.920796 0.594851 0.0391003 0.071513
0 0.927965 0.519642 0.034982 0.0653875
0 0.285648 0.532966 0.0331133 0.0691369
0 0.833147 0.497598 0.0316406 0.06627
0 0.582963 0.600282 0.043652 0.0825123
0 0.517865 0.43565 0.0326254 0.0680984
0 0.186648 0.484513 0.0396676 0.0690098
0 0.570416 0.50346 0.0331526 0.0657806
0 0.477901 0.431655 0.0299143 0.0604862
0 0.459366 0.494236 0.0416331 0.0711556
0 0.0169696 0.536315 0.0337949 0.0677275
0 0.303768 0.437497 0.0335268 0.0687507
0 0.244663 0.438864 0.0328334 0.0652264
0 0.404914 0.388577 0.027322 0.054526
0 0.693015 0.482454 0.0414081 0.0686806
0 0.640963 0.528317 0.0333126 0.0718912
0 0.667151 0.429137 0.0286908 0.0569275
0 0.334248 0.409638 0.0303177 0.0647364
0 0.632577 0.464672 0.0317423 0.0611071
0 0.567706 0.442621 0.0298229 0.0532752
0 0.716571 0.813602 0.0622331 0.117671
0 0.507232 0.372388 0.0266447 0.052852
0 0.459616 0.371165 0.0273056 0.0534371
0 0.752562 0.405943 0.0282089 0.0529595
0 0.726531 0.449288 0.0290354 0.0582014
0 0.643233 0.383013 0.0227628 0.0548185
0 0.38216 0.435775 0.0412987 0.0664035
0 0.388271 0.459301 0.0380519 0.0699157
1 0.571464 0.382241 0.0229023 0.0492316
0 0.85353 0.457058 0.0265102 0.0555456
0 0.613286 0.383081 0.0251705 0.050265
0 0.92133 0.46878 0.0274257 0.0529473
0 0.696966 0.40707 0.026867 0.0485755
