0 0.784582 0.626045 0.0406275 0.102892
0 0.895312 0.856437 0.064341 0.133462
0 0.486755 0.566996 0.0451654 0.0862396
0 0.476616 0.692446 0.0474066 0.1118
0 0.811429 0.560351 0.0336328 0.076676
0 0.351994 0.671391 0.0661576 0.114913
0 0.914081 0.674646 0.0484805 0.0996431
0 0.631551 0.467174 0.03237 0.063589
0 0.355975 0.529632 0.0422465 0.0819706
0 0.518021 0.438642 0.0335209 0.072041
0 0.927864 0.522757 0.0356739 0.0673347
0 0.147036 0.592863 0.0419265 0.0794379
0 0.564007 0.509013 0.0387171 0.0740139
0 0.572986 0.594905 0.0416413 0.0838521
0 0.830546 0.501677 0.0333009 0.0665097
0 0.147209 0.465902 0.0354996 0.0691424
0 0.918442 0.593939 0.0409487 0.0694191
0 0.645259 0.536524 0.0349454 0.0674991
0 0.186429 0.482368 0.0373367 0.0669459
0 0.569341 0.441193 0.0343121 0.0569248
0 0.697269 0.476031 0.0338613 0.0699879
0 0.0168181 0.537658 0.0335639 0.0669775
0 0.404824 0.390544 0.0287922 0.0559812
0 0.388481 0.463887 0.0371967 0.0652683
0 0.668808 0.429217 0.0244732 0.0550195
0 0.441324 0.405775 0.0293787 0.0526255
0 0.726811 0.448569 0.0277097 0.0592731
0 0.0569349 0.549752 0.0409284 0.0748556
0 0.205263 0.634522 0.0582211 0.0856033
0 0.454386 0.465322 0.0342208 0.0700324
0 0.461289 0.36467 0.0253886 0.0528756
0 0.750145 0.407875 0.034129 0.0614575
0 0.477604 0.429527 0.028606 0.0620513
0 0.692412 0.416197 0.024856 0.0527131
0 0.252471 0.437446 0.0318644 0.0637676
2 0.313637 0.479873 0.0497874 0.253159
0 0.504291 0.374095 0.0253457 0.0516149
0 0.57031 0.392111 0.0266327 0.0472276
0 0.644978 0.385842 0.0245977 0.0562
0 0.611282 0.38918 0.0273046 0.0529431
0 0.283171 0.53129 0.0301443 0.0702623
0 0.856312 0.444455 0.0326431 0.065448
0 0.327024 0.393592 0.0396439 0.0902506
