0 0.789245 0.632477 0.0421479 0.0948851
0 0.481161 0.687675 0.0456886 0.111596
0 0.892253 0.879117 0.0664249 0.126961
0 0.208561 0.635574 0.05064 0.0849786
0 0.484021 0.577139 0.0453628 0.0832027
0 0.911228 0.671631 0.0467571 0.0981598
0 0.813594 0.564837 0.0353449 0.077593
0 0.353016 0.677378 0.071116 0.119918
0 0.153838 0.586028 0.0416082 0.0775133
0 0.696347 0.485467 0.0390022 0.0682526
0 0.573251 0.60468 0.0381962 0.080973
0 0.282546 0.531604 0.0385356 0.0696012
0 0.359323 0.533623 0.0425358 0.078535
0 0.565556 0.522005 0.0440612 0.0741835
0 0.143748 0.467276 0.0343212 0.0705546
0 0.51893 0.445353 0.0326685 0.0668091
0 0.62694 0.460426 0.0340208 0.0810491
0 0.0163073 0.538277 0.0325701 0.0655772
0 0.919992 0.588914 0.0388622 0.0670926
0 0.83593 0.503751 0.0323524 0.0625343
0 0.392546 0.464615 0.0350531 0.0731851
0 0.646869 0.532881 0.0358131 0.0713321
0 0.247743 0.440188 0.0322378 0.0623582
0 0.0580866 0.545884 0.0449288 0.0745835
0 0.927481 0.521209 0.0342934 0.0629627
0 0.184081 0.484135 0.0375614 0.0690119
0 0.446303 0.47344 0.037319 0.0697649
0 0.667132 0.428225 0.0265919 0.0569711
0 0.75181 0.402627 0.0302229 0.0610686
0 0.730184 0.446992 0.0272145 0.0576104
0 0.477551 0.42831 0.0276297 0.0626529
0 0.9191 0.472875 0.0303459 0.0553313
0 0.504676 0.373997 0.0247702 0.051642
0 0.406629 0.394553 0.0282627 0.0549711
0 0.71722 0.829753 0.0643587 0.1213
0 0.694328 0.416718 0.0263584 0.0542341
0 0.300934 0.436494 0.0331717 0.0643541
0 0.453867 0.383455 0.028223 0.0605552
0 0.329922 0.416048 0.0254562 0.0559757
0 0.644722 0.384878 0.0238098 0.0576053
0 0.448317 0.390445 0.0268576 0.0570704
1 0.576929 0.41156 0.0272877 0.0592051
