0 0.792839 0.636275 0.0437344 0.0958471
0 0.881182 0.869298 0.0719006 0.12984
0 0.208181 0.632917 0.0527011 0.0847942
0 0.484138 0.574988 0.0438656 0.0822761
0 0.478949 0.691102 0.0491287 0.110637
0 0.714204 0.816764 0.0613863 0.121124
0 0.911164 0.682153 0.0480122 0.0984175
0 0.813614 0.550268 0.0332082 0.0703768
0 0.0567579 0.546669 0.0444974 0.0817091
0 0.630837 0.463539 0.032104 0.0641581
0 0.570888 0.605837 0.0415414 0.0876985
0 0.517524 0.443535 0.0325851 0.0691085
0 0.136568 0.461017 0.0345566 0.0662099
0 0.351994 0.677415 0.065802 0.112124
0 0.149451 0.590391 0.0413059 0.0745078
0 0.357057 0.535818 0.0403202 0.0800293
0 0.283876 0.534129 0.0364543 0.0669898
0 0.919079 0.583611 0.0353092 0.0733687
0 0.697894 0.484758 0.0387828 0.0666233
0 0.182483 0.491668 0.0375845 0.0660821
0 0.644679 0.538153 0.0336365 0.0718689
0 0.0166634 0.536849 0.0331732 0.0659427
0 0.568866 0.438908 0.0328048 0.053048
0 0.92772 0.520382 0.0308932 0.0586388
0 0.751384 0.403551 0.0317072 0.0659731
0 0.567521 0.507743 0.0380817 0.0717556
0 0.393545 0.462943 0.0303675 0.0646304
0 0.830058 0.497075 0.0292683 0.0614846
0 0.246095 0.444961 0.0311207 0.0596222
0 0.726169 0.444676 0.0262196 0.0576116
0 0.66714 0.421655 0.0265533 0.0554237
0 0.450617 0.470461 0.0344067 0.0674938
0 0.307414 0.436887 0.0279842 0.0578143
0 0.57147 0.392923 0.0273754 0.0479279
0 0.476647 0.427356 0.0284697 0.0586817
0 0.644358 0.385151 0.0225233 0.0558687
0 0.332596 0.413766 0.0228327 0.0522432
0 0.457517 0.374769 0.0246653 0.0517091
0 0.852394 0.45706 0.0256982 0.0572056
0 0.445861 0.408327 0.0271282 0.0512321
0 0.847107 0.452192 0.0282329 0.0573974
0 0.505052 0.368492 0.0254218 0.057035
0 0.61409 0.391069 0.0283432 0.0547638
