0 0.791117 0.632534 0.0405955 0.0895159
0 0.879873 0.875428 0.0722066 0.126003
0 0.208686 0.633629 0.0525311 0.0861066
0 0.812247 0.553351 0.0335522 0.0746479
0 0.715084 0.819849 0.0606608 0.118551
0 0.578685 0.581663 0.0412769 0.0924728
0 0.480556 0.691634 0.0501849 0.108689
0 0.487283 0.579748 0.0444985 0.0843162
0 0.353384 0.668912 0.0584797 0.107086
0 0.284756 0.534705 0.0355754 0.0668247
0 0.63051 0.464371 0.0325118 0.0638289
0 0.927416 0.523327 0.0330959 0.0624469
0 0.932829 0.597126 0.0422554 0.0752972
0 0.355619 0.532379 0.0414877 0.079468
0 0.147848 0.45641 0.0339317 0.0668644
0 0.910346 0.698618 0.0450607 0.103607
0 0.0593509 0.547093 0.042721 0.0786759
0 0.147544 0.590155 0.0391379 0.0783061
0 0.643493 0.539432 0.0337125 0.070706
0 0.695637 0.486072 0.0363827 0.0663564
0 0.304727 0.441788 0.0349123 0.065018
0 0.831679 0.497987 0.0291346 0.0639942
0 0.564744 0.505185 0.0375811 0.0698103
0 0.0171137 0.536876 0.0340435 0.0668259
0 0.182694 0.489384 0.0339437 0.0657549
0 0.568238 0.442799 0.0323237 0.0518839
0 0.517753 0.450439 0.0333522 0.0595586
0 0.392944 0.466812 0.0309405 0.061938
0 0.246494 0.444103 0.0308287 0.0590096
0 0.669063 0.425383 0.0267845 0.0552104
0 0.750759 0.403038 0.0315571 0.0643773
2 0.425554 0.409108 0.0503487 0.168742
0 0.453601 0.475773 0.0331742 0.0669635
0 0.504164 0.374746 0.0252808 0.0511698
0 0.853856 0.457982 0.0252007 0.0580917
0 0.331976 0.413398 0.0264996 0.0550672
0 0.722062 0.450866 0.0286752 0.0586844
0 0.57112 0.395842 0.0268999 0.0450356
0 0.645172 0.385253 0.0240307 0.058826
0 0.380525 0.41956 0.0292063 0.0524531
0 0.476506 0.426012 0.029734 0.0571638
0 0.447532 0.478464 0.0309974 0.0670751
0 0.935433 0.432196 0.027179 0.0540861
0 0.720197 0.457629 0.0340177 0.0660851
0 0.613791 0.38814 0.0283048 0.0545365
0 0.693857 0.416126 0.0253235 0.0535877
0 0.473262 0.419443 0.0283535 0.051563
0 0.251744 0.447752 0.0325926 0.0585793
