0 0.791786 0.636213 0.0406955 0.0912708
0 0.489118 0.688615 0.0445492 0.112453
0 0.881408 0.885607 0.0774326 0.124117
0 0.486464 0.577471 0.044233 0.0875765
0 0.209531 0.634198 0.0523804 0.0848779
0 0.809372 0.557867 0.0337327 0.0728857
0 0.3524 0.673086 0.0629806 0.111175
0 0.919111 0.696887 0.0501506 0.104108
0 0.159428 0.445155 0.0320769 0.067902
0 0.572541 0.615577 0.0397106 0.0865837
0 0.71413 0.814566 0.0586623 0.119699
0 0.569586 0.446695 0.0334142 0.0580858
0 0.358344 0.531188 0.0400191 0.0791292
0 0.056246 0.545681 0.0383364 0.0783234
0 0.146269 0.588754 0.0434965 0.0787669
0 0.553362 0.526271 0.0402443 0.0766593
0 0.752276 0.402352 0.032077 0.0657617
0 0.283888 0.535721 0.0345003 0.0665004
0 0.631278 0.463819 0.0316188 0.0635305
0 0.832702 0.503959 0.0317439 0.0644692
0 0.69585 0.481675 0.0401396 0.0693933
0 0.643612 0.535498 0.0338892 0.0729081
0 0.0172722 0.530298 0.0340154 0.0652442
0 0.245258 0.445196 0.0325273 0.060722
0 0.18272 0.496128 0.0318541 0.0636734
0 0.306022 0.44238 0.033857 0.0624159
0 0.390266 0.468653 0.0342235 0.0645353
0 0.928269 0.582664 0.0354099 0.0771762
0 0.726295 0.441806 0.0262512 0.058806
0 0.516247 0.453549 0.0349706 0.0606836
0 0.667404 0.429399 0.0264571 0.0545719
0 0.926744 0.518831 0.0308726 0.0569846
0 0.332915 0.410439 0.0269674 0.0569497
0 0.504874 0.37612 0.0254057 0.0525892
0 0.571266 0.395554 0.0264122 0.0461359
1 0.450818 0.458552 0.0335603 0.0754327
0 0.40542 0.390713 0.0266125 0.0549335
0 0.478496 0.422289 0.0262503 0.0550639
0 0.848016 0.451368 0.0305035 0.0595674
0 0.936615 0.434918 0.0258999 0.0539981
0 0.852214 0.457258 0.0263753 0.0600371
0 0.885659 0.462018 0.0222778 0.0497833
0 0.923133 0.473441 0.0292455 0.0499084
0 0.45387 0.372635 0.0312393 0.0541628
0 0.644378 0.383898 0.0232264 0.0543008
