0 0.487454 0.687037 0.0466578 0.110929
0 0.793023 0.63582 0.0417696 0.0912667
0 0.488875 0.567189 0.0416353 0.0847382
0 0.878939 0.842341 0.0713909 0.142076
0 0.208102 0.6335 0.0487457 0.0811668
0 0.571821 0.613283 0.0413076 0.0875519
0 0.806712 0.561264 0.0365753 0.0721165
0 0.917949 0.698492 0.0482956 0.0993907
0 0.715719 0.818418 0.0626415 0.121901
0 0.150887 0.587158 0.0433963 0.078929
0 0.352833 0.67373 0.0638952 0.112528
0 0.160793 0.446117 0.032441 0.0680417
0 0.568885 0.44748 0.0339759 0.0579643
0 0.918558 0.597356 0.0406938 0.0737304
0 0.357002 0.533267 0.0424068 0.0807358
0 0.833887 0.504645 0.0330906 0.0641318
0 0.255573 0.429402 0.0329617 0.0659997
0 0.184152 0.492256 0.0321762 0.064545
0 0.642562 0.531996 0.0354155 0.0770457
0 0.285763 0.535664 0.0374218 0.06876
0 0.305181 0.443186 0.0342676 0.0638172
0 0.69627 0.483545 0.0392372 0.0699366
0 0.553041 0.525744 0.0398701 0.0763263
0 0.0549088 0.541134 0.0398178 0.0739385
0 0.406156 0.386937 0.027976 0.055904
0 0.925981 0.52342 0.037788 0.0640121
0 0.0165768 0.53341 0.0329474 0.064261
0 0.626774 0.454931 0.0354346 0.0738962
0 0.753663 0.406297 0.0325871 0.059691
0 0.389121 0.468126 0.0344555 0.0680742
0 0.729422 0.445852 0.0305598 0.0599877
0 0.330988 0.411468 0.0268966 0.0578501
0 0.478471 0.428028 0.0263784 0.057975
0 0.518282 0.453627 0.0337386 0.0601231
0 0.505576 0.377602 0.0249342 0.0518215
0 0.668162 0.428545 0.0269899 0.0558554
0 0.571316 0.395213 0.0262455 0.0451202
0 0.51945 0.42126 0.0305035 0.0587368
1 0.449934 0.458779 0.0335581 0.0738805
0 0.937896 0.435916 0.0259847 0.0556738
0 0.851444 0.456352 0.0293648 0.0625166
0 0.645037 0.387008 0.0245077 0.0560338
0 0.847609 0.452443 0.0303108 0.0587324
0 0.371005 0.410924 0.0308089 0.0573948
0 0.921954 0.47384 0.0308117 0.0514862
0 0.612337 0.390426 0.0275697 0.0552572
