0 0.78848 0.640458 0.0412239 0.0963451
0 0.476408 0.684529 0.044465 0.110407
0 0.886432 0.879069 0.073037 0.124197
0 0.914441 0.699255 0.0490725 0.104151
0 0.489296 0.575996 0.041675 0.0836437
0 0.206233 0.634126 0.0550499 0.080158
0 0.804863 0.561675 0.0378735 0.0734506
0 0.348676 0.674687 0.0651003 0.118531
0 0.357004 0.532209 0.0412906 0.0793606
0 0.583476 0.600067 0.0404353 0.0873995
0 0.69199 0.480447 0.0363787 0.0687351
0 0.142513 0.458941 0.0341793 0.0695574
0 0.923736 0.520622 0.0371812 0.0663796
0 0.305349 0.442909 0.0337325 0.0650901
0 0.0575758 0.543136 0.0402897 0.0752872
0 0.56814 0.446211 0.0319798 0.0560566
0 0.292906 0.525939 0.0325124 0.0675513
0 0.514376 0.449718 0.0337023 0.0599769
0 0.834417 0.511065 0.0320717 0.0637326
0 0.641078 0.535596 0.0340262 0.0690306
0 0.0164419 0.533394 0.0327326 0.0644385
0 0.915049 0.588996 0.0395863 0.0699434
0 0.552184 0.520547 0.0386042 0.076291
0 0.185309 0.482702 0.0349417 0.0647909
0 0.451194 0.47702 0.0355105 0.0724987
0 0.667697 0.430021 0.0268705 0.0526962
0 0.246172 0.434644 0.033038 0.0621933
0 0.568852 0.393144 0.0252903 0.0470379
0 0.149948 0.594887 0.0382523 0.0731998
0 0.751223 0.402566 0.0319862 0.067678
0 0.386811 0.463176 0.0352408 0.0615217
0 0.727681 0.445473 0.0325143 0.0618748
0 0.626027 0.466381 0.0296908 0.0522586
0 0.405977 0.389616 0.0270475 0.0543903
0 0.504109 0.377894 0.0262058 0.0535739
0 0.713995 0.796149 0.0562894 0.116182
0 0.333654 0.410483 0.0298778 0.0587546
0 0.383398 0.433417 0.0361008 0.0568645
0 0.477204 0.426066 0.0278763 0.0553164
0 0.447846 0.391082 0.028411 0.0603356
0 0.64447 0.387354 0.0235766 0.0543575
0 0.848326 0.439211 0.0328453 0.0651259
0 0.922781 0.468639 0.0280945 0.0520059
0 0.611489 0.38809 0.0256407 0.0508213
