0 0.479704 0.683842 0.0435205 0.106153
0 0.774911 0.630864 0.0369207 0.0909817
0 0.887462 0.848115 0.0626095 0.143501
0 0.486577 0.573254 0.0441425 0.0843803
0 0.914416 0.693416 0.0488491 0.101498
0 0.810595 0.563413 0.0336069 0.0758681
0 0.206401 0.634788 0.052903 0.0826493
0 0.3484 0.673141 0.062884 0.115979
0 0.289694 0.527542 0.0324593 0.0676411
0 0.557737 0.513177 0.0389003 0.0730531
0 0.629741 0.469711 0.0338667 0.0648666
0 0.357705 0.532297 0.0421685 0.0803713
0 0.928307 0.523489 0.0354443 0.07001
0 0.409115 0.389459 0.0302849 0.0533534
0 0.148097 0.591216 0.0402014 0.077851
0 0.14385 0.453492 0.0343221 0.0698529
0 0.574996 0.610746 0.0398024 0.0831009
0 0.518265 0.443905 0.0341271 0.0694282
0 0.0592879 0.539003 0.0421926 0.0768099
0 0.19275 0.480267 0.033716 0.065481
0 0.912054 0.593215 0.0421001 0.0742444
0 0.829882 0.512314 0.0316772 0.0655087
0 0.0168964 0.535009 0.0337655 0.0659363
0 0.305256 0.441201 0.0324463 0.0661635
0 0.450016 0.476034 0.038393 0.0752357
0 0.248831 0.43329 0.0334621 0.0655409
0 0.647724 0.537654 0.0335635 0.0695282
0 0.697928 0.48633 0.0372572 0.0683044
0 0.477876 0.417918 0.0306362 0.0666126
0 0.751423 0.404056 0.0313759 0.0668196
0 0.613441 0.395399 0.0292751 0.0574063
0 0.572023 0.417449 0.0299255 0.0589946
0 0.391529 0.467553 0.036228 0.0730335
0 0.332154 0.413272 0.026377 0.0542235
0 0.725057 0.449957 0.0270836 0.0577064
0 0.665101 0.412878 0.0277718 0.0606287
0 0.934435 0.427435 0.0265317 0.05695
0 0.458634 0.372058 0.0258227 0.0526679
0 0.374279 0.408776 0.0297622 0.0562545
1 0.8547 0.446046 0.0308342 0.0710356
0 0.446746 0.402039 0.026202 0.0506889
0 0.644191 0.385487 0.0214909 0.0515827
