0 0.716631 0.806573 0.0598648 0.132456
0 0.481522 0.677762 0.043791 0.107772
0 0.884064 0.865932 0.0665088 0.126057
0 0.21207 0.631366 0.0470723 0.0872403
0 0.813016 0.55445 0.0325859 0.0806061
0 0.910123 0.683432 0.0449247 0.097537
0 0.48142 0.578282 0.044096 0.0826473
0 0.156586 0.569956 0.0387692 0.0830978
0 0.357758 0.531102 0.0417877 0.0808452
0 0.351653 0.675562 0.0660309 0.117628
0 0.0651186 0.540985 0.0417852 0.082732
0 0.581207 0.602249 0.0401138 0.0844078
0 0.839582 0.514534 0.0306408 0.0678362
0 0.5708 0.500834 0.0391378 0.0748403
0 0.922405 0.591439 0.0372482 0.0691871
0 0.643557 0.53564 0.0357531 0.0724365
0 0.406465 0.386778 0.0262747 0.053842
0 0.305515 0.440212 0.032283 0.0638495
0 0.627266 0.4524 0.0353955 0.0789012
0 0.248971 0.432533 0.0328462 0.0687006
0 0.570311 0.433332 0.0348757 0.0528593
0 0.0173913 0.539246 0.0345847 0.0694378
0 0.523059 0.429105 0.0318194 0.0702195
0 0.389824 0.467257 0.0354882 0.0630973
0 0.199574 0.464743 0.0330217 0.0764925
0 0.645437 0.384986 0.0240747 0.0578602
0 0.923766 0.523634 0.0333588 0.0642838
0 0.440946 0.398594 0.0255434 0.0499278
0 0.697999 0.484894 0.0384447 0.0680974
0 0.332623 0.412368 0.0276672 0.0552038
0 0.72835 0.433765 0.027153 0.0599791
0 0.288738 0.531532 0.0347633 0.0699782
0 0.919252 0.469803 0.029826 0.0539048
0 0.460428 0.371191 0.0249883 0.055918
1 0.779801 0.621941 0.0408556 0.0918728
1 0.453003 0.459392 0.034004 0.0692995
0 0.667203 0.432221 0.0288954 0.0575336
0 0.751523 0.402134 0.0292282 0.0607869
0 0.779751 0.621996 0.0405314 0.0910769
0 0.175934 0.437822 0.0244203 0.0545999
0 0.502297 0.375401 0.0259591 0.0516034
0 0.477476 0.424952 0.0282307 0.0571411
0 0.609535 0.401315 0.0272495 0.0564199
0 0.570903 0.393617 0.0269201 0.0476201
1 0.860744 0.442603 0.0297688 0.0607624
0 0.547066 0.347494 0.0307848 0.0655153
