1 0.180677 0.814843 0.0733799 0.124489
1 0.858636 0.876348 0.0719873 0.14633
2 0.819624 0.473232 0.0745063 0.336951
1 0.339441 0.819559 0.0758048 0.129595
1 0.655746 0.680961 0.0644574 0.118608
1 0.78968 0.699951 0.0579962 0.100737
1 0.398877 0.705832 0.0527391 0.116978
1 0.43864 0.551796 0.0478546 0.0764263
4 0.0496964 0.544734 0.0534473 0.0860104
1 0.303162 0.61803 0.0499682 0.0913836
1 0.715744 0.561386 0.0464104 0.0781508
2 0.715016 0.436084 0.0662138 0.25547
1 0.748413 0.613998 0.0446947 0.0802053
4 0.150054 0.54809 0.0484919 0.0851166
0 0.67112 0.81579 0.0814437 0.141232
1 0.328466 0.559116 0.0427574 0.0819515
1 0.61944 0.597011 0.0497669 0.130462
1 0.422751 0.618935 0.050324 0.0844982
1 0.966156 0.6082 0.0466141 0.0943829
4 0.0735328 0.630453 0.0542741 0.0944312
4 0.965408 0.607767 0.0462229 0.0933313
1 0.0735347 0.630932 0.0534791 0.0938778
4 0.897944 0.563224 0.042466 0.0800191
0 0.0134265 0.670721 0.0267873 0.11839
