2 0.716947 0.43086 0.0787847 0.247348
2 0.827597 0.484809 0.0624899 0.33814
1 0.849793 0.869087 0.0732259 0.133387
0 0.350808 0.831823 0.0755225 0.148861
1 0.438641 0.552635 0.0456418 0.0777999
1 0.787877 0.705756 0.0540218 0.099018
4 0.0492847 0.545367 0.0547135 0.088124
1 0.651464 0.679064 0.0605541 0.105724
1 0.620955 0.601309 0.0491464 0.10997
1 0.307747 0.623543 0.0523179 0.0872053
1 0.17693 0.820194 0.0712081 0.131069
1 0.677766 0.80413 0.0696883 0.141458
0 0.400207 0.696589 0.0511401 0.0973347
1 0.741665 0.617714 0.0449394 0.0851686
1 0.250215 0.749517 0.059333 0.122579
1 0.0725768 0.629845 0.0528165 0.0912807
0 0.249675 0.749867 0.0591513 0.121241
1 0.717885 0.560357 0.0479622 0.0841623
1 0.418516 0.621021 0.0485216 0.0829936
4 0.151515 0.549195 0.0482733 0.0852205
4 0.968526 0.61112 0.0524574 0.101186
1 0.339076 0.556161 0.0511673 0.0911434
4 0.0722397 0.627902 0.0535522 0.0915352
1 0.584691 0.62906 0.0328796 0.0623273
4 0.153236 0.574444 0.0702517 0.144114
4 0.896122 0.564655 0.0434601 0.0866787
