2 0.806942 0.471657 0.0607114 0.322454
1 0.852193 0.868802 0.0723203 0.137259
2 0.727848 0.452468 0.0730156 0.254685
1 0.670079 0.809453 0.0762075 0.135812
1 0.439702 0.552196 0.046497 0.0749072
1 0.6546 0.684627 0.060216 0.111764
1 0.18053 0.824367 0.0729386 0.130983
1 0.309497 0.621333 0.0512904 0.0874684
1 0.791168 0.708524 0.0554884 0.0972482
4 0.0456305 0.558061 0.0542659 0.0881561
1 0.419226 0.61628 0.0521886 0.0835737
1 0.619381 0.605315 0.0508042 0.101011
0 0.350295 0.863867 0.0758271 0.142545
1 0.967221 0.609516 0.0472832 0.0928747
4 0.0787449 0.629785 0.0588515 0.0873652
0 0.400162 0.698005 0.0560823 0.0993609
4 0.151015 0.550015 0.0491833 0.0869422
1 0.718762 0.558992 0.0476797 0.0839014
1 0.746636 0.638995 0.0481083 0.0833725
1 0.335862 0.556511 0.0519043 0.0871533
1 0.398737 0.699478 0.0571054 0.0999333
1 0.244624 0.683726 0.0590472 0.107921
1 0.350575 0.862957 0.0756755 0.139784
1 0.0155473 0.704773 0.0310946 0.109414
4 0.0163773 0.708594 0.032472 0.114441
