2 0.038796 0.419873 0.076519 0.272466
1 0.451303 0.542617 0.0643257 0.0930227
1 0.903151 0.615841 0.067849 0.107858
1 0.727396 0.586519 0.0665697 0.108698
1 0.799533 0.491553 0.0492336 0.0843154
1 0.610755 0.409933 0.0381138 0.062277
1 0.106507 0.464378 0.0477885 0.0733499
1 0.309689 0.512049 0.0556675 0.0902002
3 0.870158 0.374881 0.0638027 0.0613809
1 0.198501 0.469737 0.0489755 0.0755269
1 0.718319 0.277318 0.0281721 0.0470146
1 0.166882 0.326997 0.0353246 0.0648019
1 0.663871 0.291937 0.028014 0.0469772
1 0.243129 0.407208 0.0408362 0.0643316
1 0.945071 0.523391 0.051302 0.0778721
1 0.913412 0.335597 0.035165 0.0507149
1 0.857822 0.437238 0.0413376 0.0750767
1 0.535144 0.442037 0.0470798 0.0745912
1 0.680606 0.35019 0.0316481 0.0564196
1 0.216724 0.327142 0.0322837 0.0591557
1 0.424684 0.277969 0.0265753 0.0449505
1 0.519881 0.375172 0.0411268 0.0618008
1 0.312819 0.331843 0.0310898 0.0528006
1 0.782183 0.27765 0.0318789 0.0553781
1 0.325081 0.405499 0.0455266 0.069466
1 0.420314 0.438498 0.0463531 0.0753532
1 0.746229 0.297147 0.0285801 0.0454749
1 0.552992 0.276083 0.0270889 0.0480125
1 0.370414 0.299709 0.0304763 0.0485839
1 0.571334 0.323154 0.0304123 0.0498883
1 0.969835 0.451285 0.0480782 0.0749839
1 0.347272 0.349402 0.0364408 0.0537111
1 0.63507 0.325621 0.0326206 0.0542651
1 0.714189 0.333421 0.0302763 0.053933
1 0.497592 0.309569 0.0300919 0.0454386
1 0.2468 0.322401 0.0305347 0.0502457
1 0.593835 0.276862 0.0247348 0.0432157
1 0.982979 0.392725 0.0337688 0.055664
1 0.428401 0.358991 0.0381548 0.0600931
1 0.326738 0.29084 0.0281883 0.0464354
1 0.614003 0.279585 0.0230988 0.0436903
4 0.970485 0.45116 0.0489826 0.0777076
0 0.599653 0.347418 0.0406204 0.0622123
