4 0.944416 0.679226 0.0686493 0.128683
4 0.769898 0.862998 0.10283 0.179341
4 0.793295 0.629943 0.0691202 0.138012
4 0.964131 0.925058 0.0717378 0.149884
1 0.191765 0.234008 0.0266958 0.0613877
1 0.219567 0.159341 0.0292139 0.0651167
1 0.906092 0.216355 0.0278141 0.0696022
4 0.933314 0.487252 0.049844 0.104941
1 0.579012 0.194213 0.0298975 0.0707655
4 0.791415 0.45595 0.0542837 0.107876
1 0.891793 0.164984 0.0287754 0.0625749
1 0.132225 0.214925 0.0300615 0.0634391
1 0.293241 0.225572 0.0296082 0.0649283
1 0.781015 0.104631 0.0262102 0.0570099
1 0.296919 0.138205 0.0301248 0.0644677
0 0.452418 0.579108 0.0645734 0.1245
1 0.91878 0.276827 0.0359082 0.0813409
1 0.0550336 0.269941 0.0333331 0.0678792
4 0.120128 0.347766 0.0381475 0.0829934
1 0.0988943 0.284523 0.029399 0.064102
1 0.81943 0.168211 0.0273181 0.0619457
4 0.814766 0.271387 0.0407839 0.0621836
4 0.432715 0.388375 0.0557182 0.120089
0 0.261251 0.181035 0.0277253 0.0637555
1 0.596336 0.300051 0.0356582 0.0854048
1 0.685914 0.143721 0.0264242 0.0619215
1 0.932726 0.487239 0.0479218 0.102907
1 0.911078 0.369986 0.0426754 0.0936947
1 0.647559 0.175381 0.0252062 0.0623719
4 0.511927 0.309503 0.0519173 0.110245
1 0.366564 0.222469 0.0304109 0.0681032
1 0.432835 0.388303 0.057859 0.118398
