2 0.806503 0.430404 0.0978909 0.290432
2 0.665108 0.676127 0.103597 0.647745
1 0.459954 0.56727 0.0555009 0.133082
4 0.956932 0.673162 0.0820096 0.130221
4 0.80175 0.626154 0.0727547 0.128956
4 0.236662 0.278361 0.0360401 0.0715121
4 0.430508 0.400689 0.0494129 0.1023
1 0.512556 0.298548 0.0373419 0.0853652
4 0.96062 0.924304 0.0787601 0.151391
1 0.918559 0.280492 0.0336569 0.0800195
4 0.308951 0.295103 0.0355607 0.0764536
0 0.439302 0.187942 0.0313115 0.0657995
4 0.774225 0.884314 0.111501 0.188054
1 0.54699 0.269664 0.0302576 0.0749755
1 0.580338 0.198291 0.0288118 0.0631309
1 0.21748 0.164401 0.0299239 0.0656026
1 0.295503 0.137171 0.0288308 0.0662772
1 0.906909 0.216851 0.0275837 0.0680097
1 0.891938 0.16627 0.0303494 0.0640962
4 0.545955 0.425917 0.0546112 0.111622
1 0.131395 0.213272 0.0308993 0.0645437
1 0.682359 0.141934 0.0267908 0.0572573
1 0.188982 0.230412 0.028772 0.0603634
1 0.780677 0.109395 0.027709 0.056741
1 0.59715 0.296891 0.0336575 0.0752477
1 0.0532859 0.273789 0.0343798 0.0676269
1 0.914747 0.375317 0.0429825 0.0900102
1 0.626963 0.157964 0.0287634 0.0684957
0 0.259931 0.187241 0.0303804 0.0656303
4 0.934462 0.496082 0.0525074 0.10458
1 0.81488 0.171466 0.0267259 0.0598824
1 0.368665 0.225164 0.0271052 0.0613478
1 0.293684 0.225313 0.0295163 0.0629307
1 0.846644 0.119327 0.0244444 0.0505275
3 0.772736 0.886492 0.116571 0.186774
4 0.19099 0.348295 0.0413168 0.0888912
4 0.12013 0.346375 0.0377686 0.0836687
1 0.651635 0.182738 0.0281151 0.0654833
0 0.628447 0.245707 0.0381908 0.0841448
1 0.102501 0.280985 0.0310742 0.0670549
1 0.119105 0.347996 0.0366368 0.0850052
1 0.0104223 0.415151 0.0207786 0.0733644
1 0.93403 0.496323 0.0525031 0.102866
1 0.692662 0.0964176 0.0222233 0.0486028
1 0.628024 0.245898 0.0369217 0.0819086
