2 0.120122 0.351182 0.0686148 0.166523
2 0.34109 0.323442 0.0619716 0.138782
1 0.903234 0.61568 0.0680538 0.108423
1 0.799497 0.4944 0.0491648 0.0854331
1 0.107278 0.46585 0.0493665 0.0769891
1 0.738789 0.587896 0.0640437 0.105381
1 0.323322 0.40394 0.0421947 0.0659924
1 0.198797 0.469798 0.0523343 0.0778191
1 0.718216 0.277327 0.0279156 0.0465328
1 0.422024 0.43575 0.0455156 0.0700577
1 0.782672 0.278521 0.0331673 0.055924
1 0.663798 0.293141 0.0278653 0.046567
1 0.911212 0.336204 0.0360542 0.0512767
1 0.945258 0.523487 0.0509064 0.0779086
1 0.243615 0.407097 0.043506 0.0647915
1 0.313817 0.509979 0.0604433 0.0937136
1 0.611084 0.410307 0.0379208 0.0623236
1 0.68017 0.351193 0.0320473 0.0587809
4 0.970597 0.451807 0.0512796 0.0793933
1 0.21636 0.326709 0.0333601 0.0594692
1 0.51633 0.367609 0.0407757 0.0637431
1 0.636149 0.324815 0.0310639 0.0518662
1 0.540434 0.44116 0.0494261 0.0793788
1 0.588776 0.350021 0.0311989 0.0522479
1 0.423847 0.275507 0.0274226 0.0446526
1 0.167456 0.327113 0.0316544 0.0615865
1 0.852819 0.440749 0.0498772 0.0793092
1 0.551244 0.275877 0.0299515 0.0498822
1 0.498057 0.309672 0.0328776 0.0476357
1 0.426428 0.359742 0.0380452 0.0590602
1 0.715721 0.331181 0.0310633 0.0542875
1 0.595428 0.27528 0.0247295 0.0420363
1 0.0117812 0.417317 0.0235507 0.0644386
1 0.748055 0.297416 0.029304 0.0461959
4 0.443804 0.543945 0.0702913 0.0942614
1 0.880623 0.377623 0.0400085 0.0584252
4 0.982967 0.391825 0.0339611 0.0604669
1 0.246622 0.322412 0.0320971 0.0502197
1 0.570144 0.319801 0.0285979 0.0480466
3 0.444124 0.546234 0.0723964 0.0998906
4 0.85322 0.44104 0.0475132 0.078769
1 0.970062 0.452661 0.0502274 0.0774028
