2 0.79876 0.43542 0.109253 0.283633
2 0.606508 0.704815 0.105113 0.575493
1 0.460348 0.565584 0.0567082 0.134198
4 0.801442 0.626633 0.0708687 0.124816
4 0.957337 0.670785 0.0833147 0.131419
4 0.76909 0.889399 0.104334 0.186349
4 0.963809 0.928658 0.0723829 0.142685
4 0.23483 0.280721 0.0355941 0.0699364
4 0.428503 0.405243 0.0494467 0.0992167
1 0.51158 0.298439 0.0379863 0.0867051
1 0.544254 0.267477 0.029557 0.0751655
4 0.308358 0.29767 0.0355774 0.0758058
1 0.580291 0.197151 0.0282383 0.0646245
1 0.917583 0.28192 0.0327335 0.0803234
1 0.217847 0.165106 0.0294036 0.0655158
0 0.438834 0.186436 0.0295542 0.0632173
1 0.295943 0.136755 0.0277438 0.0644517
1 0.890766 0.165928 0.0318538 0.0641986
1 0.68376 0.141842 0.0262141 0.0557338
1 0.193278 0.233061 0.028914 0.0572917
1 0.597484 0.296986 0.0333334 0.0759047
1 0.617497 0.149523 0.0264008 0.0627372
1 0.905603 0.221394 0.0315689 0.0714495
1 0.77993 0.110384 0.0270216 0.0556814
1 0.0539142 0.271146 0.034476 0.0675741
1 0.913553 0.374593 0.0436876 0.0930204
1 0.630091 0.243064 0.0314423 0.0794115
4 0.543624 0.423365 0.0469454 0.103003
1 0.130606 0.212447 0.0317857 0.0648322
1 0.294147 0.225822 0.0292461 0.0634975
1 0.191477 0.346778 0.0392171 0.0886193
1 0.368405 0.226258 0.027943 0.0619409
4 0.933369 0.497161 0.0514119 0.101795
1 0.815949 0.167976 0.027265 0.058725
1 0.652382 0.184372 0.0270526 0.0617965
1 0.933069 0.497303 0.0512447 0.100043
1 0.125307 0.342896 0.0365749 0.0821322
1 0.104165 0.28661 0.0295925 0.067198
0 0.256981 0.189575 0.0284107 0.0634496
1 0.681944 0.065984 0.0242199 0.0540226
4 0.125185 0.344827 0.0366949 0.0846013
1 0.846845 0.120159 0.0253723 0.0523986
4 0.191114 0.348066 0.0404704 0.087698
