2 0.338949 0.31843 0.0622135 0.130309
2 0.171742 0.337801 0.0730544 0.179932
1 0.901307 0.615434 0.0643061 0.101896
1 0.731849 0.589325 0.0679873 0.110389
1 0.198508 0.467204 0.0523681 0.0766623
4 0.443525 0.561255 0.0781653 0.134394
1 0.797323 0.495127 0.0472658 0.0857101
1 0.322739 0.405097 0.0427247 0.0655994
1 0.4213 0.436842 0.0478543 0.0724894
1 0.718428 0.278037 0.028087 0.0469625
1 0.102478 0.451286 0.0482419 0.0748646
1 0.85392 0.43822 0.0443787 0.073482
1 0.310843 0.507722 0.0601411 0.0934199
1 0.910652 0.33738 0.0365067 0.0526164
1 0.244692 0.407219 0.0442574 0.0645022
1 0.945693 0.523387 0.0510946 0.0776853
1 0.663142 0.293958 0.0275984 0.0458562
1 0.538322 0.442195 0.0466043 0.0737602
1 0.516278 0.369871 0.0395615 0.0639142
1 0.679733 0.351566 0.0322363 0.0574861
1 0.428596 0.355909 0.0363944 0.0602321
1 0.611158 0.409594 0.0389345 0.0642577
1 0.880065 0.377979 0.036861 0.0579969
1 0.582074 0.340183 0.0327487 0.0555644
1 0.779752 0.281444 0.0322067 0.0561685
1 0.498098 0.308897 0.0335451 0.0477794
1 0.423619 0.276181 0.0271091 0.0451536
1 0.0756709 0.377279 0.0360831 0.055632
1 0.551294 0.275944 0.0304005 0.0494554
1 0.972182 0.452778 0.0461365 0.0747874
1 0.714309 0.332857 0.0311811 0.0553223
1 0.747885 0.298097 0.029217 0.0470011
1 0.2461 0.322844 0.0322243 0.0529736
1 0.98359 0.392294 0.0326489 0.0602217
1 0.595662 0.274947 0.0239061 0.0437749
1 0.631427 0.323959 0.0304801 0.0508529
1 0.215963 0.328182 0.029892 0.0607705
0 0.109858 0.382726 0.0420864 0.0622466
1 0.0124273 0.417586 0.0248546 0.0651194
