2 0.486881 0.282784 0.0704611 0.274833
1 0.94592 0.670353 0.0616902 0.138447
4 0.795316 0.627038 0.0669302 0.133583
1 0.542313 0.418224 0.0494732 0.112131
4 0.92947 0.497603 0.0527689 0.0993987
4 0.448085 0.531084 0.0627705 0.129003
1 0.781175 0.115544 0.0267571 0.054911
1 0.54956 0.258126 0.032101 0.0803818
1 0.905142 0.216172 0.0271605 0.0669254
1 0.578446 0.196438 0.0293863 0.0706021
1 0.187764 0.235773 0.0258862 0.0625902
1 0.891419 0.166493 0.0305573 0.0620366
1 0.438692 0.179025 0.026211 0.0645215
1 0.636337 0.11168 0.0246244 0.0523014
1 0.794961 0.483812 0.0515928 0.0992419
4 0.812232 0.34604 0.0481712 0.0932922
1 0.596375 0.301336 0.0349895 0.0805658
1 0.129442 0.216773 0.0289418 0.0598183
4 0.305397 0.290014 0.0356493 0.0767432
1 0.627439 0.23497 0.0321879 0.0876987
1 0.222607 0.163062 0.0308563 0.0641437
1 0.370007 0.226862 0.0276944 0.0624416
0 0.620078 0.1723 0.0266912 0.0645277
1 0.181626 0.34327 0.0318531 0.0793466
0 0.261734 0.189412 0.0283558 0.0639511
1 0.917179 0.280023 0.0360641 0.0804961
4 0.815153 0.267572 0.043557 0.0659074
1 0.430433 0.39887 0.0440246 0.0946767
1 0.294954 0.227533 0.0287672 0.0576722
1 0.679637 0.14248 0.0240971 0.0546658
4 0.752869 0.876718 0.095237 0.172317
1 0.816636 0.173536 0.0261799 0.0595043
1 0.124429 0.342812 0.0354641 0.0831363
4 0.42877 0.397846 0.0444622 0.101083
1 0.298178 0.139104 0.0289378 0.0615978
4 0.051072 0.272562 0.0337563 0.0622975
1 0.909343 0.37618 0.042062 0.0843427
1 0.695502 0.0975177 0.0226052 0.0518496
4 0.125563 0.342007 0.034643 0.0802623
1 0.103801 0.281965 0.0307813 0.0671448
4 0.910901 0.376778 0.041951 0.0805967
2 0.2219 0.397411 0.0718359 0.253409
1 0.634237 0.105161 0.0247938 0.0532359
