2 0.34017 0.319105 0.0632527 0.129954
2 0.0674522 0.356042 0.0710772 0.16579
1 0.324406 0.401595 0.0418837 0.0651274
1 0.444725 0.541367 0.0617751 0.0932137
1 0.901207 0.610597 0.0666777 0.103791
1 0.730886 0.585392 0.0676375 0.106537
1 0.797454 0.492656 0.0466164 0.0835781
1 0.610151 0.409584 0.0398243 0.0653633
1 0.309471 0.505457 0.0562758 0.0901935
1 0.912047 0.33676 0.0341312 0.0519876
1 0.53312 0.441093 0.0499651 0.0771837
1 0.948589 0.523815 0.0487606 0.0796902
1 0.198017 0.469158 0.0507588 0.0767
1 0.854287 0.439006 0.0446846 0.0779371
1 0.71812 0.278383 0.0285964 0.0479794
1 0.665099 0.289565 0.0269488 0.0452044
1 0.166642 0.327669 0.0339006 0.0642238
1 0.243722 0.408176 0.0446455 0.0662237
1 0.116935 0.3752 0.0381618 0.0589547
1 0.104038 0.448817 0.0500277 0.0809723
4 0.510465 0.374802 0.0509935 0.0652352
1 0.256484 0.323802 0.0350426 0.0537693
1 0.497335 0.30982 0.0319727 0.0467124
1 0.678779 0.34971 0.0326164 0.0532773
1 0.588396 0.340074 0.0343418 0.0534433
1 0.218189 0.326581 0.0330607 0.0622981
1 0.876891 0.377198 0.038591 0.0581988
1 0.549126 0.273867 0.0301046 0.0490016
1 0.422965 0.276656 0.0269876 0.0437985
1 0.778554 0.280872 0.0306234 0.0539997
4 0.42673 0.362208 0.0438295 0.0642265
1 0.9732 0.452543 0.0462122 0.0739563
1 0.712873 0.334174 0.0323776 0.0560848
1 0.420429 0.440915 0.0476742 0.0750166
1 0.624796 0.321099 0.0268745 0.0464046
1 0.747255 0.298121 0.0295576 0.046836
1 0.0118084 0.415582 0.0235427 0.070728
1 0.594835 0.275018 0.023229 0.0415123
1 0.981377 0.390367 0.0358814 0.0577603
0 0.420757 0.440874 0.0479503 0.0759855
4 0.974065 0.451643 0.0485313 0.0752449
