2 0.516588 0.393034 0.078329 0.304217
4 0.451728 0.573983 0.0624956 0.128328
4 0.949224 0.675031 0.0792309 0.137009
0 0.438804 0.208216 0.0289501 0.0692292
4 0.936038 0.50136 0.0662732 0.105743
1 0.130867 0.213296 0.0296441 0.0630358
1 0.232685 0.274025 0.0301154 0.0648276
4 0.793581 0.634979 0.0748463 0.131295
4 0.974318 0.920497 0.0513635 0.159007
0 0.260551 0.197951 0.029387 0.0642411
0 0.17736 0.259156 0.0310603 0.0618772
1 0.216988 0.188107 0.0290197 0.0653629
4 0.124561 0.34901 0.0376533 0.0867786
1 0.4312 0.386358 0.0496744 0.121314
1 0.298134 0.145726 0.0307562 0.0714642
4 0.811206 0.347762 0.0433399 0.0892839
4 0.181699 0.356747 0.0404745 0.0881825
1 0.124579 0.348187 0.0377472 0.0838456
4 0.631698 0.244662 0.0335943 0.0820983
1 0.0532342 0.272147 0.0346956 0.0662704
4 0.813944 0.278054 0.0402764 0.0714476
1 0.367626 0.230575 0.028351 0.06681
4 0.757221 0.911259 0.102029 0.177482
1 0.593605 0.303025 0.0330441 0.0884488
4 0.825823 0.450043 0.0514656 0.109661
1 0.885014 0.171722 0.0286507 0.067609
1 0.578796 0.20156 0.0303652 0.0722006
1 0.629395 0.171134 0.0287823 0.0626183
1 0.347133 0.150116 0.0269221 0.0669542
1 0.07194 0.196055 0.0270175 0.0619197
0 0.102953 0.291278 0.0307156 0.0667954
