1 0.725438 0.585793 0.0640963 0.111094
2 0.295978 0.310508 0.0576197 0.163563
1 0.898745 0.613561 0.065225 0.102914
1 0.307368 0.508353 0.0550085 0.0886362
1 0.44243 0.551921 0.065844 0.104662
1 0.797761 0.492797 0.0502485 0.0862071
1 0.325944 0.40805 0.0387107 0.0611621
1 0.612913 0.409711 0.0401885 0.062594
1 0.948626 0.524873 0.0504808 0.0810625
1 0.717491 0.277776 0.0287651 0.0475137
1 0.912558 0.334612 0.0365505 0.0528518
1 0.855037 0.442187 0.0472054 0.0797906
0 0.105556 0.465731 0.0630077 0.0929216
1 0.243378 0.408783 0.0412919 0.0633426
1 0.664779 0.294476 0.0277346 0.0444946
1 0.197349 0.468708 0.0483669 0.0747495
1 0.51115 0.371544 0.0373152 0.0599378
1 0.16644 0.327519 0.0358801 0.0654477
1 0.532391 0.446089 0.0504875 0.0784645
1 0.780286 0.281524 0.0335217 0.0555547
1 0.216877 0.327254 0.0345619 0.0621886
1 0.588631 0.343873 0.030323 0.0515363
1 0.423113 0.279352 0.0284674 0.0478729
1 0.678619 0.350684 0.0327339 0.0563204
1 0.258586 0.321793 0.0277187 0.0512637
1 0.34447 0.350477 0.0324041 0.0544971
1 0.547088 0.275579 0.0287739 0.0478519
1 0.0772566 0.372722 0.0390907 0.0602743
1 0.880836 0.377957 0.0372152 0.0580538
1 0.593782 0.272596 0.0230381 0.0393972
1 0.746574 0.299803 0.0310376 0.0492527
1 0.629741 0.322114 0.0294144 0.0484905
1 0.118509 0.378868 0.0403769 0.0667952
1 0.426412 0.360108 0.0372901 0.0565927
1 0.972447 0.453465 0.0472836 0.0706741
1 0.497194 0.307931 0.0293789 0.0468341
1 0.36995 0.299033 0.0298778 0.0475416
1 0.420345 0.439143 0.0471983 0.075784
1 0.713949 0.333539 0.0304744 0.0553079
1 0.985856 0.395247 0.0281727 0.0598564
0 0.0120128 0.415615 0.0240255 0.0693453
0 0.42062 0.439501 0.0483576 0.0760598
1 0.329889 0.291793 0.0231417 0.0398603
