1 0.723819 0.583801 0.0635777 0.10963
2 0.343785 0.289031 0.0580936 0.13085
1 0.441103 0.54997 0.0642421 0.100565
1 0.307498 0.509084 0.0560441 0.0893292
1 0.856575 0.440859 0.0455065 0.0784357
1 0.798074 0.492511 0.0505239 0.0839876
1 0.912814 0.336541 0.0367805 0.0533704
1 0.717483 0.278147 0.0290629 0.0471167
1 0.612309 0.410805 0.0398493 0.0630534
1 0.198056 0.468885 0.0488559 0.0758815
1 0.103215 0.449953 0.0469257 0.0765544
1 0.949128 0.523985 0.0499336 0.080496
1 0.323472 0.409161 0.041706 0.0658063
1 0.16655 0.326784 0.0353897 0.0643627
1 0.665417 0.295105 0.0281893 0.0446424
1 0.259933 0.321605 0.0333492 0.0482947
1 0.511179 0.372332 0.038558 0.0595402
1 0.532904 0.449222 0.0521114 0.0853118
1 0.678816 0.350631 0.0323763 0.0567938
1 0.242606 0.407935 0.0428977 0.0636723
1 0.88028 0.377236 0.0363327 0.0572627
1 0.780644 0.282298 0.0334959 0.0565744
1 0.340453 0.354152 0.0376611 0.0528932
1 0.216683 0.32601 0.0345236 0.0595894
1 0.590177 0.342159 0.0312113 0.0531818
1 0.745002 0.298858 0.0305432 0.0482117
1 0.547285 0.275466 0.0289073 0.0474454
1 0.420848 0.439718 0.0479838 0.0750207
1 0.423079 0.278891 0.0272455 0.0459624
1 0.594047 0.272452 0.0240824 0.0399979
1 0.970984 0.452483 0.0455994 0.069614
1 0.984533 0.394115 0.0307993 0.0602946
4 0.423503 0.365321 0.0459049 0.0631542
1 0.0764863 0.37424 0.0376962 0.0610207
1 0.495424 0.308029 0.029048 0.0456703
1 0.630616 0.323862 0.0297731 0.0514497
4 0.898288 0.647975 0.103281 0.19474
1 0.116268 0.379598 0.0420528 0.063655
0 0.0121249 0.416161 0.0242497 0.0701904
0 0.115954 0.380046 0.0429621 0.0646112
1 0.89849 0.606566 0.0771961 0.106725
1 0.713707 0.335528 0.0322887 0.0565146
0 0.420699 0.43929 0.0470798 0.0751333
0 0.971748 0.451926 0.0467669 0.0714704
