2 0.384019 0.294996 0.054338 0.15536
1 0.441305 0.545508 0.0639597 0.0963044
1 0.725765 0.585282 0.0632426 0.109929
1 0.307506 0.508809 0.0570395 0.0893909
1 0.897455 0.612335 0.0662064 0.110146
1 0.718187 0.277466 0.0284494 0.0470323
1 0.797289 0.492968 0.0504086 0.0848547
1 0.853439 0.438611 0.0448935 0.0756741
1 0.911644 0.337022 0.0360317 0.0540445
1 0.531702 0.443858 0.05061 0.078665
1 0.197762 0.468875 0.0481647 0.0742077
1 0.100981 0.456034 0.0462797 0.0723209
1 0.51135 0.37122 0.0378821 0.0598016
1 0.948292 0.525461 0.049996 0.0812218
1 0.323156 0.407521 0.0416856 0.0656656
1 0.612447 0.411009 0.0404954 0.0641659
1 0.25885 0.322271 0.032248 0.0485444
1 0.67923 0.350895 0.0323227 0.0569544
1 0.242879 0.407214 0.0437017 0.0647308
1 0.166316 0.327323 0.0353973 0.0642515
1 0.66586 0.295595 0.0285439 0.044893
1 0.879934 0.377718 0.0361334 0.057756
1 0.77993 0.282413 0.033301 0.0563541
1 0.217842 0.327381 0.0338536 0.0585243
1 0.420175 0.439806 0.0470444 0.0755435
1 0.582334 0.343048 0.0334883 0.0542987
1 0.344456 0.35461 0.0346463 0.0511026
1 0.547135 0.275708 0.0285242 0.0471907
1 0.985236 0.395885 0.0293892 0.0619401
1 0.969818 0.453149 0.0454792 0.0699247
0 0.114354 0.381527 0.0431326 0.0635576
1 0.747541 0.300359 0.030267 0.0498718
1 0.0761268 0.37459 0.0370671 0.0607592
1 0.496164 0.308349 0.0295181 0.0463244
4 0.422949 0.365599 0.0409571 0.0575801
1 0.597037 0.274392 0.0271959 0.0419575
1 0.328187 0.2925 0.0262381 0.0434959
1 0.311919 0.333297 0.0329222 0.0537838
0 0.0119231 0.417764 0.0238462 0.0697367
1 0.630394 0.324617 0.0315172 0.0530726
1 0.11516 0.380892 0.0423319 0.0633883
1 0.603044 0.281645 0.0322956 0.0474218
0 0.970113 0.452374 0.0446648 0.0713703
1 0.446814 0.329764 0.032472 0.0452978
1 0.714215 0.337999 0.0314325 0.0562417
0 0.715659 0.337308 0.0333315 0.0569977
