2 0.555629 0.161966 0.0623962 0.170987
4 0.450684 0.578015 0.0639017 0.134058
4 0.901415 0.495347 0.0516846 0.103658
4 0.0573376 0.257621 0.0394138 0.0740082
0 0.430529 0.389858 0.0500744 0.121649
4 0.954179 0.635712 0.0811519 0.149103
4 0.789154 0.6316 0.0722794 0.13844
4 0.834482 0.335778 0.04697 0.102247
0 0.522467 0.432752 0.0496424 0.109727
1 0.831976 0.161935 0.0280887 0.0684897
4 0.800535 0.282653 0.0420654 0.0958588
4 0.129945 0.340579 0.0418126 0.0885768
1 0.892386 0.177477 0.0303413 0.0694965
4 0.184587 0.346905 0.043343 0.0921283
1 0.295309 0.159474 0.0265688 0.0599347
1 0.602402 0.306872 0.0362608 0.0806979
1 0.555108 0.271398 0.0329982 0.0820645
0 0.341749 0.15952 0.0290674 0.0583526
4 0.635167 0.248427 0.0346249 0.0819281
1 0.221432 0.161086 0.028819 0.0678984
1 0.183117 0.234062 0.0274797 0.0640514
4 0.364915 0.241376 0.0351541 0.0637584
1 0.618938 0.128308 0.0279055 0.0643902
1 0.435204 0.197318 0.0270669 0.0585272
4 0.815056 0.494047 0.0551292 0.0997069
1 0.125834 0.206357 0.0334077 0.0668115
0 0.371541 0.189354 0.0278476 0.0540303
0 0.30477 0.300647 0.0344861 0.0815942
1 0.681888 0.14709 0.0237026 0.0557469
4 0.602838 0.309778 0.036162 0.0854025
1 0.746723 0.845566 0.0794445 0.149409
1 0.495222 0.288141 0.0403973 0.0910155
4 0.919549 0.381244 0.0458795 0.0846756
1 0.787555 0.129837 0.0257243 0.0568199
2 0.26039 0.385469 0.0665828 0.291809
4 0.907641 0.235271 0.0374096 0.0792313
1 0.635614 0.248362 0.0346062 0.0789359
4 0.829838 0.240166 0.0340889 0.0702121
1 0.257163 0.186244 0.0278927 0.0636375
