4 0.251658 0.697233 0.0845046 0.155283
1 0.489868 0.327327 0.0447431 0.0958323
4 0.602711 0.301182 0.0487557 0.0928821
4 0.0466212 0.391652 0.0522325 0.100606
2 0.437031 0.212718 0.0719721 0.267147
4 0.285665 0.322858 0.0493131 0.0877829
4 0.0851258 0.287608 0.0370083 0.0787341
1 0.161795 0.509861 0.0587602 0.109614
1 0.510429 0.16439 0.0270235 0.0610194
2 0.231709 0.327693 0.0550871 0.414721
1 0.836758 0.213618 0.0296577 0.0694236
4 0.720373 0.241457 0.0383505 0.0752711
1 0.604025 0.154227 0.027372 0.0598323
1 0.336013 0.185537 0.0290737 0.062143
1 0.19434 0.122014 0.030038 0.0652127
4 0.377084 0.281643 0.0460664 0.0855269
1 0.511259 0.111362 0.0252701 0.052905
1 0.811827 0.282505 0.0369263 0.0842684
1 0.342395 0.0861791 0.0298319 0.068856
1 0.781558 0.167183 0.035495 0.0807356
1 0.178202 0.217383 0.035268 0.0708846
1 0.387536 0.370064 0.0478559 0.0990931
1 0.127782 0.150668 0.032797 0.0680703
4 0.387125 0.367928 0.0478241 0.100889
1 0.302782 0.167859 0.0255454 0.0666883
1 0.552134 0.128414 0.0260413 0.0555992
1 0.0757779 0.17894 0.0274807 0.0575367
4 0.656551 0.209919 0.0322581 0.0718355
1 0.058072 0.256556 0.0301389 0.0657327
1 0.921338 0.229204 0.0361164 0.0755963
4 0.0743592 0.180917 0.0303722 0.0603346
1 0.380502 0.21044 0.036442 0.0679963
