4 0.260421 0.707512 0.0836933 0.154123
2 0.177187 0.293802 0.0522643 0.385934
4 0.417378 0.393872 0.0527096 0.103202
1 0.165882 0.504585 0.0526636 0.0981796
4 0.487604 0.328533 0.0546938 0.104618
2 0.522529 0.177219 0.0531017 0.232062
4 0.0465188 0.393604 0.0526651 0.103965
4 0.293519 0.315112 0.0487312 0.0929019
4 0.0836089 0.294846 0.0347258 0.0773883
1 0.584633 0.292377 0.0456187 0.0937065
1 0.338985 0.194106 0.028698 0.0636508
1 0.604245 0.165133 0.0256344 0.0563027
1 0.372865 0.281876 0.0391881 0.0872495
1 0.807584 0.279566 0.0358709 0.0830556
1 0.339879 0.0880301 0.0301927 0.0651005
4 0.719823 0.238319 0.0366375 0.0739228
1 0.447554 0.133047 0.0292753 0.0609465
4 0.0734779 0.179636 0.0318002 0.0633847
1 0.395792 0.133796 0.0265219 0.060024
1 0.832447 0.212009 0.02972 0.0695344
1 0.658136 0.145953 0.0302855 0.0571417
1 0.469201 0.240974 0.0361674 0.0729149
1 0.922691 0.235665 0.0380869 0.081653
1 0.778442 0.167036 0.0349834 0.0798193
1 0.225348 0.248836 0.0365108 0.0813075
4 0.65299 0.208926 0.0339054 0.0737202
1 0.302303 0.167843 0.0267924 0.0645184
1 0.55543 0.13505 0.0267404 0.0581588
1 0.380241 0.209144 0.0326826 0.0616673
1 0.0736715 0.179802 0.030318 0.0621111
4 0.0596278 0.258629 0.0294107 0.0656621
