2 0.548026 0.600559 0.154178 0.334512
1 0.277287 0.819221 0.102024 0.110501
1 0.558443 0.81125 0.104663 0.109418
1 0.757612 0.686709 0.0735449 0.109324
1 0.208466 0.564534 0.0604069 0.079331
1 0.369574 0.720807 0.0845098 0.123166
1 0.0445835 0.808969 0.0859768 0.105664
1 0.183715 0.640501 0.0656355 0.0978687
1 0.373974 0.56372 0.0709742 0.088205
1 0.0602926 0.478983 0.0595721 0.0820886
1 0.130771 0.723649 0.0749842 0.101343
2 0.816567 0.485595 0.0785755 0.298851
1 0.0191389 0.524089 0.0382779 0.0801118
1 0.281536 0.487287 0.0536828 0.0731683
1 0.706065 0.637562 0.0608764 0.0911461
1 0.807683 0.819013 0.103224 0.0960477
1 0.932066 0.504361 0.0473694 0.0771497
1 0.261176 0.553862 0.0501265 0.0702994
1 0.985872 0.521405 0.0282553 0.0890363
0 0.984566 0.523223 0.0308678 0.0896359
1 0.662355 0.461621 0.0444759 0.0570333
