1 0.796674 0.910386 0.103582 0.167299
2 0.791704 0.449334 0.0778686 0.483198
1 0.53454 0.554811 0.0594831 0.113232
1 0.662876 0.562841 0.0539967 0.101015
1 0.530339 0.682726 0.0823109 0.13645
1 0.972637 0.591877 0.0534771 0.108148
1 0.339568 0.727726 0.068103 0.120736
1 0.733477 0.697919 0.076993 0.138232
1 0.873791 0.507814 0.0486574 0.0926701
1 0.0327597 0.601235 0.0582737 0.108895
1 0.358896 0.546309 0.0560862 0.0871131
1 0.0801048 0.553836 0.0523637 0.100166
1 0.952484 0.511299 0.0491855 0.0999845
1 0.340541 0.62979 0.0442896 0.0845184
