2 0.793744 0.447261 0.0774843 0.506102
1 0.347058 0.725668 0.0706776 0.123996
1 0.549372 0.707631 0.0766817 0.1494
1 0.531658 0.557098 0.0618792 0.117863
1 0.677308 0.574489 0.0522158 0.102056
1 0.730861 0.701496 0.0712493 0.13407
1 0.803555 0.914529 0.102446 0.164168
1 0.971612 0.59611 0.0547836 0.117075
1 0.386245 0.547143 0.0627505 0.0997034
1 0.0341397 0.600912 0.059671 0.110011
1 0.873104 0.505505 0.0474683 0.0916548
1 0.95444 0.516236 0.0480915 0.0979727
1 0.082269 0.551419 0.057123 0.101447
