2 0.768576 0.444346 0.0719353 0.462742
1 0.353408 0.685082 0.0673822 0.122734
1 0.534435 0.549458 0.0616341 0.116715
1 0.524768 0.688879 0.082226 0.143574
1 0.779026 0.694862 0.0747804 0.135423
1 0.949677 0.515257 0.0510455 0.099147
1 0.976033 0.594863 0.0476356 0.114034
1 0.0293993 0.60222 0.0535742 0.113706
1 0.681477 0.563392 0.0603954 0.113553
1 0.707549 0.308726 0.037595 0.0914806
1 0.37506 0.54575 0.0626467 0.097298
1 0.0813377 0.553189 0.0608191 0.106075
1 0.792859 0.918167 0.0975317 0.150593
4 0.0821657 0.55291 0.0629355 0.110087
