1 0.534626 0.555099 0.0632647 0.116048
1 0.383754 0.717832 0.0744735 0.118065
1 0.523046 0.701317 0.0790381 0.147118
1 0.754327 0.696847 0.0733046 0.125193
1 0.883913 0.50871 0.0474283 0.0941143
1 0.681442 0.565881 0.0509474 0.103395
1 0.0825777 0.553994 0.0578163 0.104703
1 0.0306206 0.600941 0.0546295 0.109009
1 0.956216 0.596354 0.0662788 0.118314
1 0.385099 0.545524 0.0641057 0.0960305
4 0.38677 0.547447 0.0652824 0.099438
2 0.805895 0.479951 0.0692397 0.416846
1 0.804096 0.910705 0.0957937 0.15425
