2 0.799493 0.44703 0.0789935 0.461647
1 0.552316 0.702877 0.0778483 0.145845
1 0.682998 0.571534 0.052611 0.102739
1 0.737015 0.698759 0.0760849 0.132893
1 0.535579 0.555873 0.0627686 0.117734
1 0.883488 0.506429 0.0497157 0.0942505
1 0.396532 0.734163 0.0667919 0.115645
1 0.388173 0.543991 0.0620058 0.100445
1 0.030491 0.601588 0.0523436 0.108084
1 0.976405 0.523692 0.0470917 0.0918462
1 0.802819 0.911298 0.104339 0.167386
1 0.9798 0.617476 0.0404001 0.102211
2 0.734686 0.463902 0.0561704 0.413702
1 0.0792625 0.553358 0.0576629 0.102185
