4 0.272003 0.692984 0.0821141 0.156308
4 0.4132 0.386267 0.0568386 0.102544
4 0.0223242 0.397956 0.0444997 0.113464
4 0.16342 0.554206 0.0647319 0.162397
4 0.366544 0.266363 0.0449522 0.0840467
4 0.124301 0.47103 0.0522803 0.110757
1 0.309685 0.168423 0.029874 0.063128
1 0.486925 0.322708 0.0473634 0.100768
1 0.37844 0.108026 0.0301115 0.0687633
1 0.223002 0.234695 0.0343628 0.0774431
1 0.446288 0.13384 0.0266378 0.0577772
4 0.081352 0.292832 0.0347325 0.0727368
1 0.130574 0.156608 0.0273334 0.063356
4 0.284658 0.329257 0.0492582 0.0899132
1 0.663575 0.15989 0.0311514 0.0601722
1 0.32887 0.0839561 0.0294006 0.0667136
1 0.186461 0.222571 0.030814 0.06744
1 0.774023 0.174271 0.0314432 0.073447
1 0.658562 0.220862 0.0321737 0.0739983
1 0.602377 0.160058 0.0273233 0.0601445
1 0.210776 0.127516 0.0298434 0.0670087
1 0.0693519 0.171834 0.0288013 0.0618023
4 0.461992 0.249352 0.042457 0.0828745
1 0.51269 0.110691 0.0230339 0.0503852
1 0.503606 0.152099 0.0251411 0.0591229
1 0.83134 0.208984 0.0291496 0.0691912
1 0.789619 0.293863 0.0419202 0.0969666
4 0.70717 0.254428 0.0347431 0.0675735
4 0.48675 0.341462 0.0558804 0.141737
1 0.0519745 0.255479 0.0307678 0.0671906
