4 0.657876 0.568678 0.0657886 0.12274
1 0.814472 0.917174 0.104115 0.1634
0 0.728612 0.719377 0.0737305 0.136714
1 0.572185 0.682774 0.0815287 0.139693
1 0.382429 0.546369 0.0684863 0.121691
1 0.304668 0.730641 0.0732708 0.116088
1 0.07574 0.558571 0.0529706 0.102533
1 0.531779 0.547861 0.0616789 0.117778
1 0.0314887 0.594887 0.0563315 0.107281
1 0.97254 0.618559 0.0539719 0.118291
1 0.952007 0.535685 0.0477234 0.0983603
4 0.87223 0.511329 0.0504959 0.0984314
2 0.21429 0.461322 0.104674 0.446153
