4 0.654453 0.57145 0.0639492 0.118217
1 0.535169 0.55035 0.059778 0.117103
1 0.347568 0.705907 0.0696514 0.130207
1 0.0736633 0.557468 0.0569085 0.103914
1 0.969929 0.616245 0.0568817 0.108787
1 0.370137 0.544297 0.0614387 0.10559
1 0.559884 0.683931 0.0779863 0.148878
1 0.793686 0.920769 0.0979662 0.149926
4 0.750299 0.717924 0.0741573 0.133052
4 0.872893 0.511229 0.0538479 0.10198
1 0.0238583 0.601048 0.0437391 0.099249
4 0.945818 0.537712 0.0497467 0.107746
1 0.946321 0.541127 0.0502136 0.102625
