0 0.139739 0.598798 0.0603664 0.139663
4 0.453721 0.389106 0.0558386 0.103982
1 0.513071 0.116939 0.0295015 0.0618216
1 0.337938 0.213136 0.0298898 0.070229
2 0.633013 0.393426 0.070528 0.675412
1 0.493734 0.320458 0.0417637 0.0940524
0 0.252783 0.722016 0.0889272 0.17407
1 0.568777 0.323852 0.0443953 0.0884552
1 0.28673 0.188228 0.025312 0.0639253
1 0.302394 0.324925 0.0489486 0.0912464
4 0.0699867 0.283415 0.0376119 0.0788307
1 0.544379 0.148279 0.0288671 0.0679734
1 0.822458 0.20797 0.0321302 0.0703542
1 0.472895 0.239243 0.0320901 0.0717543
0 0.509175 0.168233 0.0293518 0.0609826
1 0.387192 0.290114 0.0449103 0.0902743
4 0.127728 0.482136 0.0542976 0.0999365
1 0.19089 0.130297 0.0314668 0.0658156
1 0.808242 0.281338 0.0391485 0.0877734
4 0.00964369 0.405596 0.0192874 0.116591
4 0.385971 0.293855 0.0438111 0.0918502
1 0.89472 0.22913 0.0360393 0.0826805
4 0.0856517 0.1872 0.034836 0.0744011
1 0.59363 0.123497 0.0305054 0.0695062
1 0.347435 0.0883154 0.0359118 0.0805533
