4 0.264722 0.714269 0.0881616 0.163669
4 0.401904 0.376587 0.0536953 0.106831
4 0.573892 0.288426 0.0505405 0.0895094
0 0.344717 0.219479 0.0355106 0.072566
4 0.126308 0.482992 0.0588496 0.126897
1 0.297207 0.329636 0.0423599 0.0902551
1 0.476793 0.326506 0.0432227 0.0991976
1 0.412037 0.13935 0.0280945 0.0636423
0 0.542903 0.148319 0.0282512 0.0614611
1 0.822098 0.206874 0.0282238 0.0634147
1 0.807863 0.283615 0.0391752 0.0857548
1 0.18174 0.149381 0.0280109 0.0595424
0 0.636393 0.195512 0.0335587 0.069401
1 0.467292 0.246326 0.0385513 0.0708132
1 0.383898 0.268025 0.0432245 0.091606
4 0.015358 0.411187 0.030716 0.112087
0 0.669488 0.214086 0.0329438 0.0680408
1 0.165394 0.61807 0.0676887 0.143369
1 0.513727 0.124949 0.028846 0.0586759
1 0.88829 0.254396 0.0375546 0.0885142
1 0.122083 0.160933 0.0290958 0.0646096
2 0.114679 0.336347 0.0922939 0.203759
0 0.495458 0.170707 0.0287212 0.0604487
1 0.728496 0.234527 0.0356012 0.0729862
1 0.0142277 0.248864 0.0284554 0.080347
4 0.0927067 0.193188 0.0317019 0.0630049
0 0.670633 0.168591 0.027794 0.05282
0 0.589336 0.134018 0.038534 0.0698591
1 0.764151 0.176829 0.0365839 0.074929
0 0.310529 0.215239 0.0314715 0.0704277
