1 0.523739 0.579157 0.0610169 0.11077
2 0.8195 0.644481 0.0830231 0.502894
1 0.763598 0.92867 0.102381 0.142659
1 0.34842 0.673456 0.0711965 0.122539
1 0.395638 0.54825 0.0598173 0.107566
1 0.730324 0.715303 0.0782928 0.133379
4 0.567337 0.724348 0.0921598 0.150038
1 0.988965 0.612316 0.0220695 0.127183
1 0.63041 0.604774 0.0578872 0.108898
1 0.0452708 0.548495 0.053518 0.0934901
1 0.975216 0.538043 0.0462498 0.0888199
4 0.0458865 0.547024 0.0554058 0.0970254
1 0.566168 0.719915 0.0892008 0.147809
1 0.985089 0.611948 0.0298216 0.115618
0 0.976003 0.537131 0.0463226 0.0875901
