1 0.358857 0.67424 0.0698431 0.133211
2 0.817025 0.635465 0.0920955 0.522678
1 0.558512 0.687024 0.0773921 0.141115
1 0.417144 0.557361 0.0607935 0.108021
1 0.981889 0.608065 0.0361305 0.11145
1 0.0484394 0.546836 0.0565804 0.0968593
4 0.0487915 0.546382 0.0569991 0.0970821
1 0.617183 0.61687 0.0555181 0.111606
1 0.72466 0.713805 0.0735516 0.134599
1 0.766009 0.918545 0.103993 0.154486
4 0.616269 0.616488 0.0548107 0.111344
1 0.974534 0.536058 0.046819 0.0864202
1 0.524793 0.583701 0.0556205 0.106992
1 0.865773 0.511337 0.04347 0.0993818
