1 0.539527 0.690505 0.0853465 0.117348
1 0.375926 0.716573 0.083623 0.123204
1 0.75256 0.691492 0.0762641 0.111189
1 0.376708 0.572164 0.067321 0.0942833
1 0.0583764 0.477905 0.0582674 0.0807195
2 0.711426 0.408434 0.0740337 0.248103
1 0.129216 0.723789 0.0713718 0.0951163
1 0.701168 0.635701 0.0595314 0.0904357
1 0.207279 0.56389 0.0603791 0.0784392
1 0.275416 0.819195 0.101088 0.109657
1 0.0449601 0.80952 0.0800892 0.102659
1 0.539483 0.599169 0.0637156 0.0788498
1 0.0179854 0.526872 0.0359709 0.0792889
1 0.5207 0.818219 0.0930141 0.105507
1 0.546613 0.527264 0.0501402 0.0720109
1 0.258521 0.550571 0.050647 0.0748596
1 0.931359 0.505034 0.0511444 0.0778833
1 0.984772 0.520867 0.0304476 0.0815423
1 0.660625 0.45762 0.0463435 0.0602769
1 0.790577 0.820303 0.113986 0.0939865
1 0.714104 0.541376 0.0611605 0.0813105
1 0.178862 0.640406 0.0646922 0.0959068
3 0.203607 0.65845 0.115425 0.142577
