1 0.525115 0.588192 0.0625851 0.115769
2 0.803249 0.55115 0.115769 0.474232
1 0.978515 0.608604 0.0426743 0.105063
1 0.362215 0.563817 0.0588831 0.10437
1 0.543012 0.7094 0.0801109 0.143186
1 0.725052 0.702261 0.0683281 0.134202
1 0.342604 0.738778 0.0574509 0.117128
1 0.799651 0.918548 0.102666 0.162903
1 0.968748 0.537429 0.0538028 0.0903299
1 0.0320611 0.537568 0.0558024 0.100601
1 0.883334 0.503494 0.0478333 0.0870414
4 0.637891 0.6051 0.0655492 0.130873
4 0.0326621 0.53868 0.0567468 0.0994264
