2 0.211923 0.465632 0.0833043 0.437762
1 0.533652 0.556722 0.0575224 0.10936
1 0.380432 0.558305 0.0714004 0.116904
1 0.802876 0.914816 0.106507 0.157797
1 0.566819 0.679553 0.0813053 0.141106
1 0.300928 0.725337 0.0755713 0.131386
1 0.746945 0.71844 0.0777889 0.132656
1 0.068992 0.557117 0.0601017 0.10226
4 0.875411 0.508829 0.0557539 0.102695
1 0.956391 0.536978 0.0530727 0.104322
1 0.668479 0.568206 0.0580602 0.109062
4 0.668744 0.56806 0.058521 0.111269
1 0.991125 0.600686 0.0177505 0.130421
