1 0.534803 0.557119 0.0589715 0.116253
2 0.227456 0.455277 0.0674823 0.476127
1 0.334718 0.726038 0.0681334 0.125162
1 0.546939 0.702469 0.0775218 0.149484
1 0.358553 0.546582 0.0594995 0.0993618
4 0.650645 0.591785 0.0634647 0.120799
1 0.956237 0.511575 0.0522287 0.103565
1 0.836606 0.900823 0.108549 0.162468
1 0.0748719 0.533807 0.0516272 0.0879316
1 0.975527 0.597848 0.0486835 0.116567
1 0.753254 0.710704 0.0740228 0.125077
1 0.0801411 0.614822 0.0642765 0.106254
1 0.887433 0.511299 0.0495962 0.097004
4 0.887572 0.51341 0.0527936 0.101589
4 0.753063 0.711868 0.0719086 0.122884
