4 0.542269 0.719338 0.0886819 0.146741
1 0.358345 0.701775 0.0726686 0.126322
4 0.537247 0.563751 0.0699717 0.129983
4 0.375669 0.560408 0.0693665 0.130026
1 0.15708 0.771694 0.10576 0.193874
1 0.946718 0.519912 0.0468575 0.118228
1 0.801218 0.896839 0.102701 0.173061
1 0.0425882 0.60948 0.0562575 0.114293
4 0.883214 0.508087 0.0535397 0.111944
1 0.714343 0.706327 0.0756831 0.140662
1 0.126881 0.584968 0.0765689 0.165891
1 0.676097 0.57379 0.0566881 0.125217
4 0.714242 0.706984 0.0759671 0.137093
4 0.127974 0.590299 0.07703 0.167795
4 0.676503 0.573325 0.0554657 0.123536
