4 0.263717 0.708726 0.0909686 0.163948
2 0.606289 0.257756 0.0719896 0.312795
2 0.816454 0.363979 0.0694148 0.504898
4 0.404231 0.382139 0.0557656 0.106678
4 0.164428 0.569118 0.0745561 0.127173
4 0.486102 0.327643 0.0467509 0.0963759
1 0.509278 0.158686 0.026088 0.0585177
1 0.221651 0.238088 0.0318677 0.074162
1 0.292773 0.311482 0.0459401 0.082058
1 0.304087 0.173271 0.0261843 0.0654425
1 0.372607 0.283818 0.0377799 0.0797575
1 0.447316 0.134775 0.0259956 0.0579369
1 0.185911 0.223625 0.0317331 0.0719685
1 0.187591 0.128471 0.0333356 0.0674926
1 0.545314 0.127002 0.0223362 0.0540248
4 0.0300277 0.392923 0.0431455 0.099056
1 0.662316 0.149314 0.0267955 0.0584475
1 0.40393 0.134738 0.0255075 0.0566747
1 0.336433 0.0853845 0.0326627 0.0679148
4 0.0798339 0.295358 0.0331373 0.0739801
1 0.698138 0.236408 0.0338697 0.0773681
4 0.105236 0.453815 0.04761 0.105824
1 0.382425 0.207032 0.0310645 0.0679314
1 0.0830327 0.170221 0.0306887 0.0694478
1 0.120542 0.155782 0.030332 0.0730051
1 0.653424 0.198923 0.0284925 0.062349
1 0.920371 0.231533 0.0410675 0.0907317
1 0.348123 0.181486 0.02995 0.0693232
1 0.0615741 0.245853 0.0274067 0.0625537
1 0.515189 0.106549 0.0263876 0.0558014
1 0.77583 0.171587 0.0269543 0.0731722
