2 0.432913 0.614994 0.13264 0.441898
1 0.573502 0.570515 0.0665024 0.103255
1 0.899279 0.441449 0.0471891 0.0802638
1 0.112436 0.485326 0.0557099 0.0864815
1 0.703064 0.531555 0.0601012 0.100085
1 0.79349 0.513222 0.0569064 0.0900487
1 0.740527 0.408203 0.0402035 0.0656979
1 0.253212 0.441349 0.047391 0.0830621
1 0.105088 0.378272 0.0425833 0.0653348
1 0.389368 0.353796 0.0396207 0.0603794
1 0.978726 0.423725 0.0425473 0.0894491
1 0.643 0.371007 0.0353415 0.0589848
1 0.621759 0.43863 0.0473618 0.0773173
1 0.529922 0.340006 0.0385272 0.0590844
1 0.823752 0.378731 0.0426281 0.071737
1 0.164748 0.410077 0.0456933 0.0688541
1 0.0509928 0.428135 0.0544598 0.080918
1 0.52237 0.485479 0.0531387 0.0863931
1 0.709674 0.341276 0.0406607 0.0684734
1 0.288631 0.381112 0.0396336 0.067478
2 0.286709 0.730209 0.17659 0.415224
1 0.19611 0.36592 0.0411774 0.0694936
1 0.450929 0.308328 0.0379131 0.0607606
1 0.14687 0.290704 0.0339549 0.0567713
1 0.61103 0.327625 0.037269 0.0628913
1 0.0206987 0.329291 0.0392943 0.0734174
1 0.211588 0.316254 0.0341011 0.0559413
0 0.375902 0.422877 0.0429703 0.0717794
1 0.0646023 0.301116 0.036622 0.0681131
1 0.375037 0.422897 0.0441973 0.074884
