2 0.813056 0.481635 0.106052 0.378662
1 0.544428 0.697534 0.0854941 0.116828
1 0.384394 0.721042 0.0831443 0.120942
1 0.751523 0.689478 0.0758348 0.109364
1 0.212704 0.565025 0.059129 0.0783826
1 0.360614 0.565821 0.0719395 0.0870534
1 0.0628804 0.477592 0.0606122 0.0813458
1 0.536999 0.599463 0.0655598 0.0826955
1 0.134693 0.720707 0.0697102 0.0998271
1 0.286918 0.816969 0.10023 0.109629
1 0.193504 0.641911 0.062151 0.101779
1 0.707433 0.628496 0.0611343 0.0939825
1 0.282511 0.487826 0.0531294 0.0737244
1 0.519689 0.819917 0.0940622 0.0988859
1 0.930276 0.505171 0.0511429 0.0810791
1 0.259979 0.555927 0.0508831 0.0718041
1 0.548271 0.531538 0.0522722 0.0663269
1 0.0350329 0.592914 0.0700658 0.133987
1 0.704708 0.537436 0.0509058 0.0691139
1 0.658824 0.46557 0.0484053 0.056815
1 0.406231 0.52423 0.053364 0.0739737
1 0.672198 0.513824 0.047242 0.0729914
1 0.985453 0.521333 0.0290838 0.0853146
0 0.984436 0.522553 0.031128 0.0863291
