1 0.285112 0.815246 0.100011 0.104642
1 0.75474 0.702442 0.0786526 0.114695
1 0.543685 0.693919 0.0832766 0.107634
1 0.382093 0.722469 0.084242 0.119453
1 0.707833 0.630616 0.06342 0.0891085
1 0.208026 0.564852 0.0619143 0.0787497
1 0.526355 0.811051 0.096826 0.120179
1 0.362758 0.570035 0.0687941 0.0831846
2 0.857037 0.472148 0.0981354 0.37467
1 0.059037 0.480578 0.0566666 0.0786043
1 0.536354 0.598317 0.0627432 0.0802612
1 0.13011 0.728811 0.0770844 0.102802
1 0.0390155 0.806171 0.0780309 0.110896
1 0.186723 0.643464 0.0648432 0.101788
1 0.0196821 0.521382 0.0393642 0.0850155
1 0.277721 0.488948 0.0540277 0.0704917
1 0.262031 0.55585 0.0518368 0.0705142
1 0.933181 0.505819 0.0468674 0.0706937
1 0.406408 0.525062 0.0555935 0.0771378
1 0.659073 0.465614 0.0462557 0.0580063
1 0.67398 0.511944 0.0441366 0.066846
1 0.545248 0.532922 0.052001 0.0656649
1 0.785096 0.827056 0.0981823 0.0998048
1 0.698561 0.5396 0.053462 0.0711233
0 0.982535 0.523581 0.0349297 0.0855278
1 0.983477 0.523957 0.0330011 0.0890896
