1 0.366315 0.628677 0.0780015 0.0881568
1 0.378874 0.730551 0.0821059 0.114497
1 0.757198 0.697896 0.0784306 0.111586
1 0.185127 0.64148 0.0639394 0.0991765
1 0.285439 0.819789 0.101274 0.108453
1 0.544779 0.700281 0.0826357 0.111653
1 0.586523 0.812169 0.0987982 0.108446
1 0.129137 0.730536 0.0770696 0.0987658
1 0.210558 0.562717 0.0598351 0.0798877
1 0.0641572 0.480969 0.0612324 0.0825385
2 0.742576 0.454406 0.105672 0.274781
1 0.281529 0.488422 0.0549663 0.0729794
1 0.540701 0.601656 0.0671943 0.0855962
1 0.708174 0.63694 0.061837 0.0920347
1 0.020776 0.530276 0.0414805 0.0803305
1 0.0420338 0.808765 0.0830215 0.10805
1 0.927587 0.503003 0.0516972 0.0795217
1 0.549555 0.529898 0.0514404 0.0672038
1 0.787824 0.821482 0.100464 0.0944303
1 0.261117 0.548389 0.0526683 0.0738386
1 0.984499 0.520658 0.0309633 0.082391
1 0.676878 0.499474 0.0440355 0.0620731
1 0.377505 0.561799 0.0652972 0.0847677
1 0.705333 0.533759 0.0504267 0.0684227
1 0.411681 0.521659 0.0546089 0.0741665
1 0.686474 0.594592 0.0584424 0.0839742
