2 0.417442 0.582192 0.0571223 0.115808
1 0.357598 0.76798 0.052066 0.0717801
1 0.338023 0.692068 0.0404275 0.0579598
1 0.481416 0.750492 0.0454646 0.074624
1 0.256868 0.783334 0.0503875 0.0770632
2 0.546452 0.550988 0.0457079 0.119132
1 0.0840195 0.800442 0.0504303 0.0693189
1 0.687993 0.638667 0.0388279 0.0501681
1 0.74559 0.766165 0.0526848 0.069578
1 0.115279 0.739352 0.043435 0.0631714
1 0.688077 0.7194 0.044899 0.063695
1 0.446995 0.719949 0.0408812 0.0613007
1 0.608613 0.637064 0.0351185 0.0466488
1 0.0307612 0.633045 0.0392002 0.0561546
0 0.850482 0.765452 0.0524735 0.0801216
1 0.630663 0.702347 0.0373321 0.049482
1 0.244603 0.721295 0.0451633 0.0537374
1 0.172771 0.63102 0.0362646 0.0499869
1 0.77813 0.720874 0.0436255 0.0594502
1 0.395222 0.841161 0.0649118 0.0675021
1 0.128035 0.687072 0.0411024 0.0565979
1 0.00890136 0.672986 0.0178027 0.0549571
1 0.620011 0.597659 0.0312554 0.0399058
1 0.257041 0.645829 0.0380957 0.0491664
1 0.56662 0.629403 0.0282606 0.0421439
1 0.640812 0.633142 0.0328308 0.0479019
1 0.161754 0.676408 0.032012 0.0500867
1 0.545658 0.625107 0.0286148 0.0394744
