2 0.693002 0.525324 0.0896487 0.361313
1 0.0480697 0.833995 0.0910612 0.163333
1 0.821742 0.711803 0.0623068 0.110485
1 0.969363 0.882436 0.0612744 0.156132
1 0.876781 0.772542 0.0713676 0.119492
1 0.285038 0.919221 0.0956424 0.158739
1 0.219385 0.721687 0.0572086 0.109189
1 0.164823 0.752952 0.0748993 0.132108
1 0.925212 0.841673 0.0683445 0.122226
1 0.0460817 0.705821 0.0591197 0.0914219
1 0.367184 0.710363 0.0532269 0.101372
1 0.660113 0.711588 0.0519424 0.0984972
1 0.985011 0.716222 0.0299773 0.128811
1 0.749958 0.878602 0.0686359 0.128829
1 0.722128 0.773374 0.058718 0.119094
1 0.804334 0.921596 0.0808359 0.156808
1 0.0115196 0.737769 0.0230392 0.107858
1 0.115236 0.82837 0.0692752 0.118314
1 0.692655 0.74705 0.0554401 0.110503
1 0.0112994 0.895629 0.0225987 0.191079
