2 0.687393 0.527731 0.10464 0.364141
1 0.138453 0.771867 0.0765729 0.135766
1 0.0364776 0.873583 0.0729551 0.16737
1 0.858168 0.722823 0.0706703 0.135185
1 0.200628 0.739526 0.0611066 0.111617
1 0.359195 0.723395 0.06011 0.103062
1 0.704009 0.770201 0.063277 0.120145
1 0.273121 0.941343 0.0967249 0.117314
1 0.670808 0.724472 0.0528458 0.105963
1 0.903847 0.807164 0.0690346 0.131282
1 0.0912141 0.853154 0.0664927 0.120053
1 0.732124 0.833922 0.0722622 0.123358
1 0.95823 0.872946 0.0767676 0.135953
1 0.0276613 0.734665 0.054939 0.103986
1 0.987507 0.908921 0.024865 0.160009
1 0.295035 0.854788 0.0714277 0.129617
3 0.762908 0.917376 0.0777393 0.139044
