2 0.724291 0.546778 0.103537 0.441909
1 0.0356092 0.874286 0.0712185 0.168802
1 0.138414 0.772424 0.0763289 0.137209
1 0.202572 0.740401 0.0618369 0.111853
1 0.858173 0.731876 0.0674869 0.128357
1 0.359786 0.724548 0.0587706 0.103739
1 0.0912298 0.854419 0.0681436 0.12201
1 0.024597 0.724911 0.0490044 0.118815
1 0.706182 0.769943 0.0602627 0.11415
1 0.269284 0.930451 0.0984009 0.139098
1 0.967868 0.828477 0.0642635 0.136957
1 0.677016 0.723896 0.0548034 0.109585
1 0.907538 0.805195 0.0689438 0.131472
1 0.734482 0.833025 0.0678786 0.123002
1 0.987311 0.903224 0.0253777 0.156674
1 0.297047 0.856856 0.076801 0.139402
1 0.700967 0.758563 0.0592936 0.11457
1 0.33267 0.791529 0.0629497 0.120859
