2 0.781237 0.578546 0.0957153 0.502741
1 0.0362369 0.866093 0.0724739 0.174893
1 0.198741 0.734818 0.0630934 0.114229
1 0.141452 0.767265 0.0748827 0.137987
1 0.861829 0.735805 0.0623593 0.129512
1 0.675445 0.726703 0.0548553 0.114352
1 0.0257272 0.723179 0.0512903 0.109537
1 0.360592 0.725908 0.0593321 0.105703
1 0.0988909 0.847601 0.0691151 0.118759
1 0.985099 0.909844 0.0298011 0.164024
1 0.90755 0.806884 0.0649502 0.133331
1 0.704546 0.770691 0.0567646 0.11424
1 0.274902 0.936708 0.097498 0.126585
1 0.966505 0.827433 0.0666946 0.136675
1 0.28763 0.848321 0.0796708 0.120906
