2 0.816115 0.578494 0.0970158 0.500306
1 0.0350428 0.861129 0.0700856 0.175855
1 0.0930102 0.846977 0.0701141 0.127881
1 0.1398 0.769783 0.0756777 0.136146
1 0.360634 0.723767 0.0585554 0.103076
1 0.0250847 0.722014 0.0501562 0.105495
1 0.206871 0.736802 0.061143 0.111817
1 0.858211 0.735803 0.0634594 0.127031
1 0.677978 0.727173 0.0609785 0.113188
1 0.907678 0.807135 0.0634215 0.129064
1 0.275302 0.93792 0.0957268 0.12416
1 0.729315 0.839245 0.062552 0.123065
1 0.984458 0.905881 0.0310836 0.162468
1 0.706303 0.772809 0.0582644 0.111144
1 0.967163 0.826465 0.0655037 0.133354
1 0.331659 0.796984 0.0635856 0.121972
