1 0.544538 0.699628 0.0867515 0.113149
1 0.288822 0.815784 0.103853 0.108261
1 0.755551 0.683419 0.0755911 0.107507
1 0.694273 0.641819 0.0645512 0.0875237
1 0.533166 0.598943 0.0631828 0.0836713
1 0.387923 0.726454 0.080252 0.111464
1 0.0195219 0.531679 0.0390437 0.0801776
1 0.20883 0.568623 0.0546673 0.0841498
1 0.0655478 0.482909 0.0602204 0.0845001
1 0.25834 0.556561 0.0494622 0.0710274
1 0.281077 0.488149 0.0555021 0.0746161
1 0.527529 0.817582 0.0980153 0.112931
1 0.379448 0.630273 0.0775853 0.0870809
1 0.0447649 0.803453 0.0869635 0.117357
1 0.790763 0.822543 0.113942 0.0977491
1 0.554315 0.527547 0.0492759 0.073049
2 0.897411 0.3868 0.0753788 0.199867
1 0.380076 0.564365 0.0641888 0.0795667
1 0.128331 0.529636 0.0801041 0.114434
1 0.9309 0.506748 0.0454006 0.0702121
1 0.672953 0.501119 0.0404438 0.0665826
0 0.980277 0.52568 0.0394457 0.0853255
1 0.538186 0.472294 0.0479566 0.0609739
1 0.980791 0.526285 0.0383303 0.0882202
1 0.700322 0.531879 0.0538401 0.0699357
1 0.4071 0.517003 0.0527248 0.07034
2 0.132776 0.673248 0.135799 0.412671
