2 0.744179 0.614955 0.0802213 0.414358
1 0.161625 0.734596 0.0589081 0.111284
1 0.0983439 0.773597 0.0744147 0.133005
1 0.96013 0.908803 0.0797398 0.158266
1 0.316958 0.728061 0.056703 0.105846
1 0.629326 0.726466 0.0587089 0.109292
1 0.805368 0.739596 0.0648234 0.121329
1 0.658853 0.774828 0.0605616 0.109858
1 0.225076 0.935788 0.104946 0.128424
1 0.979699 0.735875 0.0405842 0.130256
1 0.0523554 0.85784 0.0679105 0.127252
1 0.0145199 0.849096 0.0290397 0.172972
1 0.288443 0.799001 0.0624234 0.119034
0 0.855158 0.802146 0.0757976 0.133365
1 0.688095 0.836277 0.066888 0.121456
1 0.913284 0.869363 0.0676517 0.1228
1 0.855129 0.802216 0.0733797 0.13188
