2 0.73917 0.586035 0.0836134 0.476565
1 0.0972713 0.774619 0.0739127 0.132891
1 0.163111 0.735826 0.0599205 0.112599
1 0.960985 0.909882 0.0779903 0.156755
1 0.317583 0.72622 0.0568809 0.105716
1 0.657999 0.775364 0.0613976 0.109146
1 0.804775 0.740914 0.0651245 0.121687
1 0.629684 0.727328 0.0599066 0.109998
1 0.978563 0.737374 0.0428564 0.132184
1 0.0516692 0.857975 0.0676151 0.127366
1 0.22559 0.935645 0.106497 0.12871
1 0.858068 0.80026 0.0776253 0.136793
1 0.0142947 0.849234 0.0285894 0.174142
1 0.285862 0.801581 0.0647141 0.121351
1 0.914029 0.869082 0.0673247 0.12551
1 0.686689 0.834751 0.0703636 0.124798
