1 0.0956051 0.777261 0.074769 0.130735
1 0.315045 0.728679 0.0586689 0.106664
1 0.165988 0.742094 0.0630077 0.113194
1 0.810518 0.742763 0.0665553 0.132111
1 0.629237 0.72799 0.0566104 0.107399
1 0.05045 0.852141 0.0643188 0.124174
1 0.962749 0.903406 0.0744459 0.159196
1 0.980551 0.734165 0.0388901 0.126149
1 0.657866 0.773223 0.0620874 0.112658
1 0.225279 0.938263 0.100122 0.123474
1 0.920729 0.844544 0.07646 0.139963
1 0.865264 0.801057 0.0669163 0.127422
1 0.0142914 0.86208 0.0285828 0.165789
1 0.686665 0.839957 0.0720608 0.125432
1 0.243072 0.853896 0.0804328 0.1327
1 0.663081 0.787068 0.0647379 0.122835
