1 0.168431 0.74365 0.0621787 0.114207
1 0.317482 0.729891 0.0580538 0.107795
1 0.0902996 0.778 0.0757668 0.129688
1 0.809771 0.743982 0.0659705 0.125234
1 0.629142 0.728651 0.0578768 0.108443
1 0.0480699 0.854769 0.0682745 0.12293
1 0.963001 0.904545 0.0739868 0.162188
1 0.228487 0.93814 0.094788 0.12372
2 0.845678 0.60313 0.0723297 0.282209
1 0.921279 0.844112 0.0761166 0.140659
1 0.659176 0.775505 0.0624058 0.109723
1 0.980472 0.734712 0.0390305 0.128013
1 0.864147 0.808983 0.0634273 0.124282
1 0.244526 0.847626 0.0727903 0.11813
1 0.0130162 0.865389 0.0260323 0.164696
1 0.686929 0.841626 0.0712411 0.1226
1 0.0176208 0.862915 0.0350694 0.13848
1 0.0259186 0.861253 0.0502283 0.139068
