2 0.712692 0.560021 0.0925368 0.463772
1 0.159709 0.733633 0.0610426 0.111622
1 0.627137 0.731226 0.0548009 0.1128
1 0.108464 0.769393 0.0696259 0.12611
1 0.230414 0.93533 0.0945953 0.129341
1 0.320924 0.731567 0.0548543 0.100682
1 0.977429 0.744382 0.0451416 0.122005
1 0.918871 0.830847 0.077953 0.143424
1 0.860176 0.800119 0.0633099 0.123607
1 0.819716 0.733044 0.0678324 0.125326
1 0.958663 0.915485 0.0807766 0.150201
1 0.661475 0.779117 0.0605255 0.127466
1 0.283559 0.803804 0.0808041 0.159319
1 0.0579959 0.85552 0.0796756 0.127928
1 0.0140249 0.869742 0.0280497 0.168174
