1 0.0970496 0.778736 0.0744189 0.132065
1 0.166713 0.742544 0.0626876 0.113511
1 0.317261 0.729968 0.0580419 0.106625
2 0.707329 0.57147 0.0984716 0.44413
1 0.812854 0.73847 0.0624703 0.120428
1 0.627375 0.729428 0.0560509 0.106099
1 0.962005 0.902933 0.0759891 0.16471
1 0.910875 0.836417 0.0824684 0.144102
1 0.98 0.738289 0.0400002 0.125803
1 0.0472463 0.856399 0.0659937 0.117102
1 0.65774 0.76964 0.0555924 0.109353
1 0.857238 0.801845 0.0599995 0.119728
1 0.226978 0.937334 0.0970775 0.125333
1 0.0130911 0.872665 0.0261823 0.163246
1 0.248501 0.85325 0.0743088 0.133717
1 0.680295 0.822791 0.0644611 0.123375
1 0.0189449 0.86702 0.0368725 0.133213
1 0.780602 0.927547 0.0786477 0.135856
1 0.723587 0.891644 0.0782961 0.151551
