1 0.808434 0.739748 0.0661331 0.119727
2 0.668914 0.539257 0.109016 0.421951
1 0.0952297 0.777015 0.0733192 0.132892
1 0.315957 0.727818 0.0569653 0.104911
1 0.157189 0.7355 0.0624187 0.115452
1 0.231294 0.93757 0.0952589 0.124861
1 0.962188 0.902785 0.075624 0.166926
1 0.862137 0.793229 0.0753586 0.130806
1 0.0469567 0.850611 0.066026 0.12559
1 0.979038 0.736301 0.0419236 0.129734
1 0.656044 0.767171 0.0575228 0.111863
1 0.627444 0.725238 0.0544035 0.108629
1 0.68361 0.827896 0.0610289 0.120026
1 0.912525 0.873817 0.0657303 0.127474
1 0.0121601 0.835716 0.0243202 0.163527
1 0.723013 0.885149 0.0776666 0.148325
1 0.0268528 0.847338 0.0519651 0.13493
1 0.290245 0.797671 0.0652015 0.117559
1 0.245277 0.845586 0.079306 0.117481
1 0.771553 0.925976 0.0806156 0.130853
