1 0.840994 0.735049 0.0651794 0.122093
2 0.733724 0.55354 0.073568 0.459427
1 0.0417955 0.825719 0.0827733 0.183962
1 0.153678 0.765522 0.0747963 0.133223
1 0.364401 0.716991 0.0543262 0.102389
1 0.213206 0.731147 0.0575649 0.113237
1 0.902113 0.779138 0.0742496 0.128254
1 0.278876 0.930604 0.0927401 0.138793
1 0.104445 0.838392 0.0565125 0.109434
1 0.946332 0.85228 0.0676401 0.124368
1 0.697343 0.757475 0.0589032 0.109684
1 0.813858 0.927741 0.0863255 0.143004
1 0.669162 0.72041 0.0581174 0.0998454
1 0.298076 0.83814 0.0713444 0.114666
1 0.97812 0.893774 0.0436577 0.165019
1 0.761631 0.873049 0.0745068 0.142443
1 0.7247 0.821024 0.0627818 0.129851
