2 0.291073 0.478514 0.0893236 0.239077
1 0.377425 0.575594 0.0674669 0.0879461
1 0.375129 0.72676 0.07955 0.118449
1 0.288696 0.815939 0.0999 0.109393
1 0.559202 0.787777 0.0946297 0.121944
1 0.757597 0.700745 0.0789775 0.108096
2 0.755212 0.456125 0.0788604 0.339407
1 0.709377 0.641186 0.0671886 0.0928753
1 0.0634392 0.473921 0.0623657 0.0848205
1 0.187389 0.645364 0.0661799 0.100617
1 0.126887 0.722212 0.0744668 0.103874
1 0.540851 0.687439 0.0813078 0.101725
1 0.212673 0.562538 0.059884 0.0806875
1 0.554778 0.525741 0.0506557 0.0696521
1 0.0433832 0.809036 0.0832943 0.104529
1 0.932852 0.500555 0.0487827 0.0757696
1 0.0206364 0.523669 0.0412517 0.0793875
1 0.708192 0.52951 0.0500691 0.0686184
1 0.539115 0.60131 0.0661232 0.0842838
1 0.98247 0.523482 0.0349886 0.0839272
1 0.796395 0.815754 0.100143 0.100292
2 0.75014 0.409471 0.0786491 0.245541
1 0.657893 0.456045 0.0416812 0.0621505
1 0.262362 0.555721 0.0510532 0.075279
1 0.67503 0.505631 0.0457817 0.0693921
1 0.680409 0.59405 0.0532946 0.0841614
