1 0.105001 0.823797 0.0723862 0.124674
1 0.841816 0.717282 0.0637131 0.119338
1 0.0397961 0.825673 0.0795923 0.18909
2 0.422145 0.533561 0.0710731 0.345907
1 0.900159 0.785756 0.0740967 0.127244
1 0.367514 0.71588 0.0514067 0.0989265
1 0.663956 0.717162 0.0552396 0.101902
1 0.280872 0.917902 0.0969339 0.157935
1 0.211456 0.731704 0.0560587 0.109335
1 0.975982 0.865297 0.0480193 0.150552
1 0.15644 0.763072 0.0706536 0.132173
1 0.795018 0.910302 0.0886772 0.169159
1 0.336611 0.789882 0.0652139 0.12279
1 0.937984 0.854762 0.0481308 0.116949
1 0.713066 0.804195 0.0650322 0.124468
1 0.697455 0.758616 0.0607874 0.11472
