1 0.839665 0.721485 0.063372 0.118751
1 0.0397472 0.827325 0.0794944 0.184752
1 0.894044 0.777998 0.0683338 0.114658
1 0.106224 0.829151 0.0660872 0.118748
1 0.946889 0.826347 0.0758232 0.143301
1 0.151167 0.766202 0.0670122 0.130702
1 0.365047 0.714624 0.0525177 0.100209
1 0.200238 0.729194 0.0585006 0.109773
1 0.275074 0.917159 0.099725 0.159614
1 0.664498 0.724274 0.056702 0.107228
1 0.795935 0.9047 0.0863992 0.169232
2 0.59287 0.56464 0.10719 0.482488
1 0.705746 0.786903 0.0687621 0.162172
2 0.594668 0.498836 0.104614 0.34342
1 0.980077 0.890364 0.0398457 0.163173
