1 0.0403971 0.825333 0.0804501 0.187473
1 0.839581 0.72235 0.0648205 0.119139
1 0.894689 0.780518 0.0667614 0.11604
1 0.104919 0.825822 0.0654963 0.120995
1 0.151641 0.766099 0.0701505 0.128811
1 0.206493 0.728212 0.0585939 0.113298
1 0.948517 0.822385 0.0764309 0.144753
1 0.36549 0.71418 0.0546955 0.100848
2 0.589449 0.581503 0.10314 0.499751
1 0.274142 0.9168 0.101186 0.159865
1 0.664975 0.725149 0.0574402 0.107657
1 0.794589 0.90661 0.0883273 0.170774
1 0.705661 0.787246 0.0675102 0.159045
1 0.979598 0.889652 0.0407925 0.161456
