1 0.948236 0.821803 0.0768906 0.141856
1 0.151188 0.767067 0.0683702 0.130537
1 0.04011 0.825803 0.0800131 0.187009
1 0.839461 0.722013 0.0633026 0.118213
1 0.89349 0.77204 0.0690586 0.117973
1 0.36624 0.71535 0.0540889 0.101528
1 0.204187 0.7272 0.0605712 0.115347
1 0.104022 0.825371 0.0650811 0.121119
1 0.276503 0.917499 0.0996952 0.157126
2 0.586811 0.573665 0.105082 0.500616
1 0.665042 0.725226 0.0585695 0.105202
1 0.794071 0.906152 0.0863316 0.17238
1 0.705771 0.786797 0.0683775 0.160278
1 0.979874 0.888971 0.0402419 0.160439
