1 0.274666 0.914845 0.0928492 0.158128
1 0.034062 0.831094 0.0681241 0.175
1 0.941362 0.824872 0.0745407 0.134965
1 0.864168 0.706502 0.0588364 0.105105
1 0.0314535 0.704609 0.0616346 0.106924
1 0.889588 0.775787 0.0642516 0.118127
1 0.0991636 0.801624 0.0772706 0.131558
1 0.201787 0.729191 0.0523852 0.100218
2 0.726044 0.515966 0.0650318 0.356041
1 0.982132 0.88792 0.0357367 0.150617
4 0.160171 0.770887 0.0690259 0.120957
1 0.160761 0.773717 0.0675345 0.118167
1 0.363906 0.711353 0.0544191 0.101153
1 0.297689 0.819765 0.059798 0.116985
0 0.701781 0.765054 0.0609239 0.135185
2 0.731358 0.580829 0.0752645 0.494174
4 0.100903 0.800836 0.0733792 0.137282
4 0.0339022 0.829374 0.0678043 0.17682
