2 0.424357 0.521233 0.0991727 0.381973
1 0.0455866 0.823414 0.0896507 0.193264
1 0.118046 0.832543 0.0698025 0.133184
1 0.270405 0.909989 0.0926234 0.149333
1 0.643 0.745056 0.0673357 0.122673
1 0.898284 0.771598 0.0656659 0.12697
0 0.839713 0.649436 0.0646843 0.129357
1 0.951605 0.822455 0.0731579 0.14179
1 0.158572 0.753692 0.0699295 0.12996
1 0.194874 0.718771 0.0481804 0.103792
1 0.978393 0.888702 0.0431046 0.16253
1 0.334905 0.797387 0.0624294 0.123312
1 0.762198 0.901766 0.0700403 0.135617
