2 0.422573 0.522521 0.100588 0.381909
2 0.586469 0.743835 0.141934 0.501477
2 0.843084 0.672431 0.0895132 0.297246
1 0.0423958 0.816548 0.0846986 0.1888
1 0.896434 0.773915 0.0673624 0.12041
1 0.113709 0.826712 0.0742435 0.127524
1 0.158287 0.752287 0.0691618 0.128293
1 0.949465 0.825201 0.0750772 0.14446
1 0.267596 0.902667 0.0970533 0.170611
1 0.19791 0.719625 0.0511011 0.105693
1 0.97924 0.888335 0.0414986 0.164709
1 0.730634 0.827443 0.0721045 0.128419
1 0.759953 0.912185 0.07521 0.138749
1 0.33404 0.809745 0.0685897 0.159986
