2 0.588897 0.749931 0.120605 0.496865
2 0.772073 0.612965 0.0967728 0.443977
1 0.0407132 0.821525 0.0814264 0.186459
1 0.150696 0.751527 0.0702406 0.126571
1 0.944581 0.826373 0.0754063 0.13762
1 0.198561 0.722297 0.0519691 0.105143
1 0.346089 0.765848 0.0537287 0.102794
1 0.275374 0.912278 0.0970617 0.160353
2 0.845254 0.680617 0.0759142 0.304747
1 0.89523 0.789408 0.0552099 0.107344
1 0.980706 0.88711 0.038587 0.151917
1 0.723721 0.828306 0.0730225 0.149379
1 0.116524 0.829146 0.0714458 0.127072
1 0.0284095 0.695639 0.0557756 0.0867156
