2 0.761897 0.593102 0.0954877 0.40693
1 0.0448865 0.820068 0.0893717 0.187217
1 0.841468 0.716954 0.0667152 0.122359
1 0.120576 0.829472 0.0751413 0.13279
1 0.196552 0.723767 0.0534306 0.108869
1 0.938157 0.828481 0.0730831 0.142265
1 0.976651 0.891432 0.0464245 0.153435
1 0.88336 0.789459 0.0619202 0.12089
1 0.150898 0.747251 0.0630459 0.117053
1 0.691056 0.750585 0.0558115 0.116123
1 0.267316 0.922863 0.0847458 0.146135
1 0.276995 0.81073 0.0668625 0.129136
1 0.725882 0.831051 0.0622295 0.118898
1 0.65019 0.729843 0.0475805 0.105034
1 0.0109362 0.906439 0.0218724 0.174909
1 0.336194 0.781979 0.0755337 0.122239
