2 0.846334 0.63749 0.159776 0.725021
2 0.56411 0.227136 0.0451089 0.157115
0 0.263366 0.443028 0.04073 0.0910563
0 0.354011 0.327025 0.0337664 0.0709049
1 0.1301 0.474402 0.0490508 0.101539
0 0.273156 0.336082 0.0344541 0.072042
0 0.213855 0.405684 0.0330604 0.0766476
0 0.55908 0.334674 0.0314056 0.0667108
0 0.494564 0.309082 0.0373476 0.0688018
0 0.778203 0.337962 0.0346711 0.0744872
0 0.408685 0.346317 0.0342011 0.0717183
1 0.310736 0.365662 0.0329682 0.0728872
0 0.690847 0.31484 0.0318672 0.064712
0 0.216625 0.290007 0.0264321 0.062583
0 0.245386 0.316541 0.0309901 0.0658134
1 0.192736 0.259954 0.0285114 0.0614841
0 0.653599 0.366377 0.0314589 0.066432
0 0.497887 0.250631 0.0328028 0.0561329
1 0.384313 0.409658 0.0409235 0.0813487
1 0.462613 0.225741 0.0247732 0.0541836
2 0.612138 0.261642 0.0428478 0.166694
0 0.686835 0.240449 0.0342579 0.0733231
0 0.311113 0.303755 0.0322495 0.059018
0 0.62978 0.322179 0.0322582 0.0637486
0 0.395854 0.258926 0.0258282 0.0580205
1 0.484178 0.384999 0.0362003 0.080534
0 0.483642 0.383066 0.0409676 0.0827598
0 0.716299 0.36107 0.0328384 0.0639566
1 0.440546 0.268339 0.0276571 0.0548008
0 0.747146 0.309766 0.0291533 0.0634489
0 0.0813222 0.366955 0.03322 0.0702035
1 0.36611 0.237616 0.0252358 0.0565054
1 0.717058 0.360243 0.0328138 0.0680548
0 0.179629 0.346244 0.0317994 0.0668532
1 0.0826298 0.3675 0.0326565 0.0708388
0 0.279464 0.270706 0.0276433 0.059139
0 0.14223 0.296705 0.0275973 0.0635858
1 0.253815 0.262413 0.0257696 0.0566546
0 0.0543106 0.306657 0.026199 0.0609484
