2 0.744417 0.583752 0.0949856 0.412195
1 0.0420588 0.818463 0.08411 0.191323
1 0.113348 0.8342 0.0733588 0.131185
1 0.842442 0.735927 0.0616547 0.117417
1 0.691383 0.755813 0.06502 0.111687
1 0.152528 0.750985 0.0683259 0.1285
1 0.197933 0.726116 0.0532264 0.105719
1 0.943367 0.82932 0.0726364 0.135111
1 0.889865 0.794421 0.0659508 0.123953
1 0.973873 0.890316 0.0522484 0.156681
1 0.662371 0.710721 0.0560175 0.0976664
1 0.355038 0.708962 0.0553471 0.0925385
1 0.263008 0.912118 0.0983725 0.149466
1 0.72597 0.834195 0.0564826 0.118097
1 0.0104578 0.912831 0.0209156 0.163424
1 0.765271 0.886908 0.0665776 0.135109
