1 0.0406359 0.816757 0.0809684 0.186609
2 0.921813 0.578344 0.0810079 0.397533
1 0.841523 0.735659 0.0622528 0.121146
1 0.11155 0.830569 0.0748004 0.136409
1 0.149886 0.752607 0.0684653 0.129941
1 0.198262 0.728078 0.0554672 0.109771
1 0.68881 0.757007 0.0633107 0.112085
1 0.355688 0.709361 0.0555794 0.0925286
1 0.976203 0.885723 0.0475025 0.154035
1 0.950358 0.821046 0.0692194 0.132569
1 0.659479 0.712858 0.0544076 0.099509
1 0.890672 0.793491 0.0623736 0.113673
1 0.729642 0.831176 0.0605637 0.118722
1 0.274604 0.910295 0.090555 0.150323
1 0.762551 0.888198 0.0635912 0.130011
1 0.0115348 0.90418 0.0230666 0.174533
