2 0.618043 0.52282 0.114562 0.317505
1 0.043625 0.832021 0.0868713 0.18477
1 0.841408 0.732779 0.0623737 0.118815
1 0.11697 0.831764 0.0736943 0.13412
1 0.200154 0.730863 0.0579499 0.112943
1 0.154625 0.755878 0.067379 0.128335
1 0.892821 0.794686 0.0694982 0.126344
1 0.711177 0.829293 0.060964 0.120945
1 0.975882 0.886592 0.0481377 0.156338
1 0.685222 0.754062 0.0613931 0.109433
1 0.026883 0.700501 0.0536106 0.0973693
1 0.279641 0.888342 0.086974 0.129624
1 0.941227 0.846357 0.0666859 0.136331
1 0.659006 0.717266 0.0531446 0.111216
1 0.354611 0.707551 0.0546442 0.0861011
1 0.755236 0.870123 0.0578284 0.115423
1 0.0173167 0.859795 0.0344307 0.199577
