2 0.366687 0.51701 0.103041 0.378831
1 0.0468318 0.832564 0.0920079 0.173391
1 0.119478 0.82315 0.0715916 0.136246
1 0.841217 0.733612 0.0621725 0.113043
1 0.272446 0.912857 0.10059 0.160672
1 0.198471 0.733646 0.0556791 0.110653
1 0.973451 0.894273 0.0530974 0.159588
1 0.706981 0.833707 0.0639851 0.112272
1 0.759656 0.881831 0.0655307 0.134824
1 0.693694 0.762178 0.0624735 0.113319
1 0.89649 0.791977 0.0683849 0.122101
1 0.153948 0.75375 0.0665435 0.123683
1 0.66829 0.719496 0.0557491 0.101274
1 0.0302693 0.705836 0.0599649 0.0993019
1 0.932683 0.849836 0.0636848 0.129985
1 0.336685 0.797818 0.0647171 0.119537
1 0.355587 0.70412 0.0557253 0.0868001
1 0.0134339 0.889446 0.0268232 0.188771
