2 0.379987 0.528049 0.0795422 0.366846
1 0.0419446 0.830927 0.0838892 0.180958
1 0.119869 0.83064 0.074467 0.133124
1 0.83899 0.732096 0.0634422 0.114855
1 0.268954 0.90882 0.0999356 0.161914
1 0.947774 0.821184 0.0723991 0.141544
1 0.894615 0.783518 0.0681019 0.1212
1 0.155921 0.754987 0.0686338 0.127774
1 0.198735 0.72515 0.0559196 0.107474
1 0.976738 0.870625 0.046524 0.149909
1 0.712175 0.802978 0.0641102 0.122844
1 0.334748 0.778428 0.0622813 0.143853
1 0.0302533 0.701286 0.0590427 0.08982
1 0.69246 0.756943 0.0581673 0.12628
1 0.952674 0.846787 0.0775899 0.172225
1 0.811311 0.906355 0.0843137 0.161089
1 0.755141 0.864302 0.0584049 0.108601
1 0.665451 0.722186 0.0504022 0.0998776
1 0.691276 0.737658 0.052222 0.0951201
