2 0.401892 0.529639 0.0779846 0.360311
1 0.839058 0.732095 0.0651007 0.117251
1 0.0405476 0.832344 0.0810951 0.177736
1 0.112902 0.832382 0.0767945 0.136562
1 0.269858 0.906881 0.10424 0.16469
1 0.895007 0.783718 0.0678934 0.121905
1 0.946895 0.821531 0.0709614 0.138652
1 0.198321 0.726657 0.0562385 0.10593
1 0.975646 0.868037 0.0487077 0.147718
1 0.153679 0.754526 0.067139 0.128863
1 0.713367 0.803086 0.0627421 0.123654
1 0.336477 0.778069 0.0641444 0.142545
1 0.692258 0.756068 0.0586347 0.126023
1 0.0302007 0.702389 0.0589155 0.092832
1 0.955781 0.853405 0.0758768 0.168936
1 0.664595 0.721528 0.052984 0.102452
1 0.81086 0.907483 0.0843603 0.160799
1 0.69124 0.738555 0.0528458 0.0973945
1 0.755874 0.862519 0.0581143 0.10712
