2 0.437725 0.523113 0.103629 0.372034
1 0.0431133 0.83689 0.0862267 0.184744
1 0.840276 0.736667 0.063694 0.115476
1 0.110128 0.828935 0.0719274 0.13031
1 0.942605 0.826669 0.0727306 0.141422
1 0.15599 0.757013 0.068698 0.129535
1 0.891065 0.785688 0.0644046 0.120118
1 0.200253 0.726361 0.0554367 0.109991
1 0.710236 0.807057 0.0623414 0.12117
1 0.27553 0.911833 0.0945956 0.159302
1 0.975927 0.870102 0.0481468 0.155579
1 0.335416 0.779236 0.068271 0.143956
1 0.0291342 0.702036 0.0571373 0.0911353
1 0.806803 0.908283 0.0824139 0.172201
1 0.665245 0.719721 0.051454 0.101057
1 0.690252 0.753725 0.0598368 0.122175
1 0.959978 0.844765 0.0764152 0.153555
1 0.683104 0.739598 0.063508 0.109405
