2 0.437698 0.518643 0.0976545 0.369841
1 0.0416447 0.835618 0.0832894 0.18447
1 0.840189 0.73659 0.064313 0.115585
1 0.273476 0.911766 0.0982804 0.163987
1 0.942925 0.826502 0.0714443 0.137049
1 0.15358 0.755449 0.0681171 0.130219
1 0.109668 0.829056 0.0742084 0.134482
1 0.892025 0.787208 0.0661144 0.121974
1 0.198644 0.728357 0.055634 0.10922
1 0.975533 0.869299 0.0489335 0.15205
1 0.710245 0.806692 0.0632516 0.121919
1 0.333299 0.780023 0.0690586 0.142712
1 0.80832 0.909633 0.086766 0.171745
1 0.665703 0.718676 0.0523308 0.0984811
1 0.0293527 0.703089 0.057477 0.0891667
1 0.691404 0.756206 0.0591789 0.127071
1 0.673405 0.731598 0.0558933 0.107869
