2 0.433264 0.51227 0.0837954 0.372066
1 0.0407072 0.839241 0.0814145 0.176121
1 0.83994 0.736133 0.0630552 0.114936
1 0.110711 0.829722 0.0756498 0.132244
1 0.273544 0.911027 0.0973824 0.159161
1 0.155663 0.755113 0.0687312 0.128672
1 0.942329 0.826714 0.0691681 0.133275
1 0.892781 0.785582 0.0678658 0.122344
1 0.199625 0.725451 0.0550213 0.110328
1 0.973713 0.87244 0.0525745 0.15557
1 0.709968 0.808362 0.0631451 0.120316
1 0.808497 0.909092 0.0860825 0.175973
1 0.664668 0.720129 0.0504099 0.0966672
1 0.029449 0.70615 0.0577948 0.0909629
1 0.691326 0.755031 0.0591118 0.126188
1 0.338332 0.77285 0.063205 0.125587
