2 0.478034 0.688145 0.0699299 0.228797
1 0.385736 0.770247 0.051348 0.0661133
1 0.116582 0.79241 0.0518477 0.0709157
1 0.269671 0.688704 0.0418705 0.0513161
1 0.282086 0.78978 0.0500963 0.0764556
1 0.716915 0.642436 0.0381773 0.0535701
1 0.716728 0.720412 0.0467756 0.0633509
2 0.552699 0.633949 0.0564266 0.186155
1 0.411782 0.828178 0.0655485 0.0745496
1 0.516175 0.762775 0.0471787 0.0664698
1 0.166903 0.684029 0.0414092 0.0588697
1 0.151298 0.740104 0.0413244 0.0653729
1 0.0635869 0.625636 0.0365608 0.0533714
1 0.662644 0.69969 0.0366247 0.0473577
1 0.63609 0.638372 0.0356663 0.0477778
1 0.0309053 0.662321 0.0389184 0.054098
1 0.374747 0.699912 0.0411003 0.0537598
1 0.811457 0.722212 0.0441549 0.0603077
1 0.202301 0.630108 0.0378148 0.0516157
1 0.6723 0.635292 0.0344114 0.0477142
1 0.540112 0.839824 0.0584387 0.0654348
1 0.595999 0.62654 0.0311101 0.0475866
4 0.886585 0.772543 0.0609688 0.0892983
4 0.774325 0.771339 0.0529631 0.0721383
1 0.375285 0.656784 0.0358181 0.0439574
1 0.774543 0.770467 0.0523583 0.0707506
1 0.887148 0.774507 0.0607304 0.0910024
2 0.555549 0.656327 0.0541851 0.245442
1 0.753667 0.697445 0.0384541 0.0588159
