2 0.860907 0.617711 0.120417 0.680765
2 0.57512 0.340631 0.0512455 0.163532
1 0.224701 0.575275 0.0477268 0.0983327
0 0.378037 0.558834 0.0477278 0.0855671
4 0.0888487 0.611333 0.0642177 0.115008
1 0.745591 0.485 0.0348523 0.0751454
0 0.186843 0.408923 0.0287072 0.0672146
1 0.294752 0.484183 0.0356624 0.0748161
1 0.676053 0.501149 0.0355047 0.0700131
0 0.213383 0.441315 0.0323117 0.0668511
0 0.0427895 0.508845 0.0362469 0.0780113
1 0.571317 0.452483 0.0348841 0.0746326
1 0.482542 0.525055 0.0435384 0.0850349
1 0.49252 0.41947 0.0328494 0.0605462
2 0.635275 0.35 0.0411155 0.11224
1 0.456272 0.340217 0.0263782 0.0551641
1 0.383919 0.371661 0.02709 0.059488
1 0.163721 0.37577 0.0277272 0.0698625
1 0.641372 0.43785 0.0329024 0.0781408
1 0.180095 0.511484 0.0390949 0.0832781
1 0.354073 0.350129 0.0267445 0.0621944
1 0.712436 0.414441 0.0318023 0.0714686
0 0.248974 0.451509 0.0341246 0.071704
1 0.141414 0.463247 0.0305982 0.0792484
1 0.771852 0.423167 0.0307561 0.065821
0 0.337825 0.450127 0.0299298 0.0720612
1 0.226878 0.379376 0.026771 0.0567712
0 0.01411 0.417149 0.0275872 0.0602749
1 0.40659 0.348942 0.0237535 0.0589992
0 0.255056 0.389341 0.0277235 0.0626099
0 0.291763 0.42223 0.0326363 0.0622014
1 0.0381656 0.443534 0.0309588 0.0593911
0 0.815382 0.459811 0.0385628 0.0831351
1 0.337941 0.450036 0.0328345 0.0753514
0 0.395746 0.470767 0.0369956 0.0781931
0 0.179834 0.511629 0.0375221 0.0868401
1 0.108114 0.399088 0.0283947 0.0620097
1 0.0889751 0.400898 0.0237174 0.0572286
1 0.438841 0.391891 0.0302849 0.0619904
1 0.214856 0.440166 0.0317692 0.0682926
