2 0.859577 0.620202 0.118361 0.684655
2 0.575455 0.338784 0.0487881 0.166155
1 0.224329 0.57541 0.0483695 0.0996543
0 0.378038 0.567246 0.049582 0.0899658
2 0.633948 0.350941 0.0415501 0.132621
1 0.746839 0.485262 0.0345624 0.0733938
1 0.161668 0.37184 0.0269825 0.0657566
0 0.0419098 0.50724 0.0360675 0.0748735
1 0.092033 0.613367 0.0532057 0.114334
1 0.494941 0.425457 0.0331352 0.0642057
1 0.676137 0.501026 0.0362157 0.0689667
0 0.186486 0.408127 0.0272338 0.0641673
0 0.394813 0.478229 0.0390994 0.0820557
1 0.571331 0.451861 0.0351004 0.0745753
1 0.384403 0.372686 0.0269297 0.0581874
0 0.338234 0.451323 0.0308338 0.074342
1 0.434365 0.378411 0.0288467 0.0598664
1 0.711632 0.413444 0.0303576 0.0701856
1 0.481887 0.525858 0.0424044 0.0869331
1 0.137195 0.461903 0.0307768 0.074835
1 0.771829 0.422638 0.030076 0.0650642
1 0.225796 0.37103 0.0262783 0.0578535
0 0.214115 0.426827 0.0276668 0.0654812
1 0.0889784 0.401485 0.0235756 0.0558567
0 0.246777 0.455351 0.0320484 0.0706668
1 0.299712 0.481395 0.0349565 0.0733217
1 0.354483 0.353497 0.0273907 0.0640283
1 0.458301 0.338104 0.0279538 0.062298
0 0.640772 0.440156 0.0323038 0.0755585
1 0.178875 0.511668 0.0390196 0.0868061
0 0.179129 0.510691 0.0371764 0.0894918
1 0.290516 0.419627 0.0303123 0.0599735
1 0.337785 0.450132 0.0318874 0.0752974
1 0.108779 0.399665 0.027816 0.0619041
1 0.407009 0.349202 0.0241576 0.0597482
1 0.0375956 0.444289 0.0286294 0.0565769
0 0.816101 0.457538 0.0368184 0.0797431
0 0.253725 0.39241 0.0259104 0.0567665
0 0.0167808 0.420267 0.027797 0.0575619
0 0.0924513 0.615613 0.0524683 0.112941
1 0.508385 0.374893 0.0301615 0.0582596
