2 0.827258 0.616378 0.0948602 0.679046
2 0.574032 0.335826 0.0491917 0.167335
1 0.225044 0.576209 0.0488965 0.0970186
0 0.377813 0.567689 0.0487605 0.0886303
1 0.0913718 0.615185 0.0551975 0.108486
1 0.746268 0.484886 0.0356084 0.0747303
1 0.298806 0.486509 0.0357419 0.0743301
1 0.161859 0.371454 0.0277816 0.0664525
1 0.641272 0.429462 0.0323265 0.0801491
1 0.570741 0.45043 0.0348991 0.0738493
0 0.18736 0.409241 0.0279783 0.0658793
1 0.384273 0.373352 0.0266365 0.0569292
0 0.041198 0.511306 0.0347517 0.0703293
1 0.492659 0.420391 0.0325373 0.0616445
1 0.434269 0.379306 0.0283024 0.0607047
1 0.675453 0.50091 0.0376399 0.0702464
1 0.481919 0.525272 0.0451045 0.085358
1 0.507174 0.37252 0.0273815 0.0544573
0 0.337837 0.451012 0.0329133 0.074687
0 0.248018 0.456587 0.0322983 0.0727815
2 0.633038 0.343169 0.0427689 0.118548
1 0.771621 0.424439 0.0297154 0.0653971
1 0.138009 0.4625 0.031183 0.0748419
1 0.711727 0.414839 0.0305531 0.0692625
0 0.394621 0.479589 0.0389671 0.0830343
1 0.178747 0.510649 0.0394219 0.0869471
1 0.4566 0.340451 0.0256577 0.0603153
1 0.0376639 0.44513 0.0310895 0.0619549
1 0.291324 0.422232 0.0310648 0.0619688
1 0.353445 0.349494 0.0271588 0.061336
1 0.228232 0.373451 0.0272695 0.0589133
1 0.337471 0.451349 0.0320368 0.0772616
0 0.0137935 0.414043 0.0269475 0.0611404
1 0.876881 0.44354 0.0295403 0.0645284
1 0.406579 0.348571 0.023901 0.0588496
1 0.0887748 0.400483 0.0228541 0.0557024
0 0.214903 0.427662 0.0280755 0.0662198
1 0.108514 0.399941 0.0285274 0.0610199
0 0.254216 0.392108 0.0258893 0.0583704
