2 0.741133 0.614066 0.103355 0.674478
2 0.329509 0.330838 0.0498153 0.18048
1 0.222006 0.575451 0.0510639 0.101564
1 0.296464 0.484832 0.0360753 0.0731464
0 0.378031 0.562878 0.0486235 0.0844288
4 0.0929245 0.614732 0.0577113 0.111398
0 0.644735 0.435981 0.0346271 0.0791985
0 0.187817 0.407248 0.0275378 0.0645537
1 0.382555 0.306171 0.0261637 0.0658034
1 0.493728 0.419697 0.0325494 0.0600537
0 0.612383 0.374848 0.0299498 0.0676698
1 0.870569 0.450313 0.0352165 0.0747214
0 0.0355772 0.49832 0.0366923 0.0792333
0 0.247163 0.455816 0.0319902 0.070816
0 0.560627 0.368368 0.0307596 0.0660129
1 0.161645 0.366908 0.0290127 0.0690981
0 0.394438 0.47829 0.0389911 0.0810804
1 0.570428 0.45586 0.0335706 0.0703586
1 0.139437 0.462079 0.0291429 0.0763495
1 0.384381 0.37369 0.0286847 0.0637763
0 0.0126854 0.414181 0.0253294 0.0657149
1 0.457576 0.342647 0.0290079 0.0636758
1 0.336493 0.450702 0.0334135 0.0762355
0 0.254507 0.389451 0.0269268 0.0609029
0 0.484501 0.529675 0.0397907 0.0809256
0 0.214883 0.426715 0.0274861 0.0643041
1 0.226229 0.37384 0.0269175 0.0586287
0 0.179485 0.510552 0.0377203 0.0831821
0 0.337797 0.449698 0.0330711 0.0730467
0 0.675369 0.499834 0.0402267 0.0797865
0 0.43831 0.387304 0.030254 0.0643965
1 0.483139 0.529104 0.040011 0.0819864
1 0.108266 0.398871 0.029363 0.0627439
1 0.0895619 0.401878 0.0238228 0.0572483
1 0.674907 0.502112 0.0425409 0.0821764
0 0.063113 0.544359 0.039013 0.0768065
0 0.507741 0.373495 0.0285028 0.0555034
1 0.43747 0.384854 0.0332171 0.0668749
1 0.291029 0.421937 0.031049 0.0604555
0 0.0381803 0.441431 0.0321584 0.0583153
0 0.816857 0.464319 0.039084 0.0934448
