2 0.740715 0.613383 0.102101 0.676205
2 0.329588 0.325791 0.0492684 0.165743
1 0.225605 0.574789 0.0490011 0.0977849
1 0.294103 0.486449 0.0363484 0.0720941
0 0.377773 0.566822 0.0501675 0.0876902
0 0.644689 0.43717 0.0332703 0.0769329
0 0.246518 0.458005 0.0332579 0.0715586
1 0.494499 0.419515 0.0327745 0.0619415
0 0.0411089 0.497775 0.0372429 0.0825739
1 0.16207 0.368091 0.0279508 0.0696515
1 0.383076 0.304762 0.027287 0.0652687
0 0.561863 0.374101 0.0307604 0.059443
1 0.871487 0.451595 0.0369247 0.0758233
0 0.612938 0.370686 0.0275316 0.0651654
0 0.293088 0.424574 0.0323815 0.0621507
1 0.480341 0.524819 0.0409616 0.0855024
4 0.09342 0.612112 0.0571723 0.108045
0 0.254932 0.393063 0.0268368 0.0599564
1 0.384826 0.373856 0.0296485 0.0657912
0 0.395332 0.479208 0.0394662 0.0823871
1 0.570604 0.448731 0.0349653 0.0761456
0 0.0139743 0.416103 0.0276129 0.0638539
1 0.134424 0.463725 0.0333107 0.0760575
1 0.227167 0.375259 0.026953 0.05794
0 0.214672 0.427567 0.0286739 0.0645759
1 0.179083 0.511724 0.0381003 0.0863132
1 0.438298 0.388612 0.0297945 0.0628464
0 0.187986 0.406055 0.0266793 0.0636697
1 0.108234 0.400578 0.0305227 0.065441
1 0.456976 0.340751 0.0289942 0.06194
1 0.335601 0.448307 0.0346513 0.0783368
0 0.337001 0.448185 0.0352128 0.0763936
0 0.179604 0.510926 0.0364628 0.0881294
1 0.816839 0.46204 0.0405235 0.0895966
1 0.504577 0.369541 0.0282562 0.0546975
1 0.0931643 0.610538 0.0577488 0.107579
0 0.675415 0.500447 0.0397298 0.0769097
