2 0.708322 0.610732 0.10323 0.676497
2 0.440884 0.448194 0.0547567 0.216958
2 0.325538 0.46984 0.0583006 0.227633
0 0.378259 0.570841 0.0514508 0.0954861
1 0.225497 0.574476 0.0512999 0.104595
1 0.496788 0.421959 0.0297958 0.0583849
0 0.645605 0.445539 0.0356341 0.0728919
0 0.179595 0.515876 0.0378301 0.086765
0 0.481269 0.529665 0.0462437 0.0873415
0 0.215352 0.427678 0.0278737 0.0644419
1 0.570392 0.454708 0.0332066 0.0675875
1 0.872567 0.453078 0.0341212 0.0702277
0 0.247797 0.455935 0.0327683 0.0724091
1 0.161282 0.367671 0.0274112 0.0676739
1 0.187568 0.401959 0.0256292 0.0623912
1 0.505032 0.368656 0.0268784 0.0569503
1 0.383511 0.370008 0.0241152 0.0549644
4 0.0883211 0.614971 0.0594087 0.109824
1 0.138694 0.463947 0.0316572 0.0759364
1 0.406141 0.352068 0.0228924 0.0588126
1 0.227296 0.374089 0.0257201 0.060458
0 0.612911 0.368916 0.0278104 0.0650817
1 0.8169 0.459684 0.0372092 0.0754883
0 0.037621 0.489702 0.0346793 0.070112
1 0.772222 0.422831 0.0302956 0.0710229
1 0.0885466 0.401518 0.0227256 0.0565843
0 0.285824 0.417577 0.0289786 0.0624064
0 0.817218 0.46104 0.0383129 0.0792296
1 0.108495 0.39979 0.0278888 0.0626211
1 0.562533 0.375057 0.027034 0.0550088
0 0.00939102 0.406887 0.0186736 0.0626732
1 0.0880096 0.615189 0.0622988 0.112402
0 0.253729 0.388404 0.0269652 0.0659914
