0 0.522256 0.594485 0.044703 0.0964399
0 0.818283 0.636611 0.0527962 0.125085
0 0.777114 0.467839 0.0379678 0.0849587
0 0.318538 0.456381 0.0340947 0.0680918
0 0.702113 0.589743 0.0537035 0.1107
0 0.586819 0.511725 0.0465738 0.102022
0 0.369149 0.432438 0.0359789 0.0678844
0 0.424925 0.576072 0.0457402 0.0894963
0 0.63222 0.476482 0.0341989 0.0839427
0 0.123987 0.50073 0.0377825 0.0686034
0 0.0527941 0.477315 0.0440572 0.0833453
0 0.668292 0.420634 0.0343956 0.0783749
4 0.710793 0.361056 0.0343366 0.0707732
0 0.519099 0.347144 0.027008 0.0641
0 0.824764 0.531022 0.040003 0.0832918
0 0.388059 0.388931 0.0289579 0.0595344
0 0.145673 0.430933 0.0342166 0.077252
1 0.507448 0.474563 0.0365656 0.0820199
0 0.545242 0.43569 0.0369884 0.0854253
1 0.367857 0.344576 0.0260765 0.0592698
0 0.178617 0.420814 0.0292595 0.0682528
0 0.598001 0.390547 0.033341 0.0727943
1 0.229074 0.500682 0.0398323 0.0813443
0 0.0955454 0.449484 0.03434 0.0751276
0 0.856825 0.470427 0.0308704 0.0745374
0 0.221998 0.425478 0.0308808 0.0624758
0 0.00837077 0.464541 0.0167415 0.0875305
0 0.431197 0.404863 0.0313043 0.0605135
1 0.664749 0.34337 0.0281538 0.062172
1 0.251807 0.370681 0.0271379 0.0599719
1 0.425101 0.349197 0.0272359 0.0532056
1 0.84742 0.412408 0.0300494 0.0618015
1 0.252923 0.436492 0.0297153 0.0650482
1 0.623282 0.357315 0.0246884 0.0548104
0 0.485494 0.361985 0.0324551 0.064748
0 0.301813 0.378751 0.0290794 0.0587722
0 0.508442 0.473758 0.042635 0.080776
