0 0.519912 0.591944 0.0446321 0.0928038
0 0.819786 0.642338 0.0560635 0.121187
0 0.857733 0.468307 0.0334393 0.0780477
0 0.701008 0.59005 0.0516602 0.107614
0 0.422225 0.575988 0.0452428 0.0917588
0 0.588007 0.52131 0.0425634 0.0947371
0 0.779012 0.466124 0.0373062 0.0817316
0 0.368578 0.427718 0.0344399 0.0687975
0 0.63321 0.476327 0.0348507 0.0821779
0 0.0337385 0.494246 0.0396551 0.0813075
0 0.0971777 0.437259 0.0355765 0.0702439
0 0.12376 0.501498 0.0382221 0.0698025
0 0.146138 0.43288 0.0347561 0.0767953
0 0.666446 0.421451 0.0352544 0.0787354
0 0.221194 0.428741 0.0315746 0.0634939
1 0.365506 0.346096 0.0257537 0.0591491
0 0.386736 0.386659 0.0275916 0.0561768
0 0.176646 0.409393 0.0315021 0.0738217
1 0.670439 0.343399 0.0283104 0.063509
0 0.829683 0.524302 0.0398636 0.0855514
0 0.516868 0.347041 0.0260922 0.0617338
1 0.226385 0.500944 0.0385953 0.0832747
1 0.621882 0.359135 0.0272937 0.0601889
0 0.253841 0.439736 0.0291745 0.0677915
0 0.431166 0.405189 0.0306257 0.0605924
1 0.507278 0.479384 0.0370554 0.0783392
1 0.123063 0.501269 0.0375183 0.0709554
1 0.320312 0.435519 0.0322489 0.0728307
0 0.487432 0.363006 0.0307424 0.0660646
0 0.598252 0.392103 0.0322118 0.0700836
1 0.83026 0.525941 0.0376932 0.0842259
0 0.321075 0.436129 0.0331953 0.0706439
4 0.714015 0.35935 0.031523 0.064979
1 0.425952 0.3501 0.0269684 0.0517479
0 0.544751 0.434166 0.0351324 0.0808289
0 0.711216 0.506519 0.0373363 0.0761279
