0 0.519951 0.592991 0.0445016 0.0918611
0 0.700635 0.593212 0.0517397 0.105996
0 0.82031 0.638466 0.0529606 0.119436
0 0.59212 0.523907 0.0451706 0.0978267
0 0.778099 0.462595 0.0384005 0.08004
0 0.0294595 0.499215 0.0395588 0.0809436
0 0.63122 0.476624 0.0366969 0.085496
0 0.129677 0.51145 0.0400788 0.0800071
0 0.146355 0.430646 0.0330811 0.073796
0 0.0947707 0.433101 0.0353686 0.0696326
0 0.502975 0.476875 0.0359286 0.0755286
0 0.713654 0.505613 0.039341 0.0759814
0 0.178028 0.414905 0.0301502 0.0675362
0 0.386221 0.385549 0.028221 0.0537286
0 0.425429 0.571591 0.0446825 0.0931004
1 0.679992 0.343334 0.0265909 0.0566435
0 0.545813 0.442635 0.0362372 0.0798065
1 0.62334 0.355451 0.0252115 0.0556078
1 0.252864 0.373211 0.0272443 0.0603775
1 0.461774 0.324588 0.0237756 0.0559435
0 0.30464 0.465591 0.0342387 0.0702722
1 0.36559 0.349213 0.0251347 0.0539691
0 0.520172 0.346015 0.0262411 0.0623106
0 0.793324 0.376843 0.03328 0.073091
0 0.427556 0.405651 0.031939 0.061801
1 0.682396 0.402824 0.0310683 0.0728214
0 0.857501 0.473544 0.0336685 0.0824853
1 0.228199 0.500712 0.0384465 0.0815103
4 0.809055 0.529734 0.0430021 0.0894452
1 0.251286 0.437018 0.0307014 0.0657433
0 0.220771 0.423493 0.0287728 0.061272
1 0.426202 0.347997 0.0266852 0.0529645
0 0.397689 0.330962 0.0284203 0.0586686
1 0.298776 0.379512 0.0274439 0.0517273
4 0.372193 0.425315 0.0341976 0.0646199
0 0.218797 0.413104 0.02937 0.0643099
1 0.487292 0.361348 0.0279124 0.06258
