2 0.231805 0.408259 0.0896363 0.324753
1 0.578089 0.539794 0.0530167 0.0900452
1 0.220501 0.74479 0.094354 0.16571
1 0.962276 0.779674 0.0752634 0.158459
1 0.872259 0.716841 0.0799656 0.150051
1 0.78042 0.626293 0.0554584 0.113703
1 0.0292496 0.668342 0.0584992 0.178948
1 0.0849174 0.879831 0.106148 0.191745
1 0.786067 0.906365 0.103344 0.169718
1 0.604195 0.600663 0.0544137 0.106667
1 0.150298 0.58176 0.0499542 0.101474
1 0.111793 0.59915 0.0560348 0.12213
0 0.729217 0.568026 0.0571886 0.116542
1 0.0745038 0.635658 0.0605269 0.12861
1 0.926287 0.577351 0.0651073 0.117054
1 0.728401 0.763214 0.0629395 0.125569
0 0.0849272 0.878289 0.104079 0.189025
