2 0.818021 0.515624 0.116528 0.693138
2 0.0596796 0.545877 0.0619067 0.500852
1 0.397471 0.42343 0.0413823 0.080975
1 0.122341 0.470487 0.0507373 0.0999632
1 0.308559 0.303737 0.0269315 0.0570502
1 0.492764 0.24852 0.0240293 0.0517561
1 0.568961 0.326586 0.0306087 0.0599895
1 0.476229 0.389299 0.0352665 0.078776
1 0.404851 0.343537 0.0332143 0.0691223
1 0.722109 0.367013 0.0310535 0.0614546
1 0.237985 0.301096 0.0251707 0.0574754
1 0.495543 0.300128 0.0295821 0.0591442
1 0.392251 0.250004 0.0230332 0.0537075
1 0.433383 0.25865 0.0246584 0.0535431
1 0.363805 0.232962 0.0251881 0.055168
0 0.242973 0.44291 0.0460476 0.0897032
1 0.655728 0.36776 0.0330609 0.063814
1 0.345143 0.321904 0.0291095 0.0666901
1 0.62697 0.314115 0.0302742 0.0608816
1 0.312941 0.379011 0.0327498 0.0679226
1 0.189231 0.258223 0.0250388 0.053904
1 0.460579 0.22816 0.0245366 0.0566402
1 0.212039 0.280345 0.0244036 0.0573362
0 0.267942 0.328724 0.029716 0.06157
1 0.680347 0.280302 0.0261192 0.0543017
1 0.773991 0.329 0.0310119 0.06705
1 0.552275 0.251944 0.0270798 0.0589736
1 0.741849 0.304296 0.0273153 0.0607112
1 0.278824 0.270719 0.026024 0.0557837
1 0.697266 0.308807 0.0260869 0.0582874
1 0.143717 0.277303 0.0284926 0.0540971
0 0.167048 0.327508 0.0342528 0.0750913
