2 0.812793 0.512889 0.110595 0.699632
1 0.121836 0.463418 0.051719 0.0901901
2 0.0554098 0.543353 0.0606365 0.498033
1 0.39739 0.421641 0.0417879 0.0815382
1 0.307782 0.303073 0.0264539 0.0550374
1 0.432845 0.258814 0.0243752 0.0544483
1 0.56909 0.327138 0.0305029 0.058428
1 0.407553 0.341278 0.0350945 0.0686806
1 0.317366 0.369177 0.0332856 0.0690345
1 0.493006 0.24867 0.0242152 0.0527851
1 0.722351 0.366735 0.0309113 0.0610926
1 0.495622 0.300744 0.0296225 0.0610016
1 0.243435 0.442885 0.0453051 0.0879379
1 0.391549 0.249253 0.0227467 0.0541678
1 0.364713 0.232209 0.0245663 0.0538383
1 0.237981 0.301529 0.0252402 0.05714
1 0.626898 0.311495 0.0284637 0.0587054
1 0.480864 0.385829 0.0384798 0.0845086
1 0.189499 0.257574 0.0247784 0.0543948
0 0.481012 0.38674 0.0380461 0.0812002
1 0.344718 0.322125 0.0291205 0.0653213
1 0.21221 0.280489 0.0245608 0.0573892
0 0.268314 0.328933 0.0294642 0.0607365
1 0.655506 0.367737 0.0334681 0.0638575
1 0.680172 0.280754 0.0256133 0.0546273
1 0.460678 0.230751 0.025156 0.0605433
1 0.126855 0.277194 0.0228339 0.052466
1 0.552762 0.251534 0.0267132 0.0583891
1 0.279182 0.270744 0.0263062 0.0563183
1 0.773182 0.328212 0.0294838 0.0635451
0 0.741932 0.305016 0.0266199 0.0604678
1 0.697308 0.309006 0.0259506 0.0579081
