2 0.238886 0.309619 0.0683707 0.147658
2 0.495105 0.271924 0.0645662 0.146399
1 0.800989 0.508083 0.0490342 0.0871531
1 0.726035 0.578221 0.0658762 0.115181
1 0.511206 0.375519 0.0394387 0.058497
1 0.945431 0.526703 0.0503456 0.0858415
1 0.313315 0.506162 0.0566355 0.0991017
1 0.444413 0.557218 0.0714447 0.118016
1 0.716307 0.279334 0.028867 0.047554
1 0.538378 0.44367 0.0463758 0.073349
1 0.909747 0.338025 0.0363834 0.0567173
1 0.883232 0.635736 0.0767635 0.118373
1 0.617453 0.404785 0.0402789 0.0633985
1 0.197065 0.469703 0.0490447 0.0725772
1 0.326508 0.411723 0.0419805 0.0616404
1 0.100136 0.441519 0.0509946 0.0733102
1 0.780958 0.281624 0.0322893 0.0503609
1 0.872124 0.37396 0.0418343 0.0630357
1 0.575454 0.351229 0.0360331 0.0543893
1 0.422387 0.440852 0.0478791 0.0744797
1 0.678847 0.34405 0.0324406 0.0544802
1 0.591808 0.275066 0.0239302 0.0391448
4 0.84937 0.4382 0.0501719 0.0750318
1 0.667821 0.296461 0.0282406 0.0452713
1 0.0764886 0.37365 0.0361526 0.0602033
1 0.235498 0.411128 0.0455023 0.0661808
1 0.343619 0.355158 0.0369296 0.0538751
1 0.426899 0.280671 0.0296112 0.0482413
1 0.968955 0.447528 0.0483103 0.0731829
1 0.634369 0.32958 0.0308102 0.0471341
1 0.373099 0.301523 0.0325207 0.0472467
1 0.647044 0.261203 0.0296405 0.0456516
1 0.111599 0.380481 0.0432806 0.0616112
1 0.426691 0.36711 0.0380955 0.0564245
1 0.751025 0.299215 0.0309807 0.0468306
0 0.164428 0.327631 0.0359056 0.0678722
1 0.713821 0.335046 0.031992 0.0528542
0 0.0144413 0.409466 0.0288827 0.0740479
1 0.164045 0.328453 0.0369417 0.0677027
1 0.449179 0.327445 0.0332067 0.0471411
1 0.849715 0.43874 0.0499477 0.0739777
1 0.327195 0.288893 0.0264183 0.0441914
1 0.313958 0.326654 0.0335088 0.0534796
4 0.969913 0.44601 0.0487862 0.074824
1 0.545477 0.279667 0.0269348 0.0497626
0 0.236081 0.409826 0.045624 0.0640423
