2 0.813808 0.514014 0.10819 0.687367
2 0.0554835 0.534167 0.0614707 0.482218
1 0.246009 0.43912 0.0446916 0.0882707
1 0.121092 0.462131 0.0525776 0.0910448
1 0.396032 0.419344 0.0399229 0.0802472
1 0.317572 0.367366 0.0326821 0.0692752
1 0.308932 0.30314 0.0265387 0.0551562
1 0.495116 0.301444 0.0311798 0.0624299
1 0.47926 0.388235 0.0375499 0.0803041
1 0.569017 0.326059 0.0297563 0.0557426
1 0.407677 0.341519 0.0354578 0.0690151
1 0.433304 0.259687 0.0253307 0.0557954
1 0.392703 0.249478 0.0228904 0.0541309
1 0.36377 0.231651 0.0247782 0.0536986
1 0.722622 0.366406 0.0310905 0.0613677
1 0.238764 0.300845 0.0247695 0.0539093
1 0.190145 0.257045 0.0236382 0.0527542
1 0.212113 0.274891 0.0235278 0.0556179
1 0.654159 0.367599 0.0335042 0.0650392
1 0.344307 0.32001 0.0292916 0.0657428
1 0.678891 0.279496 0.0249852 0.0535759
1 0.26584 0.327241 0.0294446 0.0603257
1 0.459523 0.231592 0.0256163 0.0621582
1 0.124956 0.272394 0.0206575 0.0470599
1 0.773414 0.327687 0.0303185 0.0641932
1 0.495636 0.248468 0.0279467 0.0576146
0 0.740849 0.301421 0.0269162 0.0586933
1 0.14559 0.275802 0.0249784 0.0506903
1 0.598002 0.250154 0.0255003 0.0557916
1 0.27926 0.270191 0.0260264 0.0559781
