2 0.815125 0.51443 0.11077 0.68143
1 0.121629 0.46216 0.0526573 0.0918466
1 0.247286 0.43947 0.0449612 0.0891941
1 0.395477 0.417888 0.0395056 0.0806903
2 0.0580391 0.532057 0.0619562 0.483619
1 0.317235 0.367594 0.0327559 0.0698591
1 0.308362 0.302904 0.0264867 0.0554851
1 0.433871 0.258793 0.0252904 0.0540191
1 0.493841 0.300271 0.0318312 0.0616702
1 0.567678 0.325678 0.0284554 0.0553111
1 0.393105 0.249901 0.0235989 0.0558752
1 0.72278 0.36664 0.0309736 0.0598365
1 0.40982 0.340366 0.0358135 0.0695466
1 0.494226 0.248861 0.0262402 0.0547078
1 0.19023 0.257371 0.0238717 0.0529146
1 0.362663 0.231922 0.0254807 0.0569388
1 0.212136 0.273942 0.0234907 0.0551577
1 0.481805 0.387188 0.0384647 0.0843849
1 0.461037 0.227779 0.0238847 0.0566256
1 0.238988 0.303596 0.0255062 0.0550056
1 0.344566 0.319627 0.0296014 0.0665608
0 0.739699 0.303069 0.0271947 0.0606594
1 0.681248 0.27207 0.0259318 0.0526448
1 0.65449 0.367211 0.034616 0.0679251
0 0.482029 0.388269 0.0390779 0.0823704
1 0.626727 0.310203 0.0290213 0.0607293
0 0.266203 0.327696 0.0296874 0.0604923
1 0.773728 0.328899 0.0299857 0.0645307
1 0.59836 0.25049 0.0256155 0.0556363
1 0.701438 0.308204 0.0280729 0.0590498
0 0.279352 0.271424 0.0264201 0.0573127
1 0.144669 0.276364 0.0264924 0.0535124
1 0.128271 0.278946 0.0224591 0.0523558
