2 0.816631 0.514542 0.110589 0.688197
1 0.247958 0.440494 0.0439101 0.0866098
2 0.0588732 0.540261 0.0600247 0.487611
1 0.396847 0.420181 0.0405627 0.0809035
1 0.31823 0.368261 0.0330313 0.0688199
1 0.308491 0.303268 0.0266726 0.0551319
1 0.433064 0.260927 0.0252813 0.0521937
1 0.653912 0.366943 0.0331971 0.0647266
1 0.239731 0.302161 0.0256238 0.0544509
1 0.190109 0.258071 0.0239296 0.0524751
1 0.723392 0.367291 0.0311211 0.0595205
1 0.493156 0.249442 0.0256813 0.0543263
1 0.566572 0.326266 0.0272156 0.0538016
4 0.122227 0.46339 0.0505138 0.0908953
1 0.390887 0.247565 0.0219362 0.0528948
1 0.496011 0.301408 0.0303968 0.0610864
1 0.266293 0.327343 0.0294913 0.0602071
1 0.409936 0.342805 0.0359697 0.0684543
1 0.212049 0.274248 0.0233499 0.0545508
1 0.626502 0.309501 0.0289789 0.0611305
1 0.344876 0.319336 0.0300432 0.0648158
1 0.482521 0.387613 0.0381777 0.0842666
1 0.125751 0.276504 0.021199 0.0489855
1 0.461042 0.227779 0.0223352 0.0549436
1 0.121017 0.464588 0.0556001 0.0919006
1 0.681515 0.272438 0.0259705 0.0526979
1 0.69688 0.308592 0.0253388 0.0560656
1 0.367568 0.23197 0.023984 0.0542755
1 0.774051 0.328404 0.0298463 0.0637758
0 0.739326 0.304258 0.0276627 0.0610341
1 0.279475 0.270996 0.0266409 0.0560778
1 0.145398 0.276422 0.0251401 0.0522937
1 0.601772 0.252133 0.0272202 0.0612723
0 0.553761 0.252886 0.027611 0.0591833
