2 0.817991 0.514889 0.111785 0.6836
1 0.247811 0.440231 0.0447299 0.0883854
1 0.314387 0.371641 0.0332074 0.0728093
2 0.0564612 0.543671 0.0615301 0.506615
1 0.397606 0.4231 0.0409785 0.0821828
1 0.308283 0.303246 0.0269866 0.0562594
1 0.566974 0.326546 0.0278797 0.0545063
1 0.238377 0.302464 0.0248015 0.0543241
1 0.654042 0.366494 0.0340591 0.0674929
1 0.723687 0.366988 0.0316704 0.0604029
4 0.122847 0.465625 0.0558536 0.0939178
1 0.433286 0.262416 0.0249798 0.0514519
1 0.497006 0.301556 0.0312509 0.063323
1 0.492043 0.247563 0.025432 0.0537088
1 0.389687 0.247494 0.0223089 0.0545952
1 0.211987 0.274227 0.0234731 0.0553471
1 0.412722 0.344275 0.0355111 0.0695432
1 0.190376 0.258192 0.0237509 0.0530815
1 0.483386 0.386938 0.0380643 0.0851562
1 0.344272 0.321222 0.0299173 0.0680054
1 0.626679 0.310336 0.0290826 0.0602583
1 0.125396 0.27625 0.0214492 0.0499221
1 0.364948 0.235036 0.0249038 0.0580525
1 0.598108 0.249665 0.0258207 0.0558931
1 0.681273 0.272828 0.0259515 0.0531058
1 0.774004 0.330357 0.0305177 0.0668711
1 0.460972 0.22823 0.0222294 0.0547122
1 0.1224 0.466123 0.0554523 0.0944166
0 0.267362 0.326481 0.0315018 0.0651485
0 0.740449 0.304016 0.027581 0.0611343
0 0.279005 0.271023 0.0259137 0.055502
