2 0.444647 0.474255 0.0965778 0.621386
1 0.151898 0.708367 0.103733 0.17538
1 0.0869402 0.51124 0.0713152 0.142708
1 0.884892 0.602148 0.0749725 0.13366
1 0.811592 0.565536 0.0655901 0.125198
1 0.173721 0.464353 0.0506675 0.0975333
1 0.951611 0.493506 0.049472 0.104289
1 0.684446 0.608719 0.0753527 0.122588
1 0.884162 0.47458 0.0509892 0.103083
1 0.585484 0.468196 0.0481865 0.0925573
1 0.725534 0.722466 0.082472 0.146946
2 0.027856 0.569284 0.0555846 0.54782
1 0.140414 0.520872 0.0523484 0.102475
1 0.204767 0.449174 0.0427907 0.0897912
1 0.691943 0.436458 0.048494 0.0864249
1 0.847473 0.44086 0.048468 0.0961954
1 0.783182 0.503177 0.0536723 0.102774
1 0.331289 0.43005 0.0707744 0.14664
1 0.977588 0.430756 0.0446636 0.0951196
4 0.96023 0.686598 0.0793895 0.177529
1 0.619042 0.51567 0.0556024 0.104188
1 0.733276 0.494407 0.0496676 0.0985975
1 0.563591 0.430763 0.0447878 0.0835832
1 0.979919 0.559265 0.040021 0.0924869
1 0.960506 0.68515 0.0789705 0.175641
