2 0.75725 0.526427 0.102176 0.700131
2 0.375413 0.252433 0.043031 0.161538
1 0.249193 0.442822 0.0444032 0.0888528
1 0.396016 0.428877 0.0429327 0.0832056
2 0.458456 0.227387 0.0396689 0.150514
1 0.568745 0.328879 0.0314751 0.0603506
1 0.316714 0.369184 0.0339843 0.0679568
0 0.267424 0.329412 0.0318921 0.0681435
1 0.653759 0.367335 0.033674 0.0671109
1 0.483309 0.39209 0.0376275 0.0784863
4 0.118995 0.474322 0.0505507 0.0953264
1 0.495323 0.303798 0.0328424 0.0636727
1 0.405702 0.34455 0.0389202 0.0740772
0 0.213458 0.388606 0.0340708 0.0766054
1 0.346759 0.320406 0.0282669 0.0665268
1 0.213664 0.277329 0.0259717 0.0583724
1 0.553132 0.252424 0.027829 0.0573137
1 0.597506 0.249412 0.024802 0.0557115
1 0.626228 0.316157 0.0305499 0.0600366
0 0.835543 0.337202 0.0389633 0.0801896
1 0.21431 0.389036 0.0341644 0.0766822
1 0.279191 0.272412 0.027942 0.0606275
0 0.309534 0.306495 0.0289534 0.0601514
1 0.679532 0.281352 0.0244584 0.0555035
1 0.144694 0.279988 0.0277752 0.0597348
1 0.191164 0.259136 0.0259954 0.0578243
0 0.241394 0.304359 0.0265395 0.0553796
1 0.0532813 0.298965 0.0258347 0.0553165
1 0.178481 0.341304 0.0302679 0.0633278
1 0.0812505 0.36338 0.0307274 0.066068
1 0.495335 0.247857 0.0246521 0.0538249
1 0.696313 0.309474 0.0260027 0.0599187
1 0.435963 0.264359 0.0243646 0.0593232
