2 0.824673 0.553556 0.107909 0.726038
2 0.375168 0.252191 0.0453712 0.163146
1 0.248628 0.44241 0.0445849 0.0894036
1 0.124929 0.469554 0.0502643 0.093208
2 0.459296 0.227123 0.0397296 0.150983
1 0.396621 0.428925 0.0451944 0.0844973
1 0.568398 0.329256 0.0301682 0.058604
1 0.316901 0.366252 0.0339232 0.0720451
1 0.49613 0.299197 0.031119 0.0598721
1 0.722877 0.367772 0.0304162 0.0623386
1 0.6542 0.366767 0.03283 0.0654149
1 0.483125 0.393433 0.0395042 0.0763649
0 0.213847 0.38812 0.0364334 0.0775015
0 0.265909 0.327514 0.030748 0.0626805
1 0.212176 0.275758 0.0246792 0.0574257
1 0.626 0.310667 0.0292535 0.058886
0 0.240875 0.304411 0.02573 0.0551549
1 0.55366 0.250787 0.0268091 0.0564463
1 0.696432 0.308786 0.0257765 0.0583466
1 0.346737 0.321151 0.028194 0.0665992
1 0.214367 0.388708 0.0356741 0.0779098
1 0.742252 0.304865 0.026422 0.0607912
1 0.775309 0.331437 0.033379 0.0683798
1 0.597367 0.249371 0.024773 0.0559096
1 0.143477 0.283071 0.0300563 0.0647863
1 0.680475 0.280005 0.0257906 0.0538245
1 0.176963 0.340496 0.0315583 0.0649199
1 0.405819 0.344394 0.0403974 0.0757718
1 0.278648 0.273109 0.0280759 0.0610141
0 0.081093 0.361764 0.0323974 0.0700802
1 0.435607 0.264453 0.0243035 0.0596401
0 0.308283 0.306267 0.0278138 0.0592563
1 0.496438 0.247732 0.0248099 0.0535499
0 0.0525596 0.306288 0.0280384 0.0600065
