2 0.872401 0.552814 0.105174 0.728159
2 0.374776 0.252023 0.0449628 0.159677
1 0.249239 0.443605 0.044337 0.08761
1 0.396229 0.427965 0.0445699 0.0835807
2 0.4584 0.22787 0.0391628 0.151995
1 0.567517 0.329242 0.0287735 0.0563023
4 0.0843256 0.368061 0.041544 0.0769358
1 0.317517 0.368315 0.0345093 0.0669096
1 0.404862 0.345255 0.0390364 0.0727259
0 0.267385 0.33046 0.0315274 0.0655371
1 0.723488 0.365635 0.0286642 0.0605947
0 0.213277 0.387186 0.0343765 0.0759979
1 0.484083 0.393603 0.0377227 0.0796667
1 0.55516 0.25454 0.0273396 0.0540204
1 0.65258 0.364959 0.0336349 0.0665649
1 0.775081 0.332003 0.0302686 0.062025
1 0.496584 0.301865 0.0316315 0.0600736
4 0.123742 0.465063 0.0482853 0.0941886
1 0.123622 0.463779 0.0510799 0.0897451
1 0.213069 0.278001 0.0256996 0.0580883
0 0.24198 0.303834 0.0269533 0.0550791
1 0.62586 0.309506 0.0291178 0.0578868
1 0.826379 0.329592 0.0315353 0.0653793
1 0.144174 0.282646 0.0295684 0.0616544
1 0.741398 0.305802 0.0271442 0.0617509
1 0.180441 0.342865 0.0280739 0.0643013
1 0.680824 0.279723 0.0257793 0.0528056
1 0.214436 0.387918 0.0341527 0.0764557
1 0.347184 0.323086 0.0281023 0.061445
1 0.278923 0.27428 0.0280688 0.0618591
1 0.436155 0.262462 0.0237923 0.057112
1 0.0471972 0.298367 0.0268275 0.0605589
1 0.696643 0.30898 0.025546 0.0577634
1 0.309233 0.306014 0.0282975 0.059504
1 0.59796 0.247711 0.0247845 0.0532794
1 0.494659 0.246973 0.0236729 0.0524453
