1 0.143154 0.750955 0.0994139 0.172813
1 0.0376901 0.637928 0.0748489 0.140341
1 0.269395 0.635499 0.0737516 0.137078
1 0.953344 0.541321 0.0491045 0.104702
1 0.728194 0.769403 0.084696 0.15168
1 0.690264 0.478548 0.050629 0.092591
1 0.0914509 0.56243 0.0636066 0.138186
1 0.68437 0.651559 0.0670262 0.121657
1 0.171178 0.512164 0.0508434 0.105573
1 0.809779 0.611212 0.0673365 0.124396
1 0.733802 0.531321 0.0494339 0.0957002
1 0.880123 0.521633 0.0511031 0.0990184
1 0.141004 0.568463 0.0495074 0.0982137
2 0.338475 0.354294 0.069668 0.215852
1 0.889522 0.65704 0.0759 0.140451
1 0.960481 0.723315 0.0790379 0.176976
1 0.780285 0.54906 0.0542912 0.103729
1 0.58124 0.514671 0.0480785 0.0923548
1 0.206019 0.496932 0.043833 0.0850622
1 0.846059 0.48051 0.0507906 0.100395
0 0.960863 0.725932 0.0782744 0.177957
1 0.634575 0.63461 0.047878 0.0958947
1 0.0298079 0.513078 0.0500635 0.088686
1 0.617076 0.561795 0.0544003 0.10062
0 0.889612 0.657365 0.0753773 0.136133
1 0.975027 0.472218 0.0493269 0.0871314
