2 0.257892 0.370056 0.0654206 0.309378
1 0.161439 0.73548 0.0986358 0.165474
1 0.0432478 0.632194 0.0794332 0.138897
1 0.266958 0.637927 0.0740028 0.133518
1 0.689806 0.482327 0.0489017 0.090505
1 0.0942379 0.559654 0.0670739 0.140224
1 0.954863 0.542141 0.048806 0.107159
1 0.810989 0.610738 0.0680327 0.124063
1 0.171194 0.511506 0.0545535 0.10646
1 0.72676 0.771549 0.0844466 0.147805
1 0.732779 0.53146 0.0492931 0.0964435
1 0.583054 0.515194 0.0471693 0.0923426
1 0.205565 0.495897 0.0437223 0.083856
1 0.879565 0.523143 0.0505016 0.101839
1 0.685351 0.654147 0.068882 0.125137
1 0.777769 0.550244 0.054347 0.104413
0 0.9615 0.724002 0.0769998 0.174358
1 0.847973 0.478773 0.0497313 0.0969805
0 0.894439 0.663052 0.0782585 0.142428
1 0.961183 0.722305 0.0776343 0.16956
1 0.894496 0.661293 0.0792206 0.145731
1 0.330628 0.475324 0.0392046 0.0738293
1 0.621549 0.561372 0.0529785 0.0984922
1 0.0320175 0.513738 0.0523656 0.0919471
1 0.635507 0.638108 0.0530349 0.096204
1 0.143442 0.566284 0.048816 0.0968079
