2 0.322483 0.325304 0.0658315 0.287793
1 0.162477 0.744999 0.102864 0.158028
1 0.0427448 0.629189 0.0802151 0.143105
1 0.269914 0.63642 0.0723679 0.134863
1 0.962997 0.720127 0.0740063 0.175213
1 0.688856 0.482747 0.048542 0.0896971
1 0.729676 0.766174 0.076358 0.141001
1 0.956518 0.540206 0.0489652 0.108557
1 0.685079 0.6543 0.0694765 0.124551
1 0.894372 0.657376 0.0818665 0.148788
1 0.882769 0.525791 0.0509883 0.101596
1 0.172132 0.512056 0.0518503 0.103775
1 0.808937 0.609959 0.068184 0.126431
1 0.844102 0.476212 0.0521609 0.0921709
1 0.0916227 0.560189 0.0668157 0.13884
1 0.584961 0.513292 0.0473991 0.0884847
1 0.729976 0.534405 0.048689 0.0942356
1 0.206534 0.496887 0.0464034 0.0874283
1 0.776047 0.549427 0.054582 0.101991
1 0.613626 0.561019 0.0548941 0.0987469
1 0.140968 0.566613 0.0511815 0.0974518
1 0.634543 0.635705 0.0487362 0.0933032
1 0.562052 0.480897 0.0433628 0.080729
1 0.0299235 0.513007 0.0521382 0.0845634
