2 0.493022 0.569509 0.053607 0.239176
0 0.751133 0.769015 0.0531069 0.0738552
1 0.252015 0.793184 0.0508361 0.0693442
1 0.695105 0.642474 0.0398261 0.0552338
1 0.10405 0.791303 0.0488984 0.0694828
1 0.3572 0.76792 0.0532756 0.0703972
1 0.614708 0.644766 0.0350768 0.0468278
1 0.127582 0.737602 0.0466875 0.0614756
1 0.248349 0.691827 0.0422065 0.0520368
1 0.437761 0.700528 0.0385138 0.0517764
1 0.0431763 0.633283 0.0376589 0.0499725
1 0.70007 0.721113 0.0453581 0.0612043
0 0.489896 0.757979 0.0478491 0.0719369
1 0.656263 0.631555 0.031842 0.0482763
1 0.0171207 0.66335 0.0342414 0.0528745
1 0.267802 0.651306 0.0391222 0.0547475
1 0.790224 0.719884 0.0423837 0.0604884
1 0.148408 0.689126 0.0397376 0.0573692
0 0.634107 0.705565 0.0379026 0.05269
1 0.402128 0.614032 0.0310602 0.0455645
4 0.864399 0.769268 0.0569939 0.0787885
1 0.485302 0.708209 0.0418416 0.049203
1 0.185298 0.628087 0.0348777 0.0467091
1 0.571546 0.597316 0.0288062 0.0393227
1 0.45906 0.655269 0.0363023 0.0508166
1 0.633537 0.600769 0.0302723 0.0455232
1 0.356229 0.654131 0.0351962 0.0469152
0 0.789479 0.717605 0.0412495 0.0570333
1 0.58141 0.625345 0.0289116 0.0443108
0 0.386388 0.840457 0.0763551 0.0755581
