0 0.35757 0.400354 0.035331 0.0695096
0 0.830595 0.490241 0.0368547 0.0816778
0 0.266748 0.380531 0.026031 0.0598363
0 0.746228 0.489484 0.0423751 0.0911407
0 0.548586 0.463328 0.039291 0.0806377
0 0.302476 0.376763 0.0320125 0.0682068
0 0.442958 0.389254 0.0314546 0.0630946
0 0.656243 0.435067 0.0320512 0.0757941
1 0.739366 0.297974 0.0247742 0.0548655
2 0.564549 0.34405 0.0529037 0.192986
1 0.516531 0.285982 0.0229176 0.049238
1 0.888071 0.498853 0.0457171 0.0899456
0 0.857961 0.34516 0.0295582 0.0632521
1 0.667127 0.357844 0.0313631 0.0609093
0 0.780515 0.473292 0.0351167 0.0812458
0 0.341883 0.326976 0.0303032 0.0634472
4 0.783318 0.325066 0.0292011 0.0634749
0 0.840338 0.378619 0.030098 0.0621546
0 0.632713 0.382092 0.0297424 0.0637309
0 0.739758 0.359483 0.0312383 0.0682405
0 0.668341 0.357616 0.0315736 0.0639545
1 0.902346 0.383251 0.0281296 0.0543754
0 0.631154 0.489884 0.0377961 0.0759393
0 0.600231 0.415429 0.0335228 0.0712513
0 0.213733 0.395642 0.0355558 0.0708257
0 0.710427 0.327069 0.0260914 0.0585115
0 0.418091 0.336888 0.0221901 0.0496716
1 0.816033 0.412941 0.0333836 0.0745921
4 0.241828 0.393534 0.0300252 0.0654263
0 0.730636 0.395702 0.0325565 0.0605868
1 0.472142 0.296366 0.0236813 0.0498054
