2 0.800256 0.722802 0.0987973 0.256627
1 0.408879 0.77204 0.0504484 0.0689374
1 0.30152 0.791742 0.0520881 0.0716532
1 0.53738 0.766916 0.0469238 0.0706306
2 0.479054 0.547892 0.0438059 0.16838
1 0.13801 0.794081 0.0523765 0.0656883
1 0.189059 0.683375 0.0411018 0.0578484
1 0.290556 0.690058 0.0409799 0.0541084
1 0.51451 0.714666 0.0418756 0.0572296
1 0.175018 0.740097 0.0401816 0.062134
1 0.677349 0.706574 0.0392208 0.0521375
1 0.656416 0.64259 0.0368359 0.0519742
1 0.482315 0.696643 0.0369496 0.0498538
1 0.224244 0.631247 0.0380795 0.0553909
1 0.089171 0.63022 0.0367175 0.0524656
1 0.395496 0.656543 0.0325246 0.0431753
1 0.39417 0.696039 0.0366695 0.047282
4 0.914237 0.782696 0.0765888 0.10486
1 0.739531 0.643381 0.0348024 0.0504359
1 0.0166462 0.676979 0.0332925 0.0588557
1 0.690018 0.635122 0.0309995 0.0462433
1 0.488486 0.65668 0.0319315 0.0434232
4 0.0563456 0.667049 0.038528 0.0539407
4 0.0138894 0.622925 0.0277788 0.0490515
1 0.670575 0.601679 0.028878 0.0422938
1 0.403467 0.839875 0.0658694 0.0618749
1 0.911054 0.781766 0.0690411 0.103484
1 0.616094 0.625616 0.0329101 0.048842
