2 0.265868 0.323715 0.065729 0.175718
0 0.849418 0.464172 0.0559761 0.0862063
0 0.880815 0.684135 0.101926 0.160812
0 0.717335 0.607794 0.0858511 0.159436
0 0.784394 0.529492 0.0546937 0.0980535
0 0.783349 0.294033 0.0350582 0.051625
0 0.402517 0.466326 0.0558747 0.0788613
0 0.430887 0.553849 0.072301 0.108798
0 0.233432 0.426414 0.0499568 0.0724432
0 0.311925 0.441485 0.0547991 0.0750225
0 0.289342 0.542727 0.0673439 0.104763
0 0.713659 0.287693 0.0358221 0.0543451
0 0.206455 0.345035 0.0413334 0.0673126
0 0.164085 0.333693 0.0408453 0.0736904
0 0.50075 0.408635 0.0454141 0.0729813
0 0.608358 0.429119 0.0537714 0.0773272
1 0.905593 0.34174 0.0381344 0.0624563
0 0.105254 0.403734 0.050994 0.0747702
0 0.585162 0.369067 0.0426052 0.0601655
0 0.711494 0.360489 0.0409791 0.0607616
0 0.0563062 0.390192 0.0423592 0.064831
0 0.0705464 0.514772 0.0655198 0.0850337
0 0.335916 0.38288 0.0458527 0.0653468
0 0.878702 0.398568 0.0418095 0.0709312
0 0.183452 0.496853 0.0676144 0.106755
1 0.941835 0.543879 0.0615978 0.109764
0 0.526638 0.499925 0.0681843 0.0904661
0 0.420333 0.383959 0.0436608 0.0704884
0 0.637294 0.329276 0.0381956 0.0627368
0 0.411689 0.291767 0.0352024 0.0535849
0 0.740495 0.327404 0.0375509 0.057613
0 0.365915 0.312456 0.0413606 0.0557082
0 0.483392 0.318937 0.0339726 0.0562415
0 0.971641 0.47269 0.0499865 0.0770578
0 0.668827 0.313406 0.035807 0.0578332
0 0.942533 0.543106 0.061655 0.104851
0 0.670666 0.369343 0.0395058 0.0622437
0 0.601546 0.307512 0.0358787 0.0557699
0 0.646864 0.282398 0.0320992 0.0490958
0 0.538719 0.29086 0.030002 0.051189
0 0.560707 0.327876 0.0346746 0.053461
1 0.505114 0.342147 0.0387489 0.0542415
1 0.590083 0.269265 0.0307969 0.0467316
0 0.43587 0.341197 0.0367844 0.0557112
