2 0.287391 0.634171 0.137042 0.706161
1 0.420973 0.906972 0.123105 0.186056
1 0.667805 0.787726 0.114864 0.207568
1 0.427087 0.747583 0.0802652 0.143876
1 0.970104 0.765595 0.0597707 0.313777
1 0.0869198 0.652373 0.0759635 0.140106
1 0.0249353 0.767678 0.0497629 0.160183
1 0.473388 0.680598 0.06105 0.122469
1 0.739615 0.924154 0.123435 0.151693
1 0.596633 0.665706 0.0998579 0.249381
1 0.607296 0.615331 0.0735215 0.129626
1 0.431377 0.634888 0.0618549 0.112755
1 0.0453996 0.840898 0.0877881 0.318203
