2 0.487027 0.586862 0.10291 0.641798
1 0.645288 0.558816 0.0905185 0.192534
1 0.380436 0.625659 0.0868104 0.189681
1 0.759491 0.550539 0.0973681 0.174016
1 0.230187 0.642304 0.110391 0.200114
2 0.654516 0.36351 0.0457852 0.157363
1 0.307309 0.496969 0.0691342 0.16504
1 0.883938 0.518272 0.0666866 0.150616
1 0.374078 0.36987 0.0429391 0.101966
1 0.954276 0.486751 0.0626114 0.167057
1 0.593368 0.377615 0.0432577 0.104423
1 0.419373 0.384656 0.0399868 0.128321
1 0.190926 0.492629 0.0803428 0.12006
1 0.822275 0.435506 0.0499807 0.125615
1 0.222021 0.359813 0.0440155 0.0929418
1 0.715313 0.400968 0.0421349 0.0996427
1 0.761343 0.407732 0.0433839 0.0978607
4 0.715543 0.398284 0.0436394 0.105328
