2 0.785967 0.270122 0.067635 0.154973
1 0.729946 0.439306 0.0497495 0.0788185
1 0.824179 0.427638 0.0539119 0.079021
1 0.498403 0.479527 0.0546683 0.0796103
1 0.0938558 0.415741 0.0547838 0.0802464
1 0.402194 0.461854 0.0479275 0.0830424
1 0.858065 0.32737 0.039801 0.0623269
1 0.25816 0.368299 0.0415552 0.0604541
1 0.964588 0.384241 0.047594 0.0740666
1 0.523449 0.371901 0.04049 0.0538667
1 0.79451 0.367151 0.0441576 0.0647453
1 0.935219 0.334722 0.0452911 0.0648158
1 0.153954 0.389887 0.0462206 0.0723889
1 0.421025 0.384726 0.0423691 0.0700956
1 0.739646 0.353854 0.0415392 0.0684769
1 0.198943 0.430825 0.0493312 0.0713636
1 0.204781 0.347497 0.0363401 0.0565912
1 0.655408 0.296893 0.0487811 0.0687752
4 0.654639 0.335267 0.0700407 0.150043
1 0.434248 0.322139 0.034354 0.0549572
1 0.49641 0.339821 0.030846 0.0439895
