2 0.236617 0.670134 0.103935 0.659732
1 0.569779 0.639869 0.0940002 0.168925
1 0.617133 0.494728 0.0759741 0.15048
1 0.522381 0.455886 0.0608654 0.115287
1 0.773022 0.478986 0.0548553 0.124224
1 0.424493 0.511417 0.048917 0.142973
4 0.368714 0.600074 0.0741341 0.173175
1 0.416078 0.365167 0.0378382 0.100386
4 0.0311464 0.521637 0.0555856 0.131906
1 0.349426 0.46474 0.0631006 0.104887
1 0.654488 0.358309 0.0386333 0.0939105
1 0.610428 0.372113 0.0374745 0.0860601
4 0.147955 0.446931 0.0583615 0.139578
4 0.691829 0.625354 0.0943351 0.228651
1 0.366525 0.385282 0.0382143 0.0736148
1 0.691856 0.624261 0.0946899 0.225688
4 0.0942219 0.540809 0.0573867 0.125148
1 0.368167 0.598654 0.0782985 0.17448
2 0.708952 0.437394 0.0639648 0.167036
1 0.451478 0.434937 0.0437062 0.111297
1 0.576338 0.411941 0.0356736 0.0845386
1 0.789257 0.395905 0.0367116 0.0800006
1 0.552639 0.362911 0.03148 0.0789944
1 0.0938623 0.542051 0.0586297 0.126106
1 0.750935 0.362169 0.0359877 0.093284
1 0.305487 0.422869 0.0354177 0.110985
1 0.818147 0.379044 0.0339076 0.0845623
1 0.1482 0.442337 0.0582071 0.136154
