2 0.229652 0.660812 0.100267 0.670361
1 0.346256 0.579786 0.0814543 0.191284
1 0.61497 0.494729 0.0720522 0.14785
1 0.522748 0.455644 0.0604177 0.11429
1 0.680049 0.449835 0.049403 0.10938
1 0.422003 0.511902 0.0552594 0.141575
1 0.566079 0.641333 0.095249 0.162532
4 0.0327142 0.521365 0.0569177 0.131432
1 0.415507 0.365965 0.0402222 0.10245
4 0.0974601 0.539995 0.0617182 0.127228
1 0.365425 0.385743 0.0383354 0.0778333
1 0.304772 0.419527 0.0400224 0.112775
1 0.690106 0.6243 0.0950961 0.225567
1 0.610629 0.371681 0.0374918 0.0862591
1 0.548638 0.360363 0.0331291 0.0796687
4 0.690325 0.625311 0.0950365 0.22733
1 0.452615 0.432708 0.04387 0.108363
1 0.146608 0.445689 0.0507901 0.126272
1 0.576957 0.412896 0.0377218 0.0878552
1 0.648194 0.356473 0.035084 0.0776745
4 0.146449 0.446457 0.0503647 0.128588
1 0.726296 0.402363 0.0362247 0.0914166
