2 0.303826 0.68301 0.174482 0.629082
2 0.561036 0.579657 0.0806123 0.279303
1 0.687325 0.628511 0.0973932 0.222283
1 0.671415 0.459232 0.0431322 0.10501
1 0.772831 0.480612 0.0548582 0.114066
4 0.0302646 0.520988 0.0553891 0.136237
1 0.424595 0.512653 0.0577103 0.145908
1 0.610015 0.377095 0.0363581 0.0883923
4 0.147431 0.446957 0.0488309 0.13215
4 0.096098 0.541464 0.0591381 0.124986
1 0.620852 0.503021 0.0476717 0.160817
1 0.418156 0.361859 0.0388365 0.0952188
4 0.198016 0.462589 0.0468936 0.139121
1 0.550955 0.366961 0.0325444 0.0880513
1 0.651351 0.362286 0.0377552 0.0854161
1 0.244881 0.405364 0.0419394 0.0987813
1 0.577458 0.403974 0.0332957 0.0681899
1 0.702207 0.415553 0.0352659 0.0991271
1 0.519944 0.453159 0.0442394 0.107265
1 0.789479 0.394449 0.036116 0.0756349
1 0.453465 0.437562 0.0439663 0.114509
1 0.72545 0.398536 0.0320983 0.0805675
1 0.198787 0.464006 0.0469336 0.144196
