2 0.304667 0.68998 0.176745 0.62004
1 0.614905 0.497543 0.0709953 0.156745
1 0.563238 0.640985 0.0948494 0.162847
1 0.525345 0.458036 0.0594944 0.115144
1 0.421439 0.511799 0.0602739 0.145737
1 0.771267 0.482267 0.0595293 0.117065
4 0.0306928 0.521413 0.0553878 0.137227
1 0.689546 0.625565 0.0935654 0.23089
4 0.147224 0.446088 0.0487276 0.131723
1 0.673206 0.450207 0.045034 0.110484
4 0.0958061 0.541869 0.0591196 0.125629
1 0.610455 0.373754 0.0378944 0.0878879
4 0.195561 0.460077 0.0421337 0.137066
1 0.454022 0.435396 0.0426632 0.112203
1 0.651245 0.360478 0.0366249 0.0816915
1 0.551264 0.362332 0.0316547 0.0803131
1 0.576396 0.411168 0.0353509 0.0814889
2 0.706685 0.387284 0.0468027 0.166295
1 0.789727 0.394773 0.0373206 0.0755459
1 0.417856 0.358936 0.0369915 0.0850965
1 0.746538 0.360086 0.0356025 0.0922182
