2 0.300799 0.686508 0.174087 0.626984
1 0.564128 0.643798 0.0945769 0.164802
1 0.525081 0.457987 0.0595772 0.115392
1 0.614763 0.497068 0.0706705 0.156239
1 0.672969 0.450962 0.0433065 0.115022
1 0.688607 0.626623 0.0937865 0.226137
1 0.771402 0.481375 0.0573706 0.117084
4 0.0314819 0.523958 0.0555836 0.134127
1 0.419923 0.511605 0.0660141 0.14402
4 0.0957944 0.541809 0.0583806 0.124603
4 0.147054 0.447651 0.0490001 0.131163
1 0.610228 0.371594 0.0374604 0.0893402
4 0.193747 0.459545 0.039403 0.136929
1 0.65176 0.360306 0.0389689 0.0825595
1 0.735493 0.357934 0.0461986 0.119086
1 0.551055 0.362969 0.0321697 0.0810056
1 0.708061 0.414533 0.0399113 0.098519
1 0.454802 0.432512 0.0430761 0.109421
1 0.576392 0.412048 0.0360356 0.0846372
1 0.790299 0.396861 0.0377197 0.0784016
