2 0.302042 0.688227 0.178311 0.623546
1 0.56303 0.642514 0.093726 0.161828
1 0.525538 0.457754 0.0601888 0.114643
1 0.688372 0.626841 0.0942178 0.22633
1 0.67331 0.450576 0.0425906 0.115822
4 0.0319756 0.522312 0.056442 0.136807
1 0.420803 0.511467 0.0640101 0.146724
4 0.147304 0.44741 0.0489723 0.130644
4 0.0958688 0.540878 0.0589753 0.125902
1 0.707384 0.416332 0.0360316 0.0994207
1 0.610327 0.371148 0.0377258 0.0903131
4 0.770436 0.481446 0.0586166 0.11548
4 0.193583 0.458219 0.0393266 0.135629
1 0.55112 0.363074 0.0324022 0.0820628
1 0.651749 0.359307 0.0389667 0.0838369
1 0.770869 0.480961 0.0595909 0.114665
1 0.454552 0.4346 0.042817 0.112406
1 0.61637 0.5003 0.0673495 0.166493
1 0.789706 0.395812 0.0367789 0.0760646
1 0.575915 0.412055 0.0350966 0.0852318
3 0.395153 0.414822 0.0584216 0.225275
1 0.740562 0.306762 0.0476389 0.0982243
