1 0.759735 0.553808 0.0979311 0.169702
2 0.43655 0.579982 0.102538 0.594625
1 0.307254 0.504546 0.0691928 0.151571
4 0.376219 0.625356 0.0835497 0.180307
1 0.955234 0.487991 0.0632847 0.167447
1 0.184115 0.493794 0.0811163 0.128057
1 0.646607 0.557322 0.0826746 0.189909
1 0.667966 0.40204 0.0431648 0.103298
1 0.591622 0.384911 0.0431028 0.106841
4 0.229166 0.638553 0.107173 0.201281
1 0.226738 0.358863 0.0424821 0.102915
1 0.882731 0.532306 0.068728 0.12972
1 0.536718 0.351391 0.0305889 0.0854414
4 0.536178 0.490384 0.0594018 0.158503
1 0.535253 0.49122 0.0584145 0.153876
4 0.719299 0.408223 0.0359652 0.0983395
1 0.823113 0.448883 0.0470569 0.112801
1 0.49648 0.323991 0.035219 0.0677177
1 0.274963 0.394482 0.0472094 0.135233
1 0.759914 0.411051 0.0415498 0.0974715
1 0.556795 0.32326 0.0263121 0.0822605
1 0.71814 0.412277 0.0405196 0.101909
