1 0.566194 0.641297 0.0963854 0.164841
2 0.414931 0.664722 0.121635 0.670555
2 0.60062 0.453003 0.0689967 0.247674
1 0.669345 0.453793 0.0479959 0.122067
1 0.76927 0.466752 0.0635442 0.12764
1 0.527241 0.450917 0.0560281 0.117737
4 0.150339 0.444732 0.0494259 0.129619
1 0.242535 0.557069 0.0905516 0.185811
1 0.691618 0.630972 0.097701 0.222178
1 0.24397 0.40629 0.0406772 0.0963258
4 0.030592 0.518789 0.0503251 0.141704
1 0.298014 0.421989 0.0413827 0.107188
4 0.0937505 0.539672 0.0581582 0.12517
1 0.551401 0.360848 0.0326345 0.0852031
1 0.0924812 0.54088 0.0574621 0.128655
4 0.200846 0.459322 0.044501 0.134664
1 0.704644 0.41236 0.0343745 0.0904144
1 0.654898 0.35216 0.0367411 0.0765424
1 0.0293435 0.516555 0.0497905 0.141149
1 0.151276 0.444745 0.048702 0.129539
1 0.202397 0.460602 0.042888 0.136288
