1 0.233311 0.64892 0.108068 0.187756
1 0.648841 0.5596 0.0884174 0.190558
1 0.378736 0.63094 0.0904615 0.182239
1 0.190772 0.496485 0.0908561 0.129638
1 0.419191 0.388389 0.0382931 0.136984
1 0.88513 0.529519 0.0629513 0.128185
1 0.953528 0.484834 0.065905 0.167648
2 0.798014 0.452712 0.0748132 0.388777
1 0.378386 0.361165 0.0401647 0.107608
3 0.760333 0.551462 0.0967241 0.17516
1 0.668899 0.405719 0.0424778 0.0929314
1 0.594704 0.378779 0.0411806 0.0877555
1 0.312692 0.496961 0.0637152 0.14439
1 0.222954 0.359868 0.0437048 0.094186
4 0.536375 0.489451 0.0600819 0.162645
2 0.468581 0.455467 0.054211 0.363761
1 0.536476 0.489345 0.0597394 0.162653
1 0.557652 0.320134 0.0261189 0.0775811
2 0.468691 0.38295 0.0506718 0.208809
1 0.534185 0.350111 0.0318415 0.0880449
4 0.378182 0.628502 0.0932433 0.179296
1 0.725594 0.404243 0.0338337 0.089328
