1 0.76329 0.555923 0.100252 0.163563
1 0.227906 0.643826 0.107888 0.19397
1 0.181276 0.49422 0.0860328 0.129115
1 0.299926 0.51764 0.0618978 0.142795
1 0.538069 0.487496 0.062036 0.156777
1 0.472795 0.423895 0.0425675 0.126728
1 0.954269 0.485307 0.0630221 0.163887
1 0.593154 0.390822 0.0431932 0.111941
1 0.377422 0.636247 0.0861478 0.172177
1 0.645935 0.56117 0.0908544 0.189191
1 0.667062 0.403585 0.0464752 0.102283
1 0.885214 0.531514 0.0697786 0.125489
1 0.489768 0.317001 0.0368413 0.0654256
1 0.224274 0.359879 0.0362796 0.0952242
1 0.170242 0.371897 0.063155 0.116715
4 0.37803 0.631307 0.0863638 0.168068
1 0.531951 0.352064 0.0333323 0.0723848
2 0.400586 0.499225 0.110584 0.440765
1 0.757976 0.422248 0.0479735 0.10294
4 0.8195 0.435459 0.0501758 0.112161
1 0.819929 0.438215 0.0489056 0.115718
1 0.274822 0.42241 0.0392396 0.086505
1 0.556175 0.323931 0.025834 0.0799181
