1 0.771687 0.556517 0.0995159 0.171037
1 0.46392 0.42491 0.0513229 0.128691
1 0.382666 0.63324 0.0925072 0.171904
1 0.315614 0.497839 0.0658228 0.165579
1 0.419275 0.397359 0.0380775 0.125723
4 0.540388 0.493833 0.0664177 0.143429
1 0.669045 0.563511 0.0721294 0.191294
1 0.171417 0.523859 0.0679968 0.157369
1 0.613225 0.490812 0.0510275 0.129748
1 0.944778 0.503379 0.0730043 0.158538
2 0.658889 0.361408 0.0734876 0.180321
4 0.244705 0.633984 0.119264 0.190322
1 0.386476 0.360319 0.0342281 0.101642
1 0.214699 0.358343 0.0453282 0.0997794
1 0.245622 0.634372 0.119154 0.192444
1 0.71085 0.403911 0.039748 0.107973
1 0.87246 0.524977 0.0569878 0.167677
1 0.765903 0.423089 0.0509837 0.0930937
1 0.271232 0.440028 0.0383025 0.131704
4 0.767026 0.420917 0.0488401 0.0951113
1 0.543407 0.387609 0.0458895 0.07491
4 0.871626 0.526089 0.0572752 0.165333
1 0.241301 0.428563 0.0343011 0.121419
1 0.48844 0.311977 0.0351913 0.0686318
1 0.81984 0.436851 0.0466793 0.107296
