2 0.217063 0.680931 0.118181 0.616805
4 0.70356 0.639353 0.0891665 0.201809
1 0.535118 0.45356 0.0523963 0.126146
1 0.577096 0.627337 0.0882404 0.178931
1 0.69074 0.460722 0.050107 0.147971
1 0.358822 0.586529 0.0728755 0.19333
1 0.458273 0.437571 0.0588974 0.123982
1 0.612569 0.375484 0.0413597 0.1004
1 0.60898 0.482245 0.0688437 0.113334
1 0.414934 0.361274 0.0364748 0.0953877
4 0.0324444 0.515045 0.0534042 0.135404
4 0.417976 0.520686 0.0510389 0.132669
1 0.793344 0.480549 0.0560084 0.14176
1 0.747562 0.36482 0.0348717 0.0877824
4 0.0909549 0.569963 0.0656033 0.185289
1 0.367144 0.403131 0.0444161 0.0792791
1 0.736171 0.504039 0.0495346 0.0969368
1 0.155034 0.450111 0.0391361 0.11903
