4 0.693749 0.637857 0.082495 0.195714
2 0.144749 0.656253 0.116823 0.605845
1 0.253976 0.558389 0.0882654 0.175474
1 0.537517 0.454557 0.0535099 0.127097
4 0.573371 0.639374 0.097843 0.159311
1 0.450781 0.439063 0.0591234 0.116074
4 0.364248 0.58979 0.0729044 0.205847
1 0.784834 0.479757 0.0513641 0.131773
1 0.615966 0.500116 0.0617139 0.14549
1 0.0404205 0.50668 0.0563617 0.134591
1 0.413463 0.361163 0.0371471 0.0921755
1 0.364294 0.404155 0.0415347 0.0812181
1 0.614438 0.376722 0.0394009 0.100006
1 0.684826 0.458856 0.0474713 0.142
1 0.739369 0.539192 0.0476134 0.150575
1 0.749761 0.365126 0.0350401 0.0892253
1 0.578012 0.408972 0.0338079 0.0856193
1 0.820271 0.377844 0.0370266 0.0803982
4 0.419354 0.527073 0.0492601 0.12687
1 0.296729 0.424811 0.0404956 0.10987
1 0.715668 0.407544 0.0301118 0.0965803
4 0.296631 0.423919 0.0397738 0.115337
