2 0.143269 0.662811 0.119086 0.587373
1 0.254025 0.557833 0.0869898 0.175589
4 0.716615 0.632765 0.0879203 0.197972
1 0.537491 0.45546 0.0520055 0.128112
4 0.574797 0.642621 0.0982839 0.160356
1 0.792827 0.474847 0.0554026 0.125201
4 0.365576 0.587665 0.070324 0.198949
1 0.414658 0.360608 0.0375008 0.0924455
1 0.617361 0.505985 0.0643133 0.146037
1 0.453916 0.440461 0.0543304 0.118714
1 0.0358487 0.504633 0.0548648 0.130116
1 0.362987 0.405265 0.0415044 0.0843897
1 0.57929 0.408787 0.0355335 0.0887202
1 0.746526 0.365577 0.03603 0.0930752
2 0.685211 0.46245 0.0442223 0.147353
1 0.618742 0.376072 0.0383817 0.0908373
1 0.303379 0.421635 0.0440973 0.121455
4 0.419417 0.522537 0.0528622 0.130318
1 0.817609 0.381652 0.03549 0.0699399
4 0.618461 0.504741 0.0631058 0.145388
