2 0.165733 0.358014 0.0799259 0.21653
0 0.848511 0.464306 0.0561253 0.0861741
0 0.412978 0.61151 0.0747416 0.109162
0 0.783139 0.298026 0.036478 0.0526075
0 0.707713 0.620017 0.0919447 0.142148
0 0.103311 0.402099 0.0484526 0.071617
0 0.875573 0.68853 0.0979324 0.146328
0 0.403002 0.473788 0.0637904 0.0955841
0 0.78264 0.531004 0.0626983 0.0995741
0 0.877024 0.399612 0.0420284 0.0709855
0 0.496655 0.406303 0.0492918 0.0768299
0 0.178389 0.50429 0.0606041 0.0965076
0 0.574245 0.378963 0.0423342 0.0658206
0 0.284272 0.555243 0.0660257 0.102879
0 0.31242 0.44194 0.0542711 0.0791826
0 0.0909755 0.498862 0.0671112 0.0889647
0 0.713185 0.288861 0.0354 0.0543165
0 0.613269 0.431965 0.0501747 0.0779853
0 0.233357 0.426314 0.0487035 0.0723128
0 0.480239 0.327877 0.0338116 0.0587249
0 0.408386 0.397296 0.0485091 0.0641649
0 0.436494 0.348319 0.0395569 0.0621238
0 0.527819 0.487286 0.0638533 0.0873501
0 0.413424 0.291637 0.0342776 0.0518575
0 0.646762 0.283231 0.031802 0.0521627
0 0.671495 0.373216 0.0417647 0.0721112
0 0.364169 0.31321 0.0388255 0.0545876
0 0.941381 0.541596 0.0637577 0.112475
0 0.333992 0.381581 0.0439041 0.0613286
0 0.260644 0.331395 0.037712 0.0583429
0 0.304704 0.34853 0.039614 0.0536995
0 0.611086 0.304236 0.0345123 0.0512839
0 0.0542913 0.398507 0.0437556 0.0632351
0 0.738786 0.330244 0.036424 0.0559643
1 0.922421 0.361035 0.0362858 0.0551202
0 0.717276 0.366447 0.0410368 0.0537885
0 0.211874 0.344191 0.0380684 0.0663629
0 0.666604 0.313165 0.0367815 0.0526367
0 0.509012 0.342328 0.0349815 0.0583093
0 0.539995 0.289926 0.0292282 0.0517296
0 0.55872 0.333194 0.0344061 0.0561871
0 0.633649 0.34557 0.0408987 0.0597266
0 0.591793 0.278823 0.0304913 0.0477324
0 0.30514 0.311891 0.0360381 0.046656
