4 0.690285 0.644101 0.0871358 0.192232
4 0.377399 0.595017 0.0747934 0.18261
1 0.564865 0.638746 0.10101 0.168669
1 0.694411 0.457379 0.0534275 0.137785
1 0.745205 0.540286 0.053981 0.170747
1 0.25208 0.562051 0.0913747 0.177551
1 0.363802 0.408615 0.0423046 0.0943804
1 0.455231 0.448973 0.0497047 0.120519
1 0.791537 0.477905 0.0506408 0.12853
2 0.417946 0.352721 0.0559806 0.189258
4 0.0340583 0.520873 0.0614809 0.132777
4 0.614693 0.500721 0.0661672 0.141565
1 0.609895 0.374897 0.0410919 0.0963121
4 0.102336 0.554474 0.0595765 0.168106
4 0.104879 0.582716 0.0604658 0.223856
1 0.645859 0.354052 0.0357308 0.0828575
1 0.160936 0.457369 0.0579112 0.126658
3 0.523902 0.459825 0.0623624 0.108977
1 0.574111 0.411989 0.0356103 0.0850634
1 0.0333884 0.521816 0.0611803 0.129785
1 0.742221 0.367765 0.0352462 0.0830586
1 0.748622 0.36286 0.0336839 0.0818254
1 0.818989 0.370322 0.0361553 0.0752293
1 0.297189 0.425852 0.0416095 0.114645
1 0.465198 0.35954 0.0317796 0.0733764
4 0.525763 0.459756 0.0638054 0.112762
