1 0.343848 0.59735 0.0975221 0.175036
2 0.553063 0.658423 0.127219 0.628044
4 0.149792 0.447696 0.0558196 0.13178
1 0.417065 0.362702 0.0371051 0.0909109
1 0.354268 0.460822 0.0531906 0.0897371
1 0.423251 0.523777 0.0571721 0.128577
1 0.304809 0.420873 0.042824 0.103496
1 0.669787 0.456595 0.0473069 0.130281
1 0.451378 0.433919 0.0507099 0.105204
4 0.0351296 0.513187 0.055676 0.139846
2 0.728462 0.445061 0.0613704 0.207138
1 0.782997 0.475729 0.0426302 0.122608
1 0.366574 0.387282 0.0409675 0.0749461
4 0.247629 0.555192 0.086606 0.18402
4 0.0954489 0.542426 0.0576788 0.127909
4 0.701559 0.635558 0.0981442 0.200715
1 0.246164 0.404891 0.0384515 0.0982309
1 0.64909 0.357281 0.0383984 0.0808644
1 0.701947 0.634951 0.0978675 0.198353
1 0.20777 0.449181 0.0457518 0.128344
4 0.205151 0.453218 0.0451802 0.133111
