2 0.760446 0.496599 0.06292 0.300031
1 0.344308 0.597822 0.0960439 0.177254
2 0.553997 0.658465 0.126418 0.621434
1 0.699136 0.634608 0.0938087 0.199428
1 0.673658 0.459509 0.0520158 0.133118
1 0.42213 0.525129 0.0595736 0.12715
4 0.149522 0.447483 0.0564309 0.132424
1 0.417121 0.362575 0.0372731 0.0913145
1 0.366048 0.390429 0.0420818 0.0797757
1 0.452036 0.434607 0.0505152 0.106134
1 0.305993 0.420092 0.0427155 0.103427
4 0.035295 0.512827 0.0559007 0.139669
1 0.350012 0.462189 0.051028 0.0847135
4 0.248368 0.555352 0.0866974 0.184669
4 0.09518 0.541694 0.0592526 0.126881
1 0.245975 0.404971 0.0385983 0.0973497
1 0.651934 0.357432 0.0390276 0.0829786
1 0.208299 0.449406 0.0455408 0.126422
1 0.248884 0.555479 0.0866708 0.184516
4 0.205458 0.453499 0.0455515 0.131571
