2 0.261908 0.671234 0.146903 0.656957
1 0.422704 0.643799 0.0627041 0.109972
1 0.0308688 0.783727 0.0617376 0.161767
1 0.0933621 0.661153 0.0809669 0.146928
1 0.970271 0.776043 0.0594589 0.287427
1 0.475946 0.726917 0.0697586 0.133175
1 0.432228 0.906603 0.136548 0.186794
1 0.599291 0.65206 0.101363 0.216614
1 0.420529 0.766179 0.0749848 0.129016
1 0.660287 0.722332 0.0828848 0.1453
1 0.618452 0.613756 0.0727562 0.126071
1 0.10678 0.713956 0.110011 0.271993
1 0.654162 0.854481 0.0955273 0.183159
