2 0.769882 0.4815 0.0741366 0.317852
1 0.307043 0.493902 0.0708663 0.168398
1 0.472404 0.426421 0.0539095 0.127318
1 0.228031 0.641644 0.105067 0.202962
2 0.976022 0.631343 0.0479549 0.681982
1 0.419508 0.400043 0.0442162 0.11528
1 0.88118 0.532235 0.0685436 0.118175
4 0.537728 0.491529 0.0649782 0.153401
1 0.381603 0.366255 0.0382547 0.0993565
1 0.379073 0.632157 0.0970163 0.177096
1 0.175274 0.514301 0.0686046 0.143046
1 0.82982 0.450702 0.0437191 0.124214
1 0.536816 0.343146 0.0384311 0.0803791
1 0.58867 0.370828 0.0355698 0.0829185
4 0.379514 0.630418 0.0990485 0.176292
1 0.224124 0.367094 0.036213 0.0842521
1 0.488658 0.325994 0.0394234 0.0693201
1 0.537332 0.49013 0.063954 0.152318
