2 0.772862 0.475246 0.0791901 0.3076
2 0.975025 0.632561 0.0499503 0.66094
1 0.307442 0.493677 0.06908 0.170231
1 0.22824 0.638523 0.106056 0.202504
1 0.178199 0.498395 0.0747461 0.137124
1 0.473082 0.426677 0.0525089 0.126451
1 0.419911 0.400054 0.0461226 0.114779
1 0.379391 0.632042 0.0943177 0.178126
2 0.633879 0.635298 0.0697683 0.540399
1 0.881793 0.529219 0.0666344 0.12199
1 0.380766 0.365959 0.038583 0.102451
4 0.538231 0.491778 0.0652758 0.152798
1 0.221177 0.363548 0.0415472 0.0910879
1 0.537313 0.342507 0.038793 0.080859
1 0.489353 0.325947 0.039835 0.0688849
1 0.589596 0.370216 0.0323886 0.0799823
1 0.823725 0.438342 0.0348614 0.10532
4 0.882123 0.531179 0.0685844 0.122582
1 0.537478 0.491374 0.0648365 0.154991
