2 0.770578 0.474234 0.0744376 0.307502
1 0.307941 0.494046 0.0682994 0.169658
2 0.975218 0.627636 0.0495642 0.674185
1 0.178846 0.502153 0.0782828 0.147082
1 0.472929 0.426877 0.0530942 0.126222
1 0.419686 0.399872 0.0453027 0.115555
1 0.379058 0.632218 0.0937696 0.177888
1 0.882146 0.5305 0.0671833 0.121575
1 0.229425 0.639618 0.106636 0.201679
1 0.380802 0.365969 0.0382388 0.100452
4 0.538857 0.491825 0.0641755 0.151769
1 0.222013 0.364578 0.0409324 0.0889852
1 0.590408 0.372885 0.0342554 0.0823298
1 0.539022 0.339741 0.0355259 0.0758374
1 0.48991 0.325485 0.0391577 0.0680551
1 0.822315 0.44732 0.0380848 0.119545
2 0.640912 0.639205 0.0779787 0.543743
