4 0.372257 0.627517 0.0889388 0.181838
1 0.767415 0.548025 0.0995866 0.165575
1 0.646534 0.564664 0.0884653 0.179305
1 0.22879 0.640762 0.100003 0.198305
1 0.300585 0.495408 0.0723856 0.16525
2 0.441345 0.461098 0.0793964 0.432086
1 0.536454 0.486924 0.0661253 0.160187
1 0.882919 0.532144 0.0712292 0.124234
1 0.181121 0.494146 0.0914159 0.145665
1 0.378248 0.367585 0.0393862 0.107994
1 0.664791 0.410991 0.0489719 0.104233
1 0.5932 0.379629 0.0425761 0.0991704
1 0.822874 0.435239 0.0489215 0.112986
1 0.165966 0.364407 0.0680489 0.115159
1 0.955347 0.497824 0.0661584 0.151863
1 0.223573 0.362739 0.0389929 0.10351
1 0.534752 0.348828 0.0325768 0.074419
4 0.954378 0.496277 0.0627534 0.152051
4 0.721884 0.398886 0.0398248 0.0998808
2 0.282843 0.367884 0.0550209 0.130496
1 0.722752 0.39932 0.0402914 0.102455
1 0.759726 0.411116 0.0448434 0.100621
