2 0.419079 0.466721 0.0842558 0.426538
1 0.762852 0.555291 0.0973643 0.159485
1 0.646526 0.560753 0.0857445 0.185231
1 0.228943 0.645701 0.106184 0.19188
1 0.189845 0.495696 0.0892744 0.126561
1 0.659729 0.407665 0.0497969 0.091353
4 0.54021 0.477741 0.0716452 0.153726
4 0.953299 0.495919 0.0640999 0.150424
4 0.880316 0.534606 0.0694767 0.134892
1 0.22135 0.364903 0.0397187 0.103644
1 0.59178 0.381491 0.0393023 0.100787
1 0.535075 0.341059 0.0310789 0.0781986
4 0.37251 0.622916 0.0882493 0.178809
4 0.306667 0.494674 0.0639485 0.158659
1 0.305699 0.495502 0.0650762 0.16016
4 0.759603 0.425455 0.0540338 0.0948912
1 0.494441 0.32352 0.0380552 0.0729898
1 0.825367 0.444701 0.0468315 0.104021
1 0.953223 0.495814 0.0652603 0.152303
1 0.881595 0.532427 0.0693233 0.129627
1 0.178164 0.324927 0.0423458 0.0933829
1 0.479764 0.416747 0.038567 0.117648
1 0.557358 0.321856 0.0256825 0.0749227
1 0.761002 0.427044 0.0551608 0.0913405
1 0.539952 0.477752 0.0709963 0.153773
