1 0.647139 0.559864 0.0826843 0.18426
1 0.761135 0.555112 0.0951913 0.160535
2 0.417943 0.46631 0.0836223 0.425562
1 0.229052 0.642734 0.108669 0.19017
1 0.307135 0.495183 0.0628855 0.157142
1 0.193124 0.496825 0.0887128 0.112979
1 0.659564 0.410317 0.0504111 0.095161
4 0.537294 0.477374 0.0740213 0.159652
1 0.37178 0.627262 0.0839113 0.181698
1 0.883284 0.532992 0.0690068 0.127226
1 0.59179 0.385021 0.0409009 0.10162
4 0.954277 0.4981 0.0624644 0.153545
1 0.536279 0.347623 0.0376383 0.082138
1 0.825451 0.446279 0.0465942 0.106991
4 0.720514 0.403664 0.0350616 0.0995639
1 0.536643 0.476895 0.074615 0.158268
1 0.494718 0.32393 0.0361935 0.0719869
1 0.955137 0.499578 0.0657712 0.153542
1 0.22238 0.362448 0.0362282 0.104223
4 0.758942 0.424181 0.0483782 0.0909007
1 0.761154 0.425697 0.0511494 0.0899401
1 0.176514 0.324045 0.0479174 0.0939415
