4 0.347362 0.598029 0.0739545 0.228311
1 0.296783 0.490469 0.0532753 0.159179
4 0.706266 0.539228 0.0749908 0.187926
1 0.44468 0.503929 0.0478897 0.279502
4 0.540357 0.487394 0.05591 0.141346
4 0.838395 0.535353 0.0686131 0.176539
4 0.161216 0.433147 0.0590769 0.119579
1 0.242052 0.411282 0.0416874 0.10401
1 0.222624 0.606863 0.0845421 0.241816
4 0.605746 0.578637 0.0779407 0.271363
0 0.770473 0.463752 0.0537664 0.141614
0 0.491091 0.409788 0.038589 0.100384
1 0.407621 0.390384 0.0403601 0.108532
4 0.223259 0.607105 0.0863138 0.238119
1 0.593891 0.373521 0.0371483 0.0881902
1 0.690871 0.396914 0.0462086 0.0893244
1 0.822609 0.409615 0.0371986 0.0894489
