4 0.840552 0.540714 0.0643793 0.173324
4 0.220994 0.61026 0.0903502 0.239661
1 0.295774 0.499589 0.0505178 0.167551
4 0.34649 0.596115 0.0787619 0.233817
4 0.906791 0.504224 0.060331 0.156674
4 0.542436 0.485696 0.0603743 0.141376
4 0.77543 0.467358 0.0599766 0.140135
0 0.542761 0.482828 0.0595272 0.132109
1 0.348292 0.594169 0.0765697 0.229765
4 0.699436 0.541949 0.0741503 0.190382
0 0.296063 0.499041 0.0499384 0.167977
0 0.491881 0.329768 0.0347239 0.0660358
4 0.161591 0.44834 0.0583752 0.14051
