4 0.222471 0.605556 0.0915458 0.254967
3 0.716148 0.532579 0.0822689 0.193146
1 0.538814 0.484936 0.0636676 0.157145
4 0.162822 0.446901 0.0625139 0.139404
0 0.785139 0.467787 0.0578796 0.125228
4 0.896164 0.514897 0.0532867 0.149363
1 0.244217 0.408343 0.0470194 0.10408
4 0.841018 0.539429 0.0658112 0.177375
3 0.681279 0.398128 0.0444457 0.0943446
1 0.345096 0.599284 0.081003 0.225637
4 0.538994 0.484734 0.064935 0.152254
0 0.2925 0.500523 0.049004 0.159131
1 0.623237 0.553407 0.0931629 0.252939
