2 0.151207 0.353476 0.0796076 0.193749
0 0.941505 0.549229 0.0641109 0.119753
0 0.848452 0.465053 0.0550947 0.0864779
0 0.709878 0.617467 0.0917349 0.142062
0 0.413085 0.614942 0.0771446 0.106403
0 0.783703 0.297313 0.0362474 0.0514695
0 0.784001 0.530605 0.0608891 0.0986781
0 0.874026 0.691111 0.101456 0.14896
0 0.0905337 0.501196 0.0649253 0.0867644
0 0.313542 0.44239 0.0535329 0.0766237
0 0.284093 0.547852 0.0725852 0.108853
0 0.412562 0.392914 0.0528072 0.0678904
0 0.18244 0.505898 0.0681121 0.103345
0 0.230961 0.428154 0.0518451 0.0707831
0 0.713323 0.28895 0.0346632 0.0536929
0 0.403147 0.474082 0.0624169 0.0928167
0 0.572279 0.380483 0.044552 0.0645917
0 0.876087 0.4004 0.042964 0.0726576
0 0.499162 0.405939 0.0500628 0.0652248
0 0.613446 0.432933 0.049727 0.0782026
0 0.644691 0.283928 0.0318052 0.052939
0 0.529886 0.489875 0.067161 0.0935378
0 0.207822 0.347982 0.0405315 0.0678485
0 0.670895 0.372956 0.0424381 0.0690406
0 0.334368 0.384979 0.0453615 0.0602605
0 0.41296 0.292597 0.0340565 0.0517999
0 0.0977869 0.406619 0.0426818 0.0635385
0 0.363903 0.313081 0.0396681 0.0559884
0 0.972972 0.465669 0.0527462 0.0757239
4 0.0538686 0.399052 0.043359 0.0628172
0 0.437407 0.343122 0.0375231 0.0550816
0 0.539198 0.291272 0.031898 0.0535306
0 0.560892 0.332984 0.0360767 0.0539259
0 0.632225 0.339629 0.0438671 0.0618688
0 0.259855 0.332609 0.0377164 0.0562637
0 0.610077 0.305233 0.0346558 0.0519391
0 0.740587 0.329323 0.0364361 0.0532255
0 0.478803 0.326205 0.0335049 0.0559404
0 0.667066 0.313728 0.0379066 0.0522141
0 0.50121 0.349286 0.0404872 0.0586435
0 0.306486 0.315831 0.0349457 0.0478102
0 0.307025 0.349029 0.0383652 0.0504872
0 0.722604 0.365066 0.0407528 0.0529821
1 0.921796 0.361794 0.0379972 0.0546303
