4 0.837764 0.531601 0.0748538 0.167515
4 0.539671 0.486502 0.0663317 0.155365
4 0.711079 0.535987 0.0726871 0.19361
4 0.620972 0.55409 0.0735963 0.239731
4 0.900755 0.486865 0.0525613 0.154121
4 0.239636 0.611088 0.0758591 0.226324
3 0.340381 0.598606 0.0868577 0.215009
0 0.772345 0.458333 0.0535999 0.146037
1 0.694073 0.39129 0.0425142 0.0909495
0 0.83741 0.533328 0.0730999 0.166943
0 0.217745 0.364377 0.0479476 0.101588
1 0.159785 0.453616 0.0547108 0.134734
1 0.217678 0.363153 0.0453821 0.097163
1 0.495289 0.417862 0.0488276 0.112992
4 0.77276 0.459882 0.0527625 0.148555
