4 0.346527 0.597379 0.0788668 0.224313
4 0.220939 0.613525 0.0908615 0.235134
4 0.705723 0.540162 0.0774793 0.186759
2 0.500699 0.606447 0.144874 0.491429
0 0.843204 0.537958 0.0631453 0.169158
4 0.163779 0.440993 0.0615612 0.131097
4 0.621008 0.557738 0.0787695 0.249076
0 0.772906 0.468726 0.0509177 0.125003
1 0.634774 0.393491 0.0449308 0.0863681
1 0.298107 0.507522 0.0505199 0.163419
4 0.212609 0.357463 0.0452652 0.0968417
1 0.620724 0.557578 0.0787428 0.250968
1 0.690315 0.391824 0.0453928 0.0991355
4 0.898028 0.507331 0.0537258 0.155121
1 0.364934 0.360995 0.0425103 0.11297
