4 0.34805 0.595952 0.0689671 0.231674
1 0.539634 0.487403 0.0606098 0.15698
4 0.61561 0.570588 0.080542 0.262947
4 0.228299 0.617069 0.0867096 0.224209
2 0.764353 0.462842 0.0781068 0.302206
1 0.363902 0.363252 0.0465207 0.110784
1 0.587933 0.380438 0.0446916 0.0974218
1 0.494116 0.417023 0.048451 0.113571
4 0.161083 0.438312 0.0561825 0.12627
3 0.228468 0.618287 0.0911813 0.220954
0 0.229039 0.617479 0.0881464 0.222858
1 0.348912 0.593267 0.0678616 0.226565
4 0.544551 0.327481 0.0289402 0.0786932
4 0.686949 0.3952 0.0416658 0.0953845
