4 0.218563 0.608535 0.0831989 0.242742
4 0.612975 0.561615 0.0789332 0.255126
2 0.566603 0.331855 0.0704544 0.184078
1 0.540556 0.489103 0.0597141 0.159284
4 0.702375 0.539028 0.0752871 0.190984
4 0.162979 0.4433 0.0644804 0.138789
4 0.894543 0.505403 0.0554737 0.162534
1 0.364782 0.370394 0.0434316 0.106996
0 0.773282 0.470671 0.053664 0.171635
1 0.286602 0.510032 0.0436382 0.156963
4 0.838548 0.52943 0.0617798 0.169322
1 0.251947 0.438912 0.0440521 0.138031
1 0.695174 0.384357 0.0465311 0.101279
4 0.342023 0.598393 0.0810038 0.230291
1 0.444537 0.495965 0.0514408 0.267097
1 0.815418 0.419338 0.0332363 0.0994296
1 0.634547 0.380289 0.0351753 0.0747444
