4 0.285039 0.549021 0.0640178 0.201449
4 0.692597 0.623956 0.087084 0.212767
4 0.585635 0.622589 0.0858545 0.192055
1 0.790797 0.469917 0.0573944 0.147938
4 0.380736 0.584559 0.0821946 0.223138
4 0.144455 0.520967 0.0532545 0.183013
1 0.438428 0.375727 0.0416127 0.102908
1 0.573028 0.411352 0.0365071 0.093194
1 0.434876 0.513838 0.0536294 0.14912
1 0.384141 0.363064 0.0338008 0.0789663
4 0.385308 0.362953 0.0356918 0.080129
1 0.743904 0.5272 0.0592382 0.16077
0 0.5855 0.621166 0.0849878 0.193532
4 0.0946151 0.490359 0.0539748 0.120587
2 0.660079 0.395291 0.0819645 0.224438
1 0.541031 0.448348 0.0466541 0.124163
4 0.50232 0.439582 0.0400915 0.115758
1 0.308275 0.395486 0.0378498 0.0831609
