4 0.692567 0.617513 0.0842463 0.222823
4 0.282009 0.549691 0.0719336 0.196683
4 0.378512 0.577787 0.0821178 0.219333
4 0.583375 0.622913 0.0831606 0.1893
4 0.217738 0.455045 0.0554478 0.154593
1 0.317759 0.409483 0.0399518 0.101676
1 0.434289 0.513376 0.0494522 0.144449
1 0.14178 0.527584 0.0539048 0.159691
1 0.367523 0.399229 0.0374532 0.0796881
4 0.0882608 0.506605 0.0533929 0.143281
1 0.0894958 0.501989 0.0494037 0.135889
1 0.266648 0.406603 0.0408475 0.0925936
1 0.436898 0.374894 0.0392162 0.105409
4 0.539997 0.448831 0.0471952 0.128612
