4 0.705168 0.613346 0.0857542 0.237385
4 0.280273 0.550094 0.0770537 0.19575
4 0.783036 0.471526 0.0547411 0.142703
4 0.584138 0.621378 0.0807796 0.189239
1 0.44168 0.514603 0.0509708 0.153856
4 0.383043 0.58234 0.080787 0.231931
4 0.694738 0.43203 0.0600539 0.110217
4 0.222556 0.446334 0.0516922 0.147372
1 0.317789 0.412354 0.0384285 0.103431
1 0.0881651 0.490355 0.0532594 0.132198
1 0.540663 0.45048 0.0528414 0.124555
4 0.0866786 0.495871 0.0545576 0.144395
4 0.540384 0.451788 0.0519754 0.127835
1 0.141538 0.521612 0.0531278 0.14811
1 0.369101 0.398861 0.0409746 0.0715499
1 0.267056 0.405234 0.0401198 0.0898982
4 0.472588 0.429945 0.0386021 0.104043
1 0.435574 0.380151 0.0372147 0.105685
