0 0.848297 0.466184 0.0567699 0.0907757
0 0.412432 0.615953 0.079043 0.1123
0 0.872514 0.686768 0.0982607 0.156371
0 0.71123 0.611182 0.0857665 0.14473
0 0.783048 0.297366 0.0379033 0.0530659
0 0.285089 0.552002 0.0673842 0.10933
0 0.400417 0.468661 0.0585042 0.086768
2 0.238122 0.31379 0.0529007 0.160869
0 0.412381 0.392415 0.0498875 0.0650912
0 0.78497 0.512695 0.0558962 0.102107
0 0.936823 0.538634 0.0642012 0.112469
0 0.312941 0.443239 0.0575745 0.0779799
0 0.875987 0.400476 0.0440765 0.0738248
0 0.500828 0.406949 0.0491413 0.0671092
0 0.713681 0.290029 0.0349194 0.0548926
0 0.612336 0.439069 0.0499193 0.0779213
0 0.528239 0.484981 0.0679582 0.0862243
0 0.584896 0.372449 0.0430092 0.0634352
0 0.669162 0.371427 0.0427643 0.0732839
0 0.231103 0.421102 0.0478199 0.0697885
0 0.160638 0.335046 0.043369 0.0754673
0 0.335553 0.384139 0.0460849 0.0627261
0 0.72106 0.359451 0.039674 0.0585379
0 0.606445 0.309013 0.0362726 0.0538631
0 0.200188 0.34763 0.0318337 0.0613864
0 0.413924 0.292364 0.0337934 0.0515982
0 0.36389 0.312603 0.0396226 0.0559725
0 0.434106 0.344881 0.0377613 0.0564015
0 0.307589 0.350161 0.0390893 0.0529645
0 0.55716 0.333052 0.0354614 0.0559181
0 0.504285 0.347094 0.0374404 0.0587285
0 0.644573 0.283879 0.0337484 0.052614
0 0.544659 0.295504 0.0299097 0.0484714
0 0.0552228 0.403199 0.0455353 0.0638969
0 0.198023 0.48709 0.066888 0.10095
1 0.112655 0.44772 0.0525663 0.0868136
0 0.921676 0.363567 0.0375137 0.0554902
0 0.481525 0.334072 0.0381953 0.0601891
0 0.977322 0.470444 0.0445505 0.080054
0 0.305877 0.313436 0.0358055 0.0445394
