1 0.342507 0.595009 0.0927337 0.177952
1 0.568796 0.651232 0.105126 0.155007
1 0.529656 0.460442 0.0631998 0.112777
1 0.42569 0.513616 0.0587914 0.137308
1 0.775759 0.482046 0.0586347 0.117867
2 0.179945 0.483958 0.0753624 0.401761
1 0.359511 0.454219 0.053429 0.0940308
1 0.607736 0.378241 0.0405507 0.0963182
1 0.305033 0.424688 0.0427992 0.106242
1 0.60525 0.509838 0.0799198 0.14136
2 0.697731 0.428859 0.0668751 0.177716
1 0.418565 0.359288 0.0370633 0.0911991
1 0.697568 0.622865 0.0921696 0.222939
1 0.100215 0.539874 0.05819 0.128762
1 0.253677 0.556054 0.0735463 0.182088
4 0.253769 0.555559 0.0711477 0.185557
1 0.65183 0.360835 0.035936 0.0941454
1 0.0316334 0.512946 0.0518981 0.14722
1 0.247253 0.406433 0.036074 0.0918927
1 0.572186 0.414575 0.0355413 0.0787201
1 0.370528 0.383817 0.035312 0.0602681
1 0.78158 0.392159 0.0411819 0.0734427
4 0.031487 0.514673 0.0545593 0.149103
1 0.454079 0.429494 0.0413486 0.099938
1 0.817028 0.380347 0.036356 0.0836161
4 0.0999215 0.540474 0.0614965 0.13037
