2 0.164842 0.349397 0.0786549 0.191177
0 0.848487 0.464165 0.0582174 0.087873
0 0.712517 0.612094 0.0864962 0.146654
0 0.872229 0.690978 0.100107 0.149064
0 0.416468 0.614487 0.0798672 0.113004
0 0.10269 0.39565 0.0453509 0.066326
0 0.783095 0.298224 0.0378832 0.0536013
0 0.401186 0.467729 0.0580739 0.0866226
0 0.312701 0.441902 0.0553326 0.0764973
0 0.782178 0.51656 0.0587032 0.103902
0 0.876941 0.40101 0.0415619 0.0708998
0 0.41301 0.391579 0.049833 0.0655731
0 0.713359 0.289741 0.0351646 0.0539546
0 0.289651 0.545617 0.0695454 0.116604
0 0.573604 0.381258 0.0420347 0.0645119
0 0.502671 0.40556 0.0514175 0.0689846
0 0.611333 0.437144 0.0530042 0.0811983
0 0.527388 0.48548 0.0674387 0.0927419
0 0.233986 0.421931 0.0501533 0.0717177
0 0.67003 0.374302 0.0458224 0.0726147
0 0.0936447 0.474088 0.0582854 0.0893394
0 0.194178 0.485796 0.0682849 0.0985722
0 0.335106 0.384221 0.0443479 0.0616175
0 0.0529431 0.400716 0.0444028 0.0623336
0 0.499107 0.348354 0.041944 0.0570146
0 0.721685 0.359527 0.0396399 0.0597476
0 0.413771 0.29236 0.0333083 0.0504709
0 0.607104 0.309614 0.0350929 0.0549166
0 0.364152 0.312674 0.0396049 0.0566884
0 0.540217 0.291514 0.0335474 0.0519461
0 0.642877 0.330371 0.0380304 0.0643375
0 0.432965 0.342304 0.0362597 0.0537104
1 0.938762 0.537089 0.0643431 0.116578
1 0.906057 0.353048 0.0379511 0.0567122
0 0.210057 0.343978 0.0355394 0.0613555
0 0.260417 0.331508 0.0382895 0.0563861
0 0.476468 0.323661 0.0334875 0.0527636
0 0.557174 0.333257 0.0353917 0.0569119
0 0.307113 0.351264 0.0383943 0.0518578
0 0.306493 0.314976 0.0344695 0.0450705
0 0.644876 0.281878 0.0338711 0.0499827
0 0.940201 0.537181 0.0632038 0.113377
0 0.976775 0.465958 0.04645 0.079325
0 0.648297 0.324826 0.043219 0.0657594
