2 0.820255 0.657611 0.103081 0.684777
1 0.64613 0.552562 0.0879272 0.193585
4 0.229915 0.637778 0.103405 0.200775
1 0.317828 0.49521 0.0712374 0.170455
1 0.74472 0.550136 0.0587331 0.176955
1 0.471414 0.423902 0.0494447 0.132425
1 0.421137 0.383602 0.0476526 0.131778
1 0.891271 0.531892 0.0521711 0.123384
1 0.953351 0.485462 0.0642338 0.167348
1 0.664033 0.398637 0.0436691 0.0993849
1 0.531479 0.482493 0.0626398 0.160778
1 0.196705 0.494421 0.0678895 0.121385
2 0.382617 0.318921 0.0446779 0.153934
1 0.590471 0.375945 0.0386102 0.0917801
1 0.221591 0.362495 0.0431607 0.105131
1 0.534806 0.344278 0.0376865 0.0876641
4 0.71894 0.40165 0.0399413 0.101472
1 0.488697 0.313475 0.0377609 0.0739817
4 0.383782 0.634617 0.0892607 0.172361
1 0.383882 0.633064 0.0897623 0.174937
1 0.718589 0.402969 0.0403583 0.0989783
