1 0.875877 0.624522 0.0656231 0.183231
1 0.965052 0.799341 0.0698956 0.29603
1 0.800549 0.502164 0.0494418 0.106386
2 0.574372 0.415623 0.0453361 0.181879
2 0.2709 0.362756 0.0528269 0.199786
1 0.462772 0.499478 0.0465099 0.106269
1 0.507618 0.610244 0.0753616 0.193836
1 0.510243 0.448675 0.0414895 0.0909305
1 0.723844 0.568392 0.0700722 0.156405
1 0.236256 0.496036 0.0474175 0.14264
1 0.174699 0.481793 0.0612291 0.127343
1 0.630909 0.668376 0.0868712 0.205675
1 0.763965 0.443783 0.0389716 0.0981178
1 0.608295 0.518888 0.0739419 0.134377
4 0.364155 0.551068 0.0622484 0.171357
1 0.853242 0.450406 0.040649 0.124126
1 0.293027 0.529678 0.0562081 0.125624
1 0.944409 0.481498 0.0464199 0.11612
1 0.34634 0.421373 0.0466177 0.0901903
1 0.650661 0.424085 0.0371563 0.0919444
1 0.981712 0.44349 0.0365753 0.12467
1 0.709043 0.452613 0.0539068 0.0866964
1 0.813756 0.404614 0.038847 0.0897899
1 0.786611 0.710734 0.104943 0.2904
4 0.786227 0.710439 0.105976 0.290133
4 0.292206 0.530502 0.0567369 0.125626
1 0.737584 0.369926 0.0413965 0.0849973
1 0.398001 0.390272 0.0392098 0.0759433
4 0.412293 0.479599 0.0416138 0.121873
1 0.89389 0.414774 0.0345451 0.0840641
1 0.471618 0.385504 0.0328068 0.0798859
1 0.4487 0.41764 0.0329317 0.0723203
