2 0.714663 0.499121 0.0852943 0.231742
1 0.378603 0.732933 0.0824867 0.111399
1 0.545065 0.705853 0.0791451 0.103589
0 0.764352 0.686983 0.0731608 0.118419
2 0.925448 0.380503 0.0824421 0.185542
1 0.0383641 0.813224 0.0767282 0.105265
1 0.0685962 0.47422 0.0597311 0.0832871
1 0.127337 0.727994 0.0730908 0.100899
1 0.211963 0.563143 0.0591106 0.0797005
1 0.0225169 0.533268 0.0449595 0.0780546
1 0.393841 0.593952 0.0604312 0.0947851
1 0.554449 0.594331 0.0613014 0.0746246
1 0.353331 0.648613 0.0678603 0.0862061
1 0.809167 0.816313 0.10228 0.102919
1 0.409186 0.522024 0.0605968 0.0765314
1 0.199578 0.644937 0.065644 0.106296
1 0.283067 0.489825 0.0547479 0.0750641
1 0.555469 0.825736 0.105599 0.110564
0 0.712208 0.656575 0.0563169 0.096843
1 0.980765 0.525912 0.0384489 0.0816653
0 0.934408 0.500997 0.0491869 0.0688321
1 0.552391 0.526419 0.0485519 0.0704439
1 0.260869 0.550013 0.0508064 0.072581
1 0.672553 0.597737 0.0612314 0.0957893
1 0.294407 0.8223 0.0942455 0.0931035
1 0.53569 0.460288 0.0363716 0.0580027
