1 0.413755 0.645433 0.0968331 0.233554
2 0.305627 0.471104 0.0735841 0.331522
1 0.156529 0.518997 0.0902721 0.23229
1 0.235075 0.721898 0.141299 0.263932
1 0.621732 0.39624 0.0513639 0.117566
1 0.521027 0.616434 0.0860049 0.210619
1 0.463256 0.429745 0.0521713 0.111712
1 0.693929 0.442888 0.0552036 0.12393
1 0.405761 0.379875 0.0434696 0.107317
2 0.536385 0.323849 0.0641607 0.221052
1 0.238549 0.431194 0.0422576 0.108268
1 0.814946 0.502835 0.0683714 0.151284
1 0.371426 0.450762 0.0429766 0.107324
1 0.78649 0.359818 0.031435 0.0886509
1 0.423172 0.481759 0.0592151 0.0977021
4 0.889678 0.483688 0.0544418 0.144879
4 0.639517 0.571281 0.0977108 0.202338
1 0.435992 0.314971 0.0402761 0.10224
1 0.256023 0.331367 0.0355374 0.0823997
4 0.945352 0.448639 0.0484905 0.169188
1 0.813851 0.388934 0.0379019 0.0720538
4 0.750536 0.42967 0.0405185 0.125589
1 0.945414 0.448654 0.049789 0.16854
1 0.989079 0.442566 0.0216551 0.150424
1 0.638484 0.571643 0.0958776 0.202141
1 0.539709 0.467962 0.0688688 0.0938083
1 0.702898 0.335973 0.0319506 0.074282
1 0.751044 0.428716 0.0418558 0.126258
1 0.890176 0.485523 0.0550487 0.149062
1 0.727132 0.353287 0.0284625 0.073532
4 0.539924 0.464253 0.0763766 0.0980692
1 0.195871 0.33069 0.0364909 0.0573581
1 0.871709 0.380424 0.0392969 0.0719558
