2 0.878949 0.408438 0.0623951 0.238752
1 0.540662 0.70813 0.0807837 0.106144
1 0.382917 0.733355 0.0809397 0.111104
2 0.288729 0.445099 0.0760115 0.1618
1 0.765941 0.687587 0.0710103 0.104626
1 0.35486 0.647099 0.0720386 0.0975535
1 0.039816 0.813413 0.0795943 0.105341
1 0.140724 0.725809 0.066998 0.103651
1 0.551071 0.599183 0.0663489 0.0804573
1 0.179234 0.643587 0.070095 0.0935183
1 0.388093 0.595107 0.0633388 0.0865901
1 0.0684792 0.474466 0.0578055 0.0811653
1 0.211305 0.565067 0.0595658 0.0807292
1 0.554653 0.824082 0.104053 0.109846
1 0.805044 0.815503 0.0969999 0.105304
1 0.704858 0.529861 0.0512235 0.0753442
1 0.675848 0.599943 0.0570623 0.0812876
1 0.292234 0.823324 0.0945522 0.10031
0 0.0276695 0.528738 0.054891 0.075893
1 0.548736 0.526433 0.0503368 0.0677264
1 0.982982 0.523199 0.034037 0.0854186
0 0.71175 0.653466 0.0580471 0.0832695
1 0.409751 0.523096 0.0583665 0.0782607
0 0.931625 0.499916 0.0501007 0.074222
1 0.257654 0.557235 0.0471757 0.0714561
1 0.278936 0.501607 0.0549233 0.0738729
0 0.408961 0.469841 0.0496284 0.0583902
