2 0.440405 0.469056 0.0691926 0.331328
1 0.536317 0.643156 0.0998636 0.227462
2 0.282482 0.509896 0.0836917 0.272932
1 0.742009 0.409776 0.050143 0.108022
2 0.654906 0.337814 0.0592855 0.205916
1 0.359916 0.705074 0.125502 0.266305
1 0.64045 0.609709 0.0746553 0.209587
1 0.368311 0.431183 0.038289 0.1285
1 0.560291 0.312586 0.0373764 0.0941511
1 0.534711 0.376762 0.0384084 0.102496
1 0.829991 0.456833 0.0564945 0.13551
0 0.957614 0.53543 0.0829919 0.158426
1 0.583563 0.415165 0.046165 0.109846
4 0.898971 0.44403 0.0520855 0.128917
1 0.782598 0.345453 0.0286547 0.0635399
1 0.898788 0.444298 0.0516132 0.126853
1 0.770496 0.577313 0.103432 0.194485
1 0.374321 0.442448 0.0425471 0.136093
4 0.957655 0.538618 0.082648 0.161048
1 0.966396 0.409686 0.0459343 0.087199
0 0.837234 0.338693 0.0314136 0.071237
4 0.82925 0.457158 0.0554222 0.131671
1 0.858449 0.378074 0.0326847 0.0863091
0 0.966349 0.408703 0.0465205 0.0880352
1 0.557146 0.48305 0.0557357 0.0953509
0 0.503461 0.454893 0.0472679 0.110588
1 0.492846 0.356446 0.0321751 0.0776436
1 0.503862 0.454237 0.0475095 0.107328
1 0.340974 0.383105 0.0354493 0.114283
