1 0.646456 0.718332 0.141384 0.26005
2 0.242901 0.410535 0.116203 0.396169
1 0.881259 0.793518 0.127319 0.321281
1 0.0475295 0.550114 0.0892338 0.179028
2 0.51542 0.424424 0.119907 0.291612
1 0.511848 0.650769 0.0899853 0.205969
1 0.422418 0.8472 0.139508 0.297258
0 0.0414187 0.817069 0.0828375 0.276575
1 0.123507 0.66378 0.0880226 0.236293
2 0.353116 0.452245 0.086485 0.394792
1 0.971191 0.649478 0.0575482 0.224732
0 0.804101 0.645037 0.0852129 0.22834
1 0.26389 0.764362 0.123437 0.299938
1 0.942407 0.496672 0.0660158 0.144542
1 0.14734 0.88617 0.0984642 0.206025
0 0.262763 0.765822 0.127001 0.299031
4 0.263026 0.765102 0.121885 0.300287
