1 0.712705 0.748421 0.116893 0.260528
1 0.368541 0.682137 0.106985 0.206287
2 0.815157 0.480685 0.0717493 0.438174
4 0.459725 0.559788 0.0778191 0.165349
1 0.379611 0.409504 0.0472193 0.100547
1 0.251828 0.645079 0.0837588 0.163574
1 0.022729 0.55146 0.0454091 0.180009
1 0.731463 0.564348 0.0727129 0.100725
1 0.576817 0.441696 0.0414204 0.115795
1 0.135593 0.418074 0.0439335 0.0977208
1 0.0680745 0.450607 0.0451893 0.0990435
1 0.314559 0.458326 0.0476188 0.117297
4 0.208286 0.525166 0.0551272 0.10861
4 0.572207 0.681419 0.0752598 0.277178
2 0.478595 0.391994 0.0432878 0.168829
1 0.673591 0.451656 0.0399712 0.125134
4 0.0914624 0.582033 0.0739429 0.160715
1 0.36546 0.517896 0.0745784 0.117866
1 0.245999 0.457852 0.0462658 0.0947059
4 0.154226 0.51611 0.0452892 0.111672
1 0.1828 0.426738 0.0320235 0.0809057
4 0.313679 0.458754 0.0465956 0.115839
1 0.271548 0.369598 0.0324309 0.0796378
4 0.36564 0.518127 0.0765492 0.12046
1 0.529645 0.47773 0.0420917 0.113734
1 0.618931 0.390188 0.0352937 0.0781066
1 0.316436 0.363452 0.0378887 0.0687786
1 0.42919 0.392197 0.0340996 0.0715324
1 0.206537 0.403143 0.0291328 0.0944713
