2 0.793864 0.70532 0.0706204 0.284409
1 0.664285 0.750785 0.0734512 0.198963
2 0.854421 0.62239 0.0697313 0.343958
1 0.582325 0.696773 0.065885 0.165352
1 0.572595 0.888031 0.076511 0.210278
1 0.739702 0.858182 0.0791049 0.232056
1 0.514241 0.775717 0.0633216 0.17065
1 0.0862805 0.873177 0.0986041 0.241295
1 0.471261 0.690012 0.0598994 0.162211
1 0.0253605 0.747261 0.050721 0.228479
1 0.903687 0.806777 0.0874441 0.168786
1 0.155107 0.731003 0.0531891 0.145721
1 0.406983 0.809619 0.0846489 0.124184
1 0.356063 0.685156 0.0685419 0.120586
1 0.12405 0.767553 0.0518116 0.182358
