1 0.799249 0.761097 0.120936 0.274581
1 0.602654 0.708163 0.106778 0.267744
2 0.340808 0.423342 0.0659141 0.262691
1 0.451215 0.675189 0.100214 0.202389
1 0.792086 0.42304 0.045867 0.120788
1 0.615025 0.494065 0.0536439 0.141593
1 0.817514 0.564637 0.0720368 0.103921
4 0.104959 0.534516 0.0604114 0.156519
4 0.184725 0.550004 0.0649852 0.158242
1 0.66918 0.436547 0.0443966 0.113494
1 0.407925 0.452843 0.0451893 0.105939
1 0.0310197 0.523519 0.0599264 0.145829
0 0.44944 0.511185 0.0705293 0.118491
4 0.697268 0.581591 0.066395 0.174694
1 0.541081 0.550303 0.0679859 0.172425
1 0.848248 0.469125 0.0471977 0.0966242
1 0.340433 0.639378 0.0860697 0.162727
4 0.235221 0.498311 0.041917 0.134698
1 0.696904 0.583411 0.0675737 0.169825
1 0.466101 0.400842 0.0418859 0.0963387
1 0.268208 0.415005 0.0302653 0.0831473
1 0.202461 0.411737 0.0370096 0.0911629
1 0.160203 0.437107 0.0402333 0.0933107
4 0.340494 0.640388 0.0879904 0.164938
2 0.527529 0.452909 0.0525713 0.198306
1 0.183631 0.548975 0.0645794 0.155759
1 0.580242 0.430917 0.0365719 0.105001
4 0.28485 0.508181 0.053694 0.124276
1 0.235034 0.498188 0.0428896 0.139501
1 0.708897 0.409584 0.0321259 0.0895121
1 0.448837 0.50972 0.0715056 0.120486
1 0.749449 0.451318 0.0383524 0.0965779
