1 0.290246 0.855633 0.0753534 0.23595
1 0.0398506 0.743324 0.077458 0.186049
1 0.104476 0.860377 0.0823108 0.201249
2 0.410927 0.642155 0.0600899 0.309343
1 0.935348 0.790949 0.0834637 0.188273
1 0.459832 0.839005 0.0587686 0.244663
1 0.512848 0.788462 0.0582438 0.190462
2 0.211876 0.631975 0.0760933 0.346031
1 0.193977 0.922198 0.0744163 0.141241
1 0.355875 0.801567 0.0578585 0.287903
1 0.977751 0.894007 0.0444969 0.19815
1 0.0222589 0.898554 0.0445178 0.167423
1 0.799307 0.918353 0.0860519 0.160872
1 0.405959 0.888118 0.0545708 0.192293
