1 0.803119 0.758738 0.0994382 0.254287
1 0.61229 0.482898 0.0489166 0.136154
1 0.811198 0.577444 0.0761036 0.102277
0 0.689943 0.586421 0.0651717 0.164346
4 0.473206 0.642343 0.0700666 0.246492
1 0.846239 0.488482 0.0647705 0.114582
4 0.393635 0.626639 0.0683831 0.211985
4 0.137712 0.541016 0.0570677 0.169819
4 0.299836 0.508762 0.0505592 0.135007
4 0.195144 0.521515 0.0448841 0.105511
4 0.619358 0.693863 0.0750788 0.25835
0 0.760111 0.506704 0.061978 0.127364
4 0.357083 0.460941 0.0418238 0.0959264
1 0.548278 0.568905 0.062535 0.163833
0 0.538944 0.444418 0.0548477 0.0934822
4 0.248652 0.497616 0.0449776 0.113854
4 0.0305978 0.510888 0.0475091 0.15894
4 0.0685363 0.519461 0.0374646 0.157314
0 0.663018 0.447778 0.049139 0.120789
1 0.248575 0.497931 0.0435554 0.115229
1 0.219203 0.417198 0.0450882 0.0903425
1 0.619412 0.694315 0.0765585 0.260375
1 0.392468 0.628092 0.0678864 0.214481
1 0.880454 0.40518 0.0373541 0.0905525
1 0.136262 0.541386 0.0549364 0.165548
1 0.662182 0.447346 0.0497511 0.118399
1 0.0674949 0.517084 0.034774 0.159942
0 0.721315 0.411542 0.0523863 0.112161
4 0.397913 0.448156 0.0380241 0.102943
1 0.449121 0.426713 0.0445064 0.105654
1 0.0993348 0.465327 0.032018 0.108775
4 0.356878 0.371733 0.040104 0.0833644
4 0.548407 0.570283 0.0651937 0.165806
1 0.0294382 0.508632 0.0487984 0.159226
