1 0.329122 0.763207 0.0856262 0.273415
1 0.426409 0.633748 0.0644049 0.152208
1 0.503995 0.72243 0.0811815 0.199905
4 0.520502 0.57024 0.0676556 0.103448
1 0.260418 0.645621 0.0610579 0.192183
1 0.344391 0.557376 0.0467683 0.124054
2 0.409318 0.403394 0.0612555 0.147953
1 0.240401 0.476018 0.0473669 0.120734
4 0.843603 0.589282 0.0630636 0.181006
1 0.194686 0.59051 0.0548502 0.128963
4 0.923606 0.554218 0.06367 0.174281
4 0.781611 0.65987 0.0535029 0.231866
1 0.194111 0.818844 0.0950483 0.293773
1 0.627186 0.678717 0.0856544 0.205385
4 0.194371 0.818998 0.091845 0.296784
1 0.923988 0.557345 0.0622646 0.17133
4 0.981547 0.550894 0.0369058 0.153029
4 0.782841 0.619258 0.0510765 0.150117
4 0.10838 0.732746 0.0684476 0.206919
1 0.613722 0.497961 0.0397026 0.124038
1 0.685106 0.448317 0.0359187 0.083071
0 0.706029 0.559416 0.0694197 0.12286
1 0.640147 0.457453 0.0319189 0.0883727
1 0.980399 0.547284 0.0392029 0.15086
1 0.705861 0.559664 0.067785 0.123255
1 0.169652 0.470889 0.060761 0.104785
4 0.705931 0.558627 0.066097 0.126817
1 0.280576 0.459073 0.0329851 0.0960088
0 0.796086 0.502796 0.0351561 0.0902083
