1 0.327265 0.764665 0.0880536 0.272352
1 0.596434 0.669286 0.0778223 0.210277
1 0.42561 0.637043 0.0636468 0.15222
1 0.191296 0.819054 0.088466 0.29373
1 0.343241 0.560733 0.0465902 0.135769
1 0.509505 0.715554 0.0786916 0.198757
2 0.421178 0.399629 0.0501958 0.161021
4 0.854692 0.589183 0.0563686 0.167008
1 0.933708 0.560274 0.0667328 0.158485
1 0.504048 0.487125 0.0457841 0.108294
1 0.243053 0.473997 0.0510491 0.113392
4 0.789918 0.658358 0.0564496 0.232893
0 0.698635 0.575396 0.0720889 0.110799
2 0.570189 0.519577 0.0399595 0.152985
4 0.93465 0.561664 0.0686619 0.159761
1 0.614246 0.501147 0.0407669 0.108408
1 0.171095 0.464125 0.0529556 0.0977213
4 0.985374 0.556404 0.0292515 0.159877
1 0.685942 0.452665 0.0385694 0.0965645
1 0.379777 0.507614 0.0354724 0.108109
1 0.305902 0.522513 0.0365533 0.108316
4 0.791211 0.618798 0.0546748 0.155185
1 0.641151 0.459741 0.036701 0.0949234
1 0.759078 0.459485 0.04066 0.0813165
1 0.240596 0.647184 0.0726945 0.153048
1 0.98537 0.553887 0.029225 0.154201
4 0.17113 0.461922 0.0581536 0.0947714
1 0.112934 0.731953 0.0701139 0.208959
0 0.239614 0.646506 0.0708736 0.146452
0 0.754521 0.545508 0.0389116 0.111167
1 0.421705 0.513632 0.0477669 0.0892879
1 0.177545 0.565658 0.0408129 0.118981
1 0.60099 0.409561 0.0324193 0.0788389
1 0.718155 0.463841 0.0325035 0.0933764
