1 0.596567 0.671347 0.0760025 0.207899
1 0.328794 0.761458 0.0914988 0.278285
1 0.421746 0.633049 0.0611845 0.148486
4 0.699513 0.572405 0.066605 0.113064
2 0.418857 0.400939 0.0521405 0.181825
1 0.167035 0.814766 0.087179 0.297738
4 0.848664 0.586328 0.0587986 0.174401
4 0.93567 0.56238 0.0662872 0.158238
1 0.0866633 0.493166 0.0508977 0.115356
4 0.307878 0.524948 0.0425589 0.100422
4 0.789596 0.633254 0.0557301 0.190011
1 0.243358 0.476016 0.0477516 0.108296
1 0.76968 0.45602 0.0465734 0.0922929
1 0.510256 0.717374 0.0815462 0.190704
1 0.355133 0.564839 0.0423764 0.137712
1 0.260713 0.661263 0.0640774 0.177039
1 0.935146 0.560843 0.0636597 0.157943
4 0.63375 0.501566 0.0488845 0.11553
4 0.984967 0.554834 0.0300655 0.155095
0 0.512334 0.573291 0.0722131 0.0996486
1 0.716695 0.460109 0.0355763 0.0921818
1 0.684195 0.454894 0.0355175 0.0962552
4 0.879281 0.504344 0.0409109 0.113682
4 0.174612 0.472195 0.0557122 0.0855343
1 0.106489 0.714263 0.0626342 0.194936
2 0.452795 0.441979 0.0401464 0.127132
1 0.50222 0.477562 0.0453611 0.0995704
1 0.453738 0.445182 0.0389284 0.107039
1 0.199898 0.588197 0.0623411 0.138208
4 0.20033 0.588268 0.0622027 0.13614
4 0.752664 0.550084 0.0403038 0.109925
1 0.635241 0.501671 0.0477438 0.120786
1 0.565992 0.414006 0.034531 0.086563
