1 0.456557 0.844211 0.064695 0.222798
1 0.220757 0.896078 0.0845383 0.172561
2 0.466989 0.654967 0.0649181 0.179551
1 0.11656 0.832447 0.0797501 0.216482
1 0.207974 0.731674 0.0887102 0.162181
1 0.38813 0.892247 0.0735703 0.200384
2 0.527825 0.547574 0.0688249 0.263987
1 0.29584 0.84285 0.0650275 0.216419
1 0.516159 0.780237 0.0629299 0.196598
1 0.0481186 0.725854 0.0706129 0.163333
2 0.391203 0.663434 0.0384987 0.237805
1 0.346482 0.758541 0.0569423 0.178999
2 0.346359 0.596291 0.0494666 0.191021
