1 0.571757 0.656779 0.0889573 0.444792
4 0.8128 0.484063 0.0496398 0.228245
2 0.145299 0.441976 0.0937259 0.510239
1 0.257771 0.411148 0.0602304 0.184309
2 0.5254 0.364166 0.0557693 0.238613
4 0.396129 0.4607 0.0689441 0.200169
4 0.900948 0.719945 0.152426 0.532882
4 0.485352 0.590507 0.0759789 0.389707
1 0.722165 0.544227 0.100216 0.253539
4 0.859997 0.382355 0.0397514 0.0976603
1 0.977296 0.463237 0.0450794 0.113393
4 0.323433 0.487411 0.0534426 0.280892
1 0.667944 0.384308 0.0384851 0.0803683
4 0.446668 0.402901 0.0329879 0.128189
1 0.981276 0.378295 0.0374479 0.0720391
1 0.321908 0.491296 0.053188 0.277095
