2 0.295266 0.50501 0.0753943 0.569467
2 0.16732 0.446865 0.0874995 0.520974
1 0.571924 0.66363 0.0949863 0.463335
4 0.812459 0.482582 0.0498955 0.225528
4 0.902797 0.721898 0.155862 0.536371
4 0.394447 0.456435 0.0718651 0.206157
4 0.483485 0.590647 0.0778027 0.380893
1 0.721278 0.543824 0.102615 0.253429
4 0.856632 0.3863 0.0401684 0.108153
1 0.976008 0.459095 0.0475071 0.110922
1 0.667593 0.382091 0.0375519 0.0818758
4 0.447926 0.387695 0.0325075 0.10096
1 0.980532 0.378024 0.0388603 0.0724643
