4 0.75192 0.634892 0.136673 0.284245
4 0.206487 0.656726 0.128914 0.315313
4 0.645946 0.551198 0.0696112 0.184771
4 0.336726 0.542539 0.0706681 0.195499
4 0.110292 0.595754 0.0663969 0.261745
2 0.624514 0.37758 0.0703763 0.208211
2 0.817861 0.344385 0.069725 0.215445
4 0.915056 0.576924 0.0722239 0.274077
4 0.0428196 0.729508 0.0856392 0.478227
4 0.587498 0.495746 0.0535707 0.132935
4 0.979082 0.69043 0.0416948 0.473897
1 0.645626 0.550765 0.06915 0.188552
4 0.838453 0.495463 0.0520641 0.112596
1 0.0085312 0.444261 0.0170624 0.131554
