2 0.681302 0.3672 0.0557756 0.280965
1 0.582416 0.657579 0.0976799 0.451834
4 0.742496 0.546061 0.098486 0.265649
1 0.271451 0.4222 0.0672775 0.206596
4 0.827789 0.481316 0.0550831 0.231985
2 0.145989 0.368549 0.0847886 0.393544
4 0.409441 0.457916 0.0658821 0.196428
4 0.496865 0.58633 0.0733968 0.388351
4 0.876362 0.384977 0.0408501 0.0976
4 0.461896 0.402639 0.0323312 0.130543
4 0.338027 0.489489 0.0551596 0.282832
1 0.917776 0.714094 0.153058 0.525722
4 0.917927 0.717325 0.15471 0.532764
1 0.987821 0.467343 0.0243582 0.129878
