1 0.600098 0.556645 0.100768 0.35561
1 0.278875 0.358037 0.0553309 0.168276
2 0.460517 0.509619 0.075835 0.729691
2 0.190248 0.393982 0.0890299 0.547869
4 0.335568 0.430259 0.0565228 0.260982
1 0.733753 0.487964 0.090575 0.261853
4 0.845861 0.428678 0.0489018 0.217125
1 0.96067 0.377275 0.0452187 0.0938312
4 0.902819 0.48295 0.0668324 0.216141
1 0.593305 0.337782 0.039868 0.0719867
4 0.959698 0.700908 0.0805714 0.520485
1 0.903383 0.481092 0.0665159 0.216248
1 0.687816 0.332912 0.0291393 0.0746585
2 0.462449 0.587879 0.0698291 0.549455
0 0.733455 0.486846 0.0915259 0.258254
1 0.883889 0.325861 0.0361584 0.090339
1 0.99062 0.34878 0.0187605 0.0982457
1 0.334539 0.429588 0.0554878 0.265312
