1 0.573774 0.568262 0.103104 0.397774
1 0.255087 0.348406 0.0561179 0.171527
4 0.809811 0.419512 0.0479393 0.218457
4 0.949204 0.659046 0.101592 0.464931
1 0.930971 0.364804 0.0477161 0.0994812
4 0.48318 0.529481 0.0665562 0.363494
2 0.155046 0.277043 0.0792693 0.328046
4 0.393004 0.404128 0.0717973 0.198009
4 0.875782 0.465483 0.0688873 0.199597
1 0.312401 0.430788 0.0525403 0.277802
1 0.976782 0.34177 0.041272 0.105673
1 0.851889 0.324446 0.0383421 0.114667
4 0.851403 0.323198 0.038839 0.109725
1 0.49376 0.284156 0.0464527 0.101024
1 0.713938 0.475697 0.0993764 0.249214
0 0.714085 0.47542 0.0994447 0.251026
4 0.452195 0.331192 0.031312 0.0965607
1 0.392393 0.404075 0.0701128 0.198248
1 0.662705 0.330676 0.0304438 0.0925264
1 0.875907 0.464152 0.0684391 0.19869
1 0.628958 0.351909 0.0324747 0.0936727
4 0.97798 0.339336 0.0428852 0.105272
1 0.576734 0.317801 0.0378567 0.0660505
2 0.159527 0.399847 0.0860519 0.567623
4 0.492926 0.284569 0.0456452 0.0964572
