4 0.943653 0.46914 0.0764839 0.206248
1 0.627515 0.572171 0.104451 0.407123
1 0.305704 0.349294 0.0567063 0.17697
4 0.872653 0.42138 0.0541559 0.220565
4 0.444561 0.400945 0.0684227 0.198275
4 0.533409 0.52246 0.0729946 0.364497
1 0.769985 0.479177 0.107187 0.240746
2 0.184821 0.365114 0.0887661 0.513788
2 0.56616 0.304909 0.0609625 0.214061
4 0.362264 0.423951 0.0507934 0.276669
1 0.361873 0.425712 0.0521347 0.273396
1 0.711601 0.338585 0.029113 0.113039
1 0.620654 0.314709 0.0329409 0.0727963
1 0.684151 0.332567 0.0268843 0.0709431
4 0.915902 0.327949 0.0366797 0.116952
