0 0.378007 0.573672 0.187593 0.518615
0 0.147967 0.634178 0.16904 0.592389
0 0.629879 0.544291 0.17608 0.380809
1 0.85295 0.376212 0.0786579 0.155993
0 0.847654 0.726406 0.235019 0.547187
2 0.611031 0.181491 0.10701 0.320576
0 0.0346027 0.415282 0.0692055 0.368994
0 0.737835 0.344435 0.0900176 0.210709
2 0.49932 0.257364 0.0766133 0.411801
0 0.442087 0.307911 0.0601303 0.151805
1 0.939515 0.358067 0.0806759 0.192917
0 0.82498 0.25963 0.0673328 0.127011
1 0.351383 0.260323 0.0589848 0.102441
0 0.986401 0.302881 0.0271978 0.167297
