2 0.395642 0.295247 0.07865 0.209723
1 0.226042 0.71504 0.0765154 0.227271
4 0.92537 0.478142 0.0777451 0.169082
1 0.566839 0.881533 0.138021 0.221167
1 0.752743 0.876588 0.14084 0.226231
1 0.372572 0.886644 0.110436 0.226346
1 0.16144 0.874991 0.106866 0.241968
2 0.335438 0.32718 0.053982 0.163103
1 0.646759 0.464924 0.054686 0.145523
1 0.738426 0.69123 0.109687 0.136018
1 0.462009 0.548358 0.0691912 0.129386
1 0.279916 0.616092 0.0549407 0.170055
1 0.400136 0.67939 0.0967413 0.17123
1 0.560977 0.699248 0.0970192 0.145061
1 0.454373 0.441966 0.0655824 0.09385
1 0.544091 0.467705 0.0531399 0.089404
1 0.566729 0.575939 0.0756136 0.117922
1 0.317864 0.536154 0.0574808 0.1473
1 0.683129 0.540487 0.0652718 0.153474
4 0.980617 0.537476 0.0387666 0.187732
4 0.0371387 0.465164 0.0736898 0.170734
1 0.344073 0.459807 0.0592594 0.115603
0 0.0370865 0.464332 0.074173 0.169667
