1 0.741473 0.880088 0.134089 0.2116
1 0.567125 0.881509 0.12836 0.223888
1 0.352577 0.466412 0.0643062 0.132882
1 0.181751 0.884037 0.107095 0.231927
1 0.361762 0.890837 0.108005 0.218325
1 0.236719 0.708583 0.0840687 0.213569
4 0.934465 0.465683 0.0756196 0.16676
2 0.60099 0.342434 0.0602737 0.272547
1 0.735129 0.695969 0.117651 0.14184
1 0.295325 0.624398 0.0574089 0.169314
1 0.457476 0.437935 0.0677317 0.0985
1 0.688371 0.532459 0.0642073 0.154754
1 0.405358 0.698442 0.0982584 0.191675
1 0.600133 0.705369 0.109808 0.156216
1 0.655123 0.464792 0.053331 0.148128
1 0.558952 0.600727 0.0738693 0.168802
4 0.0373948 0.463876 0.0742232 0.179709
1 0.474113 0.539178 0.0628742 0.122684
0 0.0369949 0.464845 0.0739898 0.177
4 0.983094 0.537254 0.0338121 0.178118
