2 0.752696 0.626875 0.111347 0.307319
1 0.182392 0.874325 0.114956 0.248745
1 0.742481 0.880025 0.144055 0.217074
1 0.387465 0.886511 0.117821 0.219206
1 0.565488 0.877458 0.144723 0.23025
1 0.647038 0.469387 0.0596308 0.140723
1 0.244152 0.712788 0.0814978 0.216087
4 0.356907 0.463105 0.064008 0.137794
1 0.406664 0.681423 0.101174 0.174091
1 0.466018 0.453824 0.0644581 0.124617
0 0.300249 0.614654 0.0628334 0.183027
1 0.569308 0.697513 0.116294 0.137731
4 0.93244 0.456286 0.064093 0.158247
1 0.571427 0.567514 0.087001 0.122521
2 0.843662 0.511208 0.0899798 0.539618
4 0.0393439 0.467698 0.0701484 0.180959
1 0.558481 0.455894 0.0618958 0.0884491
1 0.97315 0.540059 0.053583 0.181787
0 0.974226 0.541424 0.0515483 0.186463
4 0.972606 0.54042 0.054789 0.184574
