2 0.361225 0.551631 0.117911 0.251507
0 0.372093 0.720491 0.0876326 0.12417
1 0.764969 0.685331 0.0732004 0.107998
1 0.184649 0.649373 0.0673893 0.0935677
1 0.287201 0.816304 0.0903807 0.111785
1 0.115145 0.748042 0.0738432 0.0912766
1 0.537449 0.596679 0.0629196 0.0807687
1 0.0355045 0.816389 0.0709777 0.105332
2 0.861281 0.481085 0.0831837 0.385047
1 0.71327 0.652745 0.0602947 0.0961681
1 0.98146 0.532141 0.0370802 0.0889722
0 0.538168 0.714902 0.0860991 0.105534
0 0.0688823 0.482058 0.0599987 0.0808411
1 0.536735 0.714894 0.0853117 0.104596
1 0.551529 0.5331 0.0495052 0.0656217
0 0.0226415 0.535544 0.0446763 0.07323
1 0.700676 0.584234 0.0560082 0.0770437
1 0.79501 0.820076 0.100185 0.0887777
1 0.9333 0.506556 0.050094 0.0758456
1 0.0226968 0.535704 0.0448647 0.0723606
1 0.701322 0.525507 0.0511402 0.0653095
1 0.206423 0.56257 0.0561467 0.0726819
0 0.931795 0.508712 0.0488871 0.0724088
0 0.550882 0.822792 0.100049 0.106953
1 0.253971 0.557116 0.0434204 0.0709551
1 0.0678691 0.482283 0.0602031 0.0824224
1 0.98933 0.64776 0.0212437 0.103054
