0 0.934251 0.847928 0.131499 0.245571
0 0.744538 0.770493 0.183253 0.257381
0 0.936431 0.633006 0.127138 0.180772
0 0.306036 0.594034 0.110813 0.169321
0 0.31416 0.442297 0.0751018 0.102071
0 0.775838 0.601408 0.144074 0.138314
0 0.191927 0.531627 0.100649 0.162445
0 0.0305759 0.447118 0.0610407 0.113176
0 0.413319 0.485831 0.0729631 0.141513
0 0.162449 0.385334 0.077299 0.110046
0 0.3988 0.367222 0.0684974 0.0972233
0 0.0525546 0.294488 0.0563434 0.11498
0 0.237678 0.411498 0.0718766 0.117851
0 0.944361 0.496577 0.111278 0.104619
0 0.482111 0.416863 0.0720228 0.10915
0 0.0979479 0.493398 0.0652682 0.112376
4 0.807584 0.471029 0.100592 0.136271
2 0.120106 0.291205 0.0482124 0.224661
2 0.496348 0.212207 0.0556118 0.138137
0 0.546896 0.354137 0.0552895 0.12396
0 0.177124 0.286935 0.0500155 0.0789542
0 0.460322 0.332065 0.0568783 0.0810666
0 0.35773 0.213088 0.038815 0.0793652
0 0.317574 0.340528 0.06385 0.105326
0 0.0176846 0.341042 0.0353693 0.104391
0 0.240263 0.250192 0.0378013 0.0704756
1 0.935485 0.394218 0.0907646 0.116414
0 0.639863 0.287968 0.0456589 0.0844683
0 0.277745 0.22751 0.0356453 0.0737467
0 0.807369 0.4714 0.101722 0.134194
0 0.254329 0.318116 0.0548932 0.0843372
0 0.428343 0.247501 0.032625 0.0708285
0 0.395825 0.270917 0.0407242 0.0682506
0 0.594127 0.326246 0.0436449 0.101731
0 0.318208 0.23538 0.0357033 0.0681772
1 0.543935 0.228567 0.0266914 0.0643272
0 0.602385 0.245486 0.0342161 0.066326
0 0.204583 0.232302 0.035134 0.0790292
