1 0.392906 0.887483 0.126529 0.219094
1 0.737882 0.895438 0.143963 0.185578
1 0.560778 0.875766 0.150623 0.231496
2 0.57255 0.519015 0.0812454 0.231226
1 0.200809 0.871256 0.11083 0.241717
1 0.231899 0.677607 0.0876714 0.159133
1 0.736215 0.702857 0.1234 0.165197
1 0.298034 0.626723 0.0516984 0.169896
2 0.601868 0.333144 0.0559222 0.292327
1 0.392135 0.688672 0.103581 0.170372
1 0.456777 0.44385 0.0754926 0.0939735
1 0.653179 0.466623 0.0496458 0.125009
1 0.569176 0.692809 0.12073 0.140223
4 0.04018 0.463005 0.0799255 0.182597
1 0.351951 0.470748 0.070033 0.125785
1 0.928492 0.462899 0.0808699 0.15292
4 0.97487 0.536041 0.0502609 0.168784
1 0.449311 0.527535 0.0801254 0.0851637
1 0.705274 0.591362 0.0710096 0.160784
