0 0.925201 0.849987 0.149599 0.280189
0 0.733569 0.789415 0.1683 0.282793
0 0.185101 0.549177 0.105051 0.18898
0 0.800527 0.596727 0.133027 0.204799
0 0.951661 0.492004 0.0966778 0.14086
0 0.142282 0.395031 0.082109 0.104504
0 0.940883 0.63089 0.118233 0.15411
0 0.332181 0.436345 0.070145 0.145287
0 0.414622 0.487296 0.077293 0.144743
0 0.291784 0.59926 0.103962 0.174083
0 0.228127 0.413781 0.0828791 0.112832
0 0.173065 0.279257 0.0507363 0.0954697
0 0.47957 0.418904 0.076379 0.109702
0 0.320534 0.236686 0.0399979 0.0690002
0 0.452268 0.333428 0.0623407 0.0795609
0 0.277412 0.224208 0.0400602 0.0774271
0 0.390166 0.37134 0.0596577 0.0934999
0 0.547577 0.357436 0.0493068 0.118731
0 0.0290508 0.457226 0.057293 0.119635
0 0.355409 0.208919 0.0387696 0.0783885
0 0.0187401 0.336827 0.0374802 0.111289
2 0.108362 0.256245 0.0674646 0.192344
0 0.246836 0.31921 0.0702026 0.084102
0 0.634791 0.289443 0.0452848 0.0898013
0 0.838658 0.355694 0.0568546 0.0954816
0 0.513355 0.304792 0.0402073 0.0772858
0 0.204895 0.241234 0.0393517 0.0812519
0 0.794168 0.456095 0.117848 0.103385
0 0.30978 0.335374 0.0590185 0.0798935
0 0.670078 0.25642 0.038876 0.0843012
0 0.542099 0.240229 0.029397 0.0619602
0 0.047059 0.308738 0.0419809 0.0974158
0 0.588444 0.341004 0.0416542 0.103476
0 0.915364 0.416402 0.0820923 0.112936
0 0.602228 0.250612 0.0362804 0.0690766
