0 0.742176 0.784199 0.181644 0.254861
0 0.927397 0.848276 0.145206 0.261318
0 0.937478 0.624159 0.124948 0.199529
0 0.806079 0.480836 0.119127 0.129333
0 0.302454 0.607625 0.118245 0.167765
0 0.312222 0.447876 0.0898329 0.120463
0 0.394726 0.372034 0.0743947 0.104133
0 0.947374 0.416976 0.101715 0.125217
0 0.180506 0.536405 0.102454 0.170505
0 0.781723 0.605771 0.140474 0.146856
0 0.0287133 0.4427 0.0574265 0.118068
0 0.40801 0.49139 0.081162 0.13665
0 0.139575 0.396911 0.0892729 0.100032
0 0.479295 0.423226 0.0782663 0.108404
0 0.176179 0.284185 0.0581813 0.0933621
0 0.227939 0.414601 0.0788621 0.11831
0 0.544757 0.364864 0.0653282 0.116763
0 0.0917435 0.501238 0.0610334 0.103673
0 0.355341 0.217432 0.0421013 0.074249
2 0.634389 0.427723 0.0696304 0.453849
0 0.463234 0.336649 0.0590813 0.0787073
0 0.0875808 0.323539 0.0571933 0.0873387
0 0.313732 0.237825 0.0399558 0.0697951
0 0.26997 0.228815 0.0384615 0.0720975
0 0.231862 0.257819 0.0436632 0.0739846
0 0.123978 0.266607 0.0501422 0.0945214
0 0.045876 0.297795 0.0494837 0.0922444
0 0.480558 0.232863 0.0392021 0.0698952
0 0.0164198 0.341255 0.0328396 0.078863
0 0.313665 0.34551 0.0708492 0.0799817
0 0.250073 0.326194 0.0652391 0.076494
0 0.406712 0.274834 0.0355214 0.0645444
0 0.508767 0.307164 0.0440941 0.0817074
0 0.596689 0.337364 0.0484356 0.108719
