4 0.922153 0.832308 0.14626 0.277891
0 0.317088 0.600096 0.0944171 0.198659
0 0.218144 0.560078 0.107123 0.177328
0 0.765499 0.728607 0.118016 0.251167
4 0.135099 0.486525 0.0709991 0.156545
0 0.95497 0.500735 0.089761 0.132077
4 0.0260956 0.336394 0.052131 0.124061
0 0.833409 0.602561 0.0797401 0.187979
4 0.922749 0.385795 0.0643879 0.131217
4 0.558159 0.361434 0.0443062 0.130634
4 0.937521 0.629563 0.103719 0.130514
0 0.109671 0.316153 0.0475673 0.109764
0 0.837967 0.455674 0.0763554 0.114709
0 0.172354 0.377592 0.0568582 0.124775
4 0.23338 0.409445 0.0703546 0.133587
0 0.472372 0.400343 0.0608088 0.12595
0 0.202815 0.247769 0.0426363 0.0945765
4 0.604795 0.357194 0.0493894 0.141122
4 0.400475 0.472805 0.0644647 0.156217
1 0.0558399 0.456504 0.0777736 0.131659
0 0.400786 0.472498 0.0647492 0.156645
0 0.512783 0.342778 0.0436565 0.129803
0 0.158745 0.272885 0.0429338 0.0901
4 0.0569492 0.456773 0.0764425 0.132972
0 0.582066 0.257159 0.0336969 0.0746503
1 0.511524 0.239817 0.0319012 0.0842295
0 0.94001 0.629924 0.108771 0.132221
0 0.455776 0.283984 0.0458647 0.0896645
1 0.337563 0.438074 0.0631386 0.133507
1 0.317757 0.335395 0.0472727 0.106797
4 0.627526 0.274749 0.0394184 0.10203
1 0.398481 0.300302 0.0425322 0.064783
0 0.318096 0.335312 0.0452086 0.104696
1 0.83785 0.455649 0.0772443 0.115376
1 0.543217 0.246822 0.0306673 0.0724736
0 0.248502 0.248728 0.0365156 0.0857346
0 0.557505 0.360561 0.046566 0.131081
