3 0.724025 0.820626 0.159789 0.322575
2 0.663746 0.398515 0.0955235 0.456542
0 0.408771 0.701481 0.146393 0.212828
0 0.277685 0.595798 0.130411 0.218327
0 0.812142 0.427154 0.0994158 0.133482
0 0.418873 0.489902 0.0998402 0.162455
3 0.207071 0.421591 0.0764747 0.136159
0 0.504442 0.537055 0.0769375 0.157058
0 0.296894 0.372689 0.079884 0.123799
0 0.388917 0.334209 0.0673395 0.079451
0 0.52813 0.332832 0.0710573 0.108289
0 0.940415 0.561348 0.119171 0.144854
0 0.559146 0.449633 0.0919774 0.125566
0 0.0677326 0.299415 0.052575 0.0834157
0 0.131024 0.401002 0.0787562 0.11648
0 0.0300252 0.360919 0.0600503 0.0902024
0 0.446735 0.289599 0.0553612 0.0712276
0 0.202986 0.280516 0.052561 0.0812827
0 0.110708 0.317606 0.0523351 0.0724861
0 0.152105 0.267166 0.0502861 0.0778133
0 0.919033 0.458518 0.0858109 0.120068
0 0.310319 0.209702 0.0396607 0.0787787
0 0.60674 0.354386 0.0579387 0.135844
0 0.28006 0.261033 0.0449402 0.071603
0 0.353423 0.220617 0.0389144 0.0768914
0 0.550358 0.234161 0.0483322 0.0625488
0 0.242475 0.229473 0.0401526 0.084919
0 0.392113 0.214704 0.0364634 0.0759486
0 0.976622 0.836527 0.0467562 0.326945
0 0.505778 0.256293 0.0467014 0.0601485
1 0.942232 0.264507 0.0603916 0.110479
0 0.207612 0.422059 0.0767236 0.129886
3 0.942154 0.26584 0.0629707 0.111259
0 0.0200653 0.468244 0.0400875 0.0915892
0 0.842562 0.304133 0.0775173 0.0787762
0 0.926077 0.360431 0.0750923 0.0692734
