1 0.821738 0.497962 0.0915094 0.174007
2 0.711856 0.537495 0.10431 0.360269
4 0.952438 0.681801 0.0937538 0.208024
1 0.397509 0.456394 0.0769373 0.158191
1 0.117464 0.466716 0.0625487 0.180233
2 0.526272 0.694809 0.123898 0.610381
1 0.0462354 0.442678 0.0672983 0.142919
3 0.772155 0.838599 0.156636 0.28047
1 0.618285 0.35838 0.0508303 0.155889
1 0.530618 0.325048 0.0596544 0.112292
1 0.772656 0.838459 0.158299 0.273439
1 0.21761 0.412231 0.0601124 0.140522
1 0.399112 0.317529 0.0524828 0.088473
1 0.845407 0.345005 0.0600899 0.0969091
1 0.345718 0.297868 0.0454165 0.0898292
1 0.0246526 0.338 0.0485026 0.0850233
1 0.307553 0.374474 0.0639392 0.113816
0 0.455613 0.277413 0.0536819 0.0793488
1 0.651235 0.234035 0.0365915 0.0749155
1 0.164101 0.391156 0.0457583 0.128108
1 0.667448 0.325341 0.0452716 0.104707
0 0.459476 0.404502 0.0532604 0.148169
1 0.725395 0.241456 0.0437771 0.0923632
4 0.0731287 0.289449 0.0463405 0.10119
1 0.0735351 0.289919 0.0463317 0.102267
4 0.169229 0.261188 0.0415194 0.0921874
4 0.124831 0.30694 0.0477558 0.0947194
1 0.286973 0.248353 0.0415905 0.0865519
1 0.169687 0.259043 0.0416577 0.0940948
1 0.289181 0.57976 0.118523 0.196419
0 0.289487 0.574557 0.120046 0.193247
1 0.691582 0.279726 0.0337278 0.0904259
0 0.952462 0.508875 0.0933632 0.134831
0 0.364986 0.21861 0.0322391 0.0666927
1 0.216895 0.271978 0.0426649 0.0918041
1 0.312299 0.210393 0.0298986 0.0705082
1 0.124377 0.306865 0.0472977 0.0961381
1 0.394498 0.248591 0.0350356 0.0572079
1 0.924259 0.41353 0.0791752 0.0880858
0 0.30798 0.371169 0.0642616 0.111595
1 0.398564 0.196332 0.0316137 0.0620433
