4 0.881575 0.675223 0.157458 0.248484
0 0.712632 0.75359 0.142963 0.303398
0 0.501033 0.384742 0.0786894 0.133786
4 0.427295 0.627773 0.0875235 0.23949
0 0.111857 0.458794 0.0698638 0.158593
0 0.290554 0.383756 0.077606 0.0930922
0 0.304699 0.566615 0.106242 0.238623
4 0.898899 0.494454 0.0884644 0.166583
0 0.512963 0.547959 0.0847496 0.174802
0 0.798031 0.454982 0.0667545 0.140218
2 0.725457 0.327349 0.0472502 0.315827
0 0.404021 0.445953 0.0914942 0.143751
1 0.926623 0.34586 0.0491692 0.114712
4 0.532831 0.246585 0.0492264 0.0828059
4 0.193747 0.406027 0.078205 0.145384
2 0.151168 0.270826 0.046793 0.136505
4 0.622103 0.363251 0.0456543 0.163899
0 0.838958 0.326736 0.0597178 0.0874424
0 0.406868 0.319964 0.0529118 0.0885293
0 0.197164 0.275326 0.0492861 0.0849644
1 0.426884 0.626606 0.0877667 0.239154
4 0.577682 0.413138 0.052766 0.158411
1 0.77873 0.314002 0.0540614 0.132027
0 0.194604 0.40227 0.077712 0.144293
2 0.270062 0.226985 0.0338227 0.101438
2 0.380192 0.199884 0.0297189 0.128233
0 0.778979 0.312475 0.0531988 0.129455
0 0.346753 0.21701 0.0433927 0.171357
0 0.476247 0.263728 0.0446672 0.117809
