0 0.404588 0.717793 0.140481 0.224858
0 0.784779 0.805897 0.120165 0.295514
2 0.807253 0.275057 0.0586285 0.181836
2 0.723434 0.320675 0.0665428 0.383831
0 0.221519 0.408288 0.0639785 0.142813
0 0.0598978 0.431348 0.0561884 0.161697
0 0.136858 0.467272 0.0772369 0.195576
0 0.15655 0.288704 0.0517657 0.143274
1 0.397378 0.315052 0.0589807 0.10084
2 0.591766 0.207553 0.050251 0.137886
0 0.850045 0.440294 0.0573479 0.126911
1 0.339605 0.37075 0.0445717 0.171455
1 0.291183 0.565185 0.0808882 0.225584
1 0.488897 0.542021 0.0793898 0.188279
0 0.92134 0.505239 0.06717 0.204837
0 0.415507 0.468305 0.0799421 0.192183
0 0.21188 0.272272 0.0471797 0.112303
1 0.928727 0.860466 0.130554 0.279068
1 0.5049 0.382443 0.0610357 0.136546
0 0.10569 0.282872 0.0497783 0.10864
1 0.783841 0.453867 0.0611619 0.146668
1 0.298667 0.346259 0.0426455 0.133265
0 0.917689 0.346619 0.0533058 0.0946744
0 0.0164526 0.324747 0.0325372 0.138999
1 0.565855 0.400138 0.061601 0.164344
0 0.529174 0.24744 0.0423727 0.0807931
2 0.454378 0.248553 0.0355204 0.145274
0 0.854264 0.335101 0.0503981 0.102469
2 0.28997 0.187624 0.0355894 0.181635
1 0.676009 0.311042 0.0484849 0.121225
0 0.484636 0.261553 0.0398571 0.119825
0 0.567081 0.397877 0.0636897 0.159981
0 0.809543 0.583502 0.107011 0.169218
2 0.31951 0.197191 0.0340891 0.164755
1 0.415976 0.467488 0.0798544 0.190085
2 0.963746 0.577477 0.0725021 0.250832
2 0.483583 0.260618 0.0389412 0.122964
0 0.490625 0.5428 0.0792878 0.187972
0 0.964488 0.580267 0.0710232 0.255879
2 0.389071 0.154498 0.0371613 0.127951
