0 0.408558 0.684448 0.134989 0.248409
0 0.219848 0.413643 0.0697132 0.148934
0 0.283119 0.567018 0.0797069 0.227086
0 0.94477 0.88884 0.11046 0.210545
0 0.136603 0.461894 0.0804989 0.170747
2 0.258582 0.286913 0.0451935 0.193333
0 0.0478852 0.432794 0.0740701 0.155373
0 0.0299013 0.305221 0.0594348 0.103106
2 0.481355 0.267399 0.0435429 0.128743
0 0.736184 0.780812 0.13934 0.268824
0 0.737587 0.587615 0.126437 0.139576
1 0.344064 0.383475 0.0445351 0.176917
1 0.900385 0.350342 0.0461628 0.129692
4 0.486719 0.545008 0.0712223 0.193851
1 0.397505 0.315639 0.0589117 0.105197
1 0.621185 0.363409 0.0595177 0.164966
0 0.419145 0.461158 0.0858348 0.150162
0 0.102109 0.269038 0.0493782 0.0991181
2 0.520848 0.223051 0.0460106 0.103238
0 0.675851 0.31363 0.0504664 0.122078
0 0.397176 0.316733 0.0576096 0.108353
2 0.365267 0.202617 0.0359282 0.116093
0 0.81788 0.490578 0.0640937 0.181506
1 0.554035 0.407427 0.0698286 0.181239
4 0.553883 0.407335 0.0695543 0.178473
0 0.470962 0.355901 0.0591089 0.090564
2 0.284893 0.174108 0.0267771 0.146071
0 0.165184 0.28746 0.0422613 0.104398
