0 0.714965 0.869873 0.21338 0.22993
3 0.766908 0.610355 0.138645 0.249235
0 0.402562 0.740496 0.131264 0.240774
0 0.93728 0.569995 0.125441 0.154046
0 0.274482 0.618248 0.118053 0.193787
0 0.401361 0.508959 0.102126 0.135803
0 0.548418 0.446338 0.102778 0.128755
0 0.492784 0.568756 0.0962153 0.172895
0 0.813749 0.420079 0.0997894 0.105117
0 0.289671 0.382717 0.0699732 0.100047
0 0.518327 0.34392 0.0647782 0.102978
0 0.151567 0.264051 0.0576201 0.0858353
0 0.922878 0.429275 0.0829411 0.128951
0 0.0239566 0.460095 0.0479131 0.108991
0 0.206782 0.275524 0.0522882 0.0710853
0 0.577264 0.315555 0.0609369 0.0905232
0 0.663042 0.346075 0.060301 0.0781853
0 0.0989814 0.315654 0.0612015 0.0843191
0 0.448937 0.292571 0.046772 0.0689801
0 0.611515 0.390046 0.0615271 0.10515
0 0.0905132 0.474912 0.0707505 0.131705
3 0.0329818 0.333101 0.0651184 0.123746
0 0.501802 0.254077 0.0446056 0.0726728
0 0.13087 0.404346 0.0615403 0.105075
0 0.306793 0.214054 0.0404014 0.0654317
0 0.717329 0.248493 0.0520847 0.0914683
0 0.333645 0.298176 0.0652737 0.0874886
0 0.628853 0.2788 0.0398393 0.0815141
0 0.271686 0.248468 0.0418843 0.0772998
0 0.964565 0.838258 0.0707283 0.323484
0 0.926943 0.32838 0.0665474 0.0683501
0 0.3974 0.318666 0.0560612 0.0909804
0 0.350136 0.221482 0.0434115 0.0647865
4 0.44125 0.40392 0.0962281 0.121573
3 0.334644 0.299627 0.0693556 0.0910968
3 0.199929 0.412616 0.0812698 0.141266
0 0.944308 0.826958 0.111261 0.307817
3 0.272204 0.246984 0.0445486 0.0817504
0 0.235196 0.244188 0.0340796 0.078057
