2 0.235918 0.58679 0.060446 0.126902
2 0.524366 0.589343 0.050279 0.194104
1 0.665041 0.649698 0.0376897 0.0491689
1 0.423222 0.776612 0.0500955 0.0685918
1 0.683994 0.704826 0.0391356 0.0518798
1 0.799277 0.770405 0.052648 0.0714794
1 0.5808 0.84017 0.0585594 0.0626817
1 0.155423 0.797996 0.0505269 0.0718936
1 0.105856 0.625947 0.0376305 0.0527456
0 0.538788 0.773134 0.0456015 0.0674131
0 0.904094 0.785672 0.0529453 0.0634
1 0.788285 0.706488 0.0460005 0.0607872
1 0.833323 0.725584 0.0462955 0.0620171
1 0.515159 0.727913 0.037458 0.0555115
1 0.292089 0.793146 0.0540298 0.0711806
0 0.746205 0.65376 0.0407918 0.0615863
1 0.408987 0.654698 0.0330847 0.0463572
1 0.308894 0.694761 0.0451224 0.0585149
1 0.7452 0.736633 0.0452538 0.059107
1 0.185653 0.739395 0.0438223 0.0613674
4 0.0274047 0.627714 0.0371023 0.0479617
1 0.199558 0.682432 0.038014 0.0552245
1 0.476708 0.63906 0.0299141 0.044885
4 0.0215776 0.674428 0.0427152 0.0594318
1 0.494413 0.694288 0.0389531 0.0509481
1 0.699906 0.640049 0.032823 0.0480709
1 0.404522 0.702278 0.0426254 0.0579933
0 0.291331 0.794501 0.0567453 0.0712958
0 0.700595 0.637387 0.0337688 0.0490514
1 0.456694 0.627892 0.0237796 0.0378581
1 0.618207 0.600762 0.0290366 0.0378654
1 0.319643 0.649289 0.036853 0.0448087
1 0.0676335 0.665391 0.0428257 0.0590145
1 0.683729 0.604993 0.0287316 0.042828
