1 0.184676 0.875656 0.103803 0.248688
2 0.316922 0.440433 0.0836586 0.232337
1 0.289523 0.754254 0.107884 0.265476
1 0.743165 0.610323 0.115886 0.143759
1 0.13209 0.717345 0.0856849 0.261904
1 0.751912 0.786363 0.101457 0.216502
1 0.598285 0.606864 0.103593 0.142395
1 0.0413128 0.896439 0.0826256 0.195675
2 0.693024 0.370641 0.0696571 0.211026
4 0.242081 0.438719 0.0536496 0.129332
4 0.0484157 0.447939 0.0748183 0.155106
1 0.597548 0.779917 0.116499 0.223668
1 0.585015 0.49493 0.07258 0.0924559
1 0.666789 0.916015 0.0886248 0.164041
1 0.336654 0.623144 0.0681847 0.165004
1 0.705651 0.534404 0.0613844 0.14197
1 0.929026 0.458605 0.087804 0.170411
4 0.930033 0.458545 0.0891693 0.171408
0 0.197959 0.596889 0.0679411 0.195406
1 0.197442 0.59838 0.0651145 0.20528
2 0.688907 0.340344 0.0735647 0.282725
1 0.837366 0.923907 0.145755 0.147808
