3 0.346309 0.634745 0.0718023 0.164635
1 0.287723 0.750737 0.112621 0.25638
2 0.659885 0.339496 0.0683373 0.300748
1 0.759928 0.796675 0.117256 0.205441
1 0.73623 0.619071 0.0905087 0.157893
4 0.0438033 0.445196 0.083809 0.159029
1 0.597961 0.770697 0.119156 0.206875
1 0.140858 0.68055 0.132958 0.191345
1 0.84615 0.898062 0.118149 0.17173
1 0.591087 0.605301 0.105814 0.137109
0 0.940228 0.446588 0.0773834 0.167398
4 0.331129 0.500427 0.0802652 0.104068
0 0.228982 0.523533 0.0724349 0.159017
2 0.721572 0.355314 0.0541739 0.184555
1 0.187204 0.881845 0.138465 0.23631
1 0.634769 0.930337 0.0893205 0.139326
0 0.264407 0.446612 0.0481262 0.117349
0 0.189752 0.884658 0.146653 0.230684
1 0.723283 0.354256 0.0545097 0.182372
1 0.228657 0.522388 0.0735044 0.157362
0 0.976949 0.554414 0.04593 0.168392
1 0.582798 0.49951 0.07101 0.0865745
1 0.978141 0.556754 0.0436279 0.169396
0 0.039027 0.890573 0.078054 0.218854
0 0.139402 0.685315 0.133603 0.186919
