0 0.40887 0.699176 0.150746 0.21813
0 0.415232 0.473752 0.088326 0.180888
0 0.707229 0.837464 0.200586 0.312901
0 0.282035 0.603812 0.135964 0.195845
0 0.946504 0.693691 0.106925 0.242242
0 0.78198 0.648455 0.1602 0.170776
0 0.816064 0.426313 0.0864589 0.121606
0 0.488915 0.523815 0.0832651 0.163273
0 0.588221 0.307871 0.0602846 0.0791985
0 0.391884 0.337094 0.0622877 0.0759709
0 0.295142 0.388185 0.0782103 0.0898738
0 0.446831 0.289502 0.0537661 0.0778452
0 0.128779 0.405998 0.0780518 0.111921
0 0.922324 0.458285 0.0882294 0.113992
0 0.559177 0.436879 0.0813067 0.14576
0 0.201851 0.281574 0.0489732 0.0814897
0 0.0680874 0.301898 0.0506552 0.0822878
0 0.0288918 0.354568 0.0577837 0.0882737
0 0.155121 0.269647 0.0467355 0.0784555
0 0.206779 0.422772 0.0780738 0.127795
0 0.931345 0.366367 0.0714775 0.0881511
0 0.390862 0.267523 0.0534551 0.0646351
0 0.112949 0.319476 0.0492567 0.0782221
0 0.0386271 0.455361 0.0770923 0.111169
0 0.518034 0.338135 0.0685026 0.0997909
0 0.276685 0.257028 0.0471496 0.0720189
0 0.332073 0.301502 0.0582971 0.094015
0 0.659096 0.347778 0.0538378 0.0913469
0 0.656559 0.239506 0.0475231 0.0845266
0 0.843715 0.296492 0.0716211 0.081557
0 0.69396 0.293757 0.0434399 0.081232
0 0.54912 0.233437 0.0465872 0.062994
0 0.725479 0.252594 0.0470196 0.0955226
0 0.502309 0.258782 0.0482082 0.0619794
0 0.315046 0.20773 0.0419067 0.0732896
0 0.237385 0.247646 0.0339731 0.0693633
0 0.356204 0.210191 0.0336536 0.0704725
0 0.936491 0.288397 0.0671795 0.0655513
0 0.981061 0.847451 0.0378782 0.302407
