1 0.196991 0.886517 0.135007 0.226966
1 0.139509 0.712288 0.0869975 0.273898
2 0.664671 0.344644 0.072599 0.281431
1 0.295272 0.749498 0.111836 0.250106
1 0.834613 0.900638 0.125982 0.179207
1 0.755077 0.788932 0.105349 0.207917
4 0.940384 0.467122 0.0799122 0.15773
2 0.595838 0.46544 0.0765425 0.202955
4 0.0500574 0.456114 0.0783924 0.156949
1 0.736646 0.611591 0.104618 0.146339
1 0.617575 0.619752 0.0840946 0.143246
4 0.236832 0.423513 0.0726232 0.0995975
1 0.234649 0.531809 0.0654682 0.143726
1 0.342276 0.623498 0.0686392 0.173675
1 0.613458 0.767247 0.112692 0.166594
1 0.0405819 0.898971 0.0811639 0.191543
1 0.3387 0.486425 0.0771373 0.127486
1 0.595519 0.465727 0.0710714 0.193721
1 0.643471 0.914221 0.0929422 0.171557
0 0.97679 0.565185 0.0462029 0.169934
3 0.235868 0.426126 0.0766489 0.101742
