1 0.195526 0.873572 0.105894 0.252857
1 0.112914 0.729254 0.0918688 0.287428
1 0.752991 0.7895 0.0997856 0.225747
1 0.288605 0.747758 0.100753 0.256827
2 0.143354 0.37835 0.0788084 0.381794
4 0.728781 0.628809 0.0742925 0.10957
1 0.184105 0.620264 0.0658397 0.190619
1 0.59144 0.641525 0.0896124 0.164624
4 0.701712 0.532616 0.0759136 0.117632
0 0.628609 0.787458 0.114645 0.173883
4 0.0364306 0.453084 0.0728611 0.159827
4 0.584018 0.507787 0.0827079 0.110441
2 0.257873 0.34086 0.0544901 0.212991
1 0.231484 0.538737 0.0568112 0.134299
4 0.976417 0.549804 0.0471535 0.153867
4 0.941693 0.44909 0.0694866 0.151318
1 0.222976 0.426041 0.0464008 0.0908013
1 0.692719 0.439274 0.0689468 0.0792326
4 0.347614 0.501821 0.0734565 0.102351
1 0.340379 0.624807 0.0645358 0.17095
0 0.609413 0.931967 0.151043 0.128535
