1 0.130995 0.827955 0.107532 0.296107
1 0.310856 0.83194 0.128798 0.312995
2 0.602446 0.403418 0.0762144 0.259564
1 0.650301 0.80021 0.117354 0.240817
2 0.23521 0.321394 0.0697196 0.308486
4 0.941164 0.459109 0.0841076 0.192782
1 0.198249 0.667893 0.0739593 0.220945
1 0.388441 0.547547 0.0773535 0.204743
1 0.25768 0.543243 0.0762016 0.19995
1 0.702802 0.46521 0.0635359 0.155049
1 0.784876 0.653333 0.0905955 0.221385
1 0.844659 0.805498 0.109832 0.26979
1 0.750061 0.522976 0.061265 0.19509
1 0.415791 0.425289 0.0571049 0.156957
1 0.910072 0.917561 0.108827 0.164877
1 0.84471 0.76317 0.103229 0.187912
0 0.0313637 0.466675 0.0627274 0.195978
1 0.614387 0.648211 0.0847874 0.157339
