2 0.251242 0.312539 0.0734734 0.297126
1 0.649413 0.797983 0.117143 0.23563
2 0.599116 0.403992 0.073767 0.256729
1 0.316863 0.834713 0.121083 0.317786
1 0.127923 0.830801 0.111063 0.303159
1 0.388346 0.544622 0.0768174 0.203212
1 0.846607 0.80736 0.109026 0.272245
1 0.25593 0.540984 0.074003 0.199224
1 0.702884 0.464731 0.0638116 0.155273
1 0.784928 0.65237 0.0935316 0.219452
1 0.198803 0.666769 0.0752502 0.223856
4 0.940663 0.464419 0.0799244 0.192977
1 0.91911 0.917993 0.106641 0.164013
1 0.750676 0.522298 0.0604481 0.197065
1 0.416061 0.425974 0.0571606 0.159182
0 0.0312738 0.466482 0.0625475 0.196023
1 0.345088 0.618146 0.0756627 0.112775
1 0.614038 0.644308 0.0832518 0.145942
1 0.622034 0.50798 0.0728711 0.130429
