0 0.315124 0.838575 0.104042 0.31855
0 0.164033 0.834049 0.177085 0.246415
0 0.662547 0.8298 0.118689 0.263136
0 0.950006 0.470946 0.0870811 0.164599
0 0.835158 0.847899 0.139664 0.278797
1 0.38765 0.550596 0.0862924 0.193095
0 0.767075 0.669714 0.0981769 0.202939
0 0.600937 0.671556 0.0891377 0.182912
1 0.242807 0.543323 0.0914747 0.201507
1 0.622181 0.519634 0.079863 0.140091
1 0.0227017 0.480781 0.0454035 0.164655
2 0.787076 0.461933 0.0983289 0.325854
0 0.621414 0.517021 0.0804495 0.140299
0 0.290188 0.473733 0.0573704 0.126255
