0 0.129072 0.833816 0.108844 0.268853
2 0.500032 0.300324 0.0676916 0.247133
4 0.943311 0.467059 0.0860989 0.195404
1 0.843296 0.826183 0.116492 0.29102
2 0.595892 0.400258 0.0695002 0.252525
0 0.194049 0.667171 0.0900433 0.218912
0 0.77782 0.652142 0.0917074 0.224693
1 0.245784 0.53876 0.068242 0.202823
1 0.744743 0.51029 0.0588024 0.192983
1 0.385544 0.540331 0.0737996 0.190468
1 0.659399 0.797724 0.120479 0.245436
0 0.694268 0.454199 0.0601648 0.147674
4 0.0347157 0.463839 0.0693458 0.195664
1 0.345821 0.622071 0.0825839 0.120522
1 0.623898 0.505683 0.0666846 0.118113
0 0.291754 0.462933 0.0545471 0.146615
1 0.612762 0.665899 0.083002 0.201772
1 0.0348305 0.461736 0.069661 0.194476
