2 0.792229 0.562779 0.101285 0.359318
2 0.681951 0.338539 0.06862 0.292264
1 0.83739 0.839167 0.119601 0.273925
1 0.663314 0.799758 0.113866 0.249543
4 0.0345271 0.464598 0.0690542 0.193774
1 0.389404 0.544015 0.0770375 0.195842
1 0.201115 0.640186 0.0882917 0.194483
1 0.136794 0.833863 0.12055 0.284434
4 0.942169 0.466412 0.0875383 0.18826
1 0.292807 0.461976 0.0586339 0.151157
4 0.57777 0.470371 0.0546295 0.128939
1 0.246609 0.52917 0.0649206 0.175474
1 0.616658 0.653699 0.087373 0.176414
1 0.345161 0.622394 0.0840149 0.123726
1 0.413995 0.428901 0.0594255 0.150671
1 0.620373 0.507873 0.0589195 0.126897
1 0.940014 0.925703 0.112937 0.148594
0 0.321076 0.837171 0.105056 0.303322
1 0.321386 0.838052 0.103801 0.304668
1 0.707127 0.4534 0.0450111 0.117696
