1 0.123027 0.841874 0.103899 0.269893
1 0.32551 0.843369 0.116079 0.289776
1 0.661522 0.820125 0.123438 0.249925
1 0.844843 0.828806 0.111469 0.273468
2 0.219541 0.328445 0.0929521 0.349921
1 0.188858 0.677075 0.0957866 0.202457
1 0.390482 0.53877 0.0761246 0.195566
1 0.295889 0.456526 0.0567092 0.151815
1 0.0336822 0.459979 0.0673643 0.193352
1 0.246212 0.545305 0.0724522 0.192263
1 0.344187 0.626913 0.0938032 0.135461
1 0.628549 0.636891 0.103656 0.123599
0 0.607479 0.523157 0.0791236 0.130807
4 0.950039 0.459528 0.0721729 0.183887
1 0.694281 0.447679 0.0618038 0.14685
0 0.787964 0.646485 0.087434 0.205472
3 0.41369 0.412675 0.0802927 0.109014
2 0.736148 0.537988 0.0719767 0.226492
1 0.94959 0.461448 0.0701241 0.183715
1 0.578386 0.454159 0.0472405 0.0982497
4 0.0338044 0.463086 0.0676088 0.197889
0 0.734062 0.534593 0.0746737 0.219324
