0 0.770178 0.753235 0.212835 0.292104
4 0.134865 0.46855 0.082285 0.231943
0 0.240041 0.543055 0.122457 0.19196
0 0.942486 0.617612 0.115027 0.181684
0 0.487965 0.467808 0.113556 0.202654
0 0.378949 0.612501 0.129858 0.189194
0 0.0401625 0.433555 0.080325 0.144565
0 0.366342 0.447674 0.111518 0.139285
0 0.240334 0.371516 0.088507 0.155205
0 0.797607 0.561057 0.146668 0.120055
0 0.944544 0.48455 0.110319 0.111642
0 0.814238 0.461296 0.121614 0.103465
0 0.330971 0.336352 0.075682 0.104955
0 0.402641 0.301444 0.0737061 0.083811
0 0.833463 0.373521 0.104092 0.0940275
0 0.0896719 0.286787 0.0583932 0.0956518
0 0.355736 0.209204 0.0486954 0.0921081
0 0.733763 0.245626 0.0510868 0.102991
0 0.507491 0.247293 0.0467012 0.0714172
0 0.180253 0.237144 0.0557434 0.105354
0 0.93424 0.277631 0.0598219 0.093613
0 0.573581 0.397318 0.0826403 0.125977
0 0.455185 0.268739 0.0515596 0.0924253
0 0.55301 0.209231 0.044627 0.0780433
0 0.586035 0.272814 0.0564117 0.0973644
0 0.524951 0.319156 0.0569578 0.0896724
0 0.00875853 0.303536 0.017363 0.0962197
0 0.0472425 0.325685 0.0655306 0.0827439
0 0.941201 0.852099 0.117329 0.241979
0 0.303142 0.219439 0.0451278 0.0967789
0 0.856449 0.261699 0.0688587 0.0784072
0 0.134313 0.469699 0.0835341 0.229664
