1 0.55248 0.768623 0.0448189 0.0701149
0 0.420598 0.784003 0.047681 0.0628382
1 0.510892 0.730027 0.0387188 0.0592457
2 0.545215 0.613938 0.059087 0.202988
1 0.747295 0.739366 0.0435797 0.058447
1 0.158984 0.79946 0.0447904 0.0636074
0 0.925169 0.779833 0.0576153 0.0822973
1 0.187821 0.733975 0.0402432 0.063104
1 0.318518 0.792387 0.0497497 0.0693848
1 0.29851 0.725412 0.0462729 0.0617653
0 0.806691 0.767571 0.0511738 0.0708257
1 0.664319 0.648259 0.0353571 0.0460625
1 0.108649 0.623712 0.0367353 0.0530837
1 0.68126 0.700538 0.0389617 0.0540042
1 0.0659433 0.664485 0.040164 0.0559854
1 0.748278 0.650889 0.042268 0.0611885
1 0.704657 0.631203 0.0319241 0.0469752
1 0.0172466 0.67545 0.0344931 0.0591942
1 0.228384 0.675045 0.0346186 0.0540255
1 0.85125 0.738328 0.0463276 0.0557322
1 0.59391 0.841669 0.060178 0.0569784
1 0.477327 0.603257 0.0310545 0.0435958
1 0.237436 0.63198 0.0354706 0.0457066
1 0.681478 0.602242 0.0279326 0.0417099
1 0.793948 0.698642 0.0403585 0.0609337
1 0.414241 0.694826 0.0386179 0.0463918
1 0.628892 0.633772 0.0319345 0.0454158
1 0.40469 0.655166 0.0308535 0.0437113
1 0.32453 0.658161 0.0318782 0.0471174
