0 0.766604 0.771374 0.194483 0.295012
0 0.939709 0.639796 0.120381 0.205524
0 0.241075 0.544523 0.123952 0.19102
0 0.23262 0.383779 0.0930411 0.134881
0 0.364184 0.443901 0.108008 0.143451
0 0.800519 0.579282 0.148617 0.151101
0 0.941391 0.864935 0.117218 0.248352
0 0.483151 0.477037 0.119209 0.176959
0 0.361343 0.619058 0.124221 0.187052
0 0.814391 0.460514 0.117139 0.112274
0 0.0548387 0.337834 0.0696637 0.105216
0 0.942391 0.48061 0.115219 0.135457
0 0.108694 0.473536 0.0969215 0.149815
0 0.477271 0.348012 0.0791971 0.0977947
0 0.841069 0.358476 0.0914353 0.104878
0 0.461021 0.269412 0.0535218 0.0758281
0 0.398515 0.297816 0.0713351 0.0968119
0 0.153591 0.366158 0.0739059 0.109625
0 0.567389 0.400585 0.0893188 0.104837
0 0.0939557 0.278892 0.0554385 0.0957411
0 0.35492 0.213393 0.0493237 0.0750133
0 0.331478 0.325186 0.0712152 0.104923
0 0.694189 0.269676 0.051202 0.0932871
0 0.224815 0.267628 0.0488947 0.0857411
0 0.0275621 0.439291 0.0550984 0.125252
0 0.17831 0.248264 0.0480169 0.102511
0 0.624216 0.342861 0.0591704 0.0888127
0 0.950784 0.365736 0.0886601 0.105008
0 0.535225 0.306043 0.052956 0.107737
0 0.850067 0.262264 0.0770901 0.0879554
0 0.550669 0.213727 0.0406183 0.0737782
0 0.586152 0.271766 0.0475796 0.102998
0 0.730736 0.237801 0.0429192 0.0890187
0 0.247228 0.202807 0.0388726 0.0770015
0 0.0108632 0.301633 0.0214932 0.106433
0 0.510005 0.232022 0.0366652 0.072311
0 0.274529 0.297847 0.0479426 0.132579
2 0.461252 0.153404 0.0467697 0.105573
0 0.924362 0.274743 0.0524103 0.0854128
