0 0.289014 0.5169 0.0852647 0.237983
0 0.944611 0.443944 0.105025 0.151972
0 0.807984 0.705457 0.118719 0.288685
0 0.496174 0.460675 0.095817 0.173753
0 0.394366 0.40536 0.0808707 0.128825
0 0.942638 0.58275 0.114725 0.12934
0 0.966589 0.776238 0.0668228 0.285687
0 0.400489 0.289867 0.0584735 0.0953033
0 0.832123 0.429745 0.0931143 0.14924
0 0.582946 0.373656 0.0614613 0.146775
0 0.390113 0.579868 0.0928228 0.228955
0 0.535066 0.304764 0.0478388 0.0939199
1 0.240576 0.362728 0.0651142 0.157247
0 0.291458 0.300823 0.0497467 0.119001
1 0.235639 0.232971 0.0418126 0.096552
0 0.694197 0.310604 0.0551404 0.138036
1 0.316058 0.206632 0.0353057 0.0821209
4 0.456988 0.254307 0.0487529 0.0945639
4 0.134839 0.461221 0.0818396 0.201793
0 0.345068 0.322204 0.0530334 0.121935
0 0.177574 0.342916 0.0555944 0.141465
0 0.0536432 0.289501 0.0457205 0.0828684
0 0.628787 0.32653 0.0515991 0.110996
0 0.115835 0.311606 0.0479468 0.082899
0 0.118046 0.236601 0.0502142 0.0766732
1 0.925959 0.318098 0.0588135 0.104143
3 0.363237 0.195737 0.0399563 0.0897156
1 0.517614 0.228571 0.039752 0.0788755
0 0.175521 0.237988 0.0473874 0.0703837
0 0.925268 0.318508 0.0595062 0.10549
4 0.0627934 0.417503 0.061571 0.172753
1 0.0627888 0.419947 0.0611473 0.16883
0 0.551604 0.204485 0.0380003 0.0936686
0 0.011039 0.286782 0.0220311 0.124986
0 0.483759 0.333169 0.0569399 0.0915271
1 0.279433 0.212165 0.0387745 0.0817713
