1 0.120773 0.458157 0.0829269 0.198499
1 0.0349667 0.421963 0.0698271 0.164934
1 0.955869 0.564804 0.0882626 0.221227
1 0.338279 0.298851 0.0577691 0.0906124
1 0.165915 0.337379 0.0607842 0.151296
2 0.853956 0.20406 0.0740616 0.213674
0 0.492398 0.459991 0.0986002 0.190784
1 0.958872 0.800618 0.0822565 0.274514
1 0.776707 0.714894 0.168561 0.291362
1 0.240681 0.49919 0.0728329 0.213341
1 0.0972449 0.257385 0.0512401 0.115615
1 0.407914 0.277939 0.0581319 0.100392
1 0.227453 0.242898 0.0420045 0.102246
1 0.615137 0.321784 0.0475176 0.13649
0 0.569386 0.374022 0.0566392 0.174049
1 0.862102 0.381007 0.0496637 0.123961
1 0.550818 0.201932 0.0392767 0.0870052
0 0.774912 0.715097 0.16827 0.290086
1 0.359509 0.192322 0.0383471 0.0796414
1 0.182313 0.216331 0.0381662 0.0987321
0 0.703624 0.269879 0.0475553 0.0942469
1 0.811584 0.399399 0.064876 0.0992381
1 0.660231 0.303004 0.0430283 0.113562
0 0.22959 0.346886 0.0581145 0.106965
1 0.293954 0.215441 0.0364268 0.0785557
0 0.479448 0.335084 0.0631958 0.0935403
1 0.795699 0.514688 0.0942074 0.133959
1 0.397455 0.399 0.0611626 0.14883
1 0.274408 0.291996 0.0429659 0.10897
2 0.322483 0.675044 0.11733 0.649912
1 0.511762 0.213248 0.034119 0.0657849
1 0.524372 0.288812 0.0432785 0.102232
1 0.318882 0.192436 0.0322946 0.0860256
1 0.965258 0.353183 0.0658293 0.0881183
0 0.796161 0.513908 0.0961215 0.13119
0 0.273777 0.291304 0.0425952 0.112447
1 0.464786 0.24899 0.043165 0.091234
0 0.959034 0.802071 0.0819323 0.275702
1 0.665754 0.214919 0.031041 0.0600436
