1 0.777979 0.709694 0.158932 0.303221
1 0.242512 0.508466 0.0789547 0.234104
2 0.35258 0.693647 0.141405 0.612484
1 0.122599 0.459315 0.083994 0.210081
1 0.954985 0.564072 0.0900295 0.219665
1 0.0354349 0.421034 0.0707676 0.164354
1 0.33856 0.311638 0.0585056 0.114121
1 0.407262 0.277176 0.056276 0.100973
1 0.495914 0.446637 0.0877924 0.193376
1 0.166758 0.335591 0.0546765 0.151411
1 0.958828 0.791623 0.0823446 0.278797
2 0.85429 0.206037 0.0718376 0.214223
1 0.0985418 0.259202 0.0489622 0.120937
1 0.230002 0.343596 0.0602398 0.108307
1 0.358749 0.193573 0.0371663 0.0769
1 0.229353 0.23886 0.0388869 0.101244
1 0.466225 0.250196 0.0464474 0.0894434
1 0.566442 0.371043 0.0584051 0.173608
1 0.274644 0.300095 0.0449843 0.127507
1 0.862226 0.380711 0.0483105 0.124964
1 0.554078 0.205906 0.0392579 0.0877648
1 0.795484 0.510047 0.0911495 0.123349
1 0.701912 0.266517 0.0529285 0.10001
1 0.181922 0.215712 0.0385656 0.0957998
1 0.613788 0.320803 0.0445437 0.134052
1 0.811197 0.399343 0.0647877 0.0993579
1 0.511642 0.216974 0.0364594 0.0721227
1 0.293801 0.212988 0.0354368 0.0788842
1 0.663194 0.220982 0.0306809 0.0792675
1 0.319062 0.193573 0.0315443 0.0863972
1 0.525784 0.28516 0.0381092 0.0872404
1 0.0544558 0.306228 0.0515139 0.107467
1 0.0114635 0.281582 0.0229271 0.11026
