0 0.77393 0.714257 0.169285 0.294668
1 0.258735 0.515331 0.119532 0.241235
2 0.541757 0.631877 0.10845 0.697069
1 0.380581 0.585078 0.102121 0.224641
1 0.382248 0.403471 0.0881679 0.138893
1 0.0316978 0.425264 0.0633956 0.154422
1 0.117476 0.469169 0.0934747 0.204263
1 0.404479 0.282282 0.0599552 0.102113
2 0.605807 0.265496 0.0510758 0.247009
1 0.233401 0.23523 0.0400332 0.0986315
1 0.234701 0.352836 0.0643251 0.132413
1 0.467938 0.245344 0.0439922 0.0877661
1 0.0998368 0.260479 0.0513714 0.12474
1 0.657407 0.302947 0.0405384 0.114721
1 0.959466 0.792944 0.0809685 0.26413
1 0.0573478 0.30984 0.0494313 0.106107
1 0.165421 0.334027 0.0629037 0.139793
1 0.28032 0.301705 0.0480896 0.130314
0 0.949241 0.564553 0.101518 0.200529
1 0.336483 0.315069 0.0585042 0.105645
1 0.864602 0.389236 0.0547325 0.127259
1 0.549797 0.209726 0.0355003 0.0835693
1 0.700084 0.256815 0.0446897 0.10737
1 0.51266 0.224997 0.0309595 0.0862856
1 0.0144266 0.289992 0.0288533 0.107223
1 0.182977 0.220276 0.0416274 0.0950974
3 0.36268 0.185961 0.0406696 0.087475
1 0.796934 0.515134 0.100514 0.132478
0 0.960109 0.792869 0.0797817 0.267398
1 0.294143 0.213565 0.035362 0.0691253
1 0.316837 0.188154 0.030735 0.0734957
1 0.810329 0.410196 0.0660778 0.0921931
1 0.732337 0.226339 0.0367748 0.0964622
1 0.843293 0.291105 0.0546454 0.0845752
1 0.473241 0.344226 0.0507881 0.127364
0 0.844413 0.28946 0.0523491 0.079759
1 0.654621 0.220544 0.0317037 0.0703131
