1 0.778412 0.707254 0.16252 0.296605
1 0.367605 0.574322 0.0783218 0.214355
1 0.249766 0.52116 0.129021 0.235848
1 0.401232 0.277608 0.0575158 0.100321
1 0.377103 0.397947 0.0703534 0.135751
1 0.94721 0.576189 0.10558 0.20088
1 0.0317518 0.424979 0.0635037 0.153621
2 0.480132 0.658396 0.134731 0.683209
1 0.334919 0.316339 0.0615722 0.108732
1 0.960874 0.794749 0.0782515 0.259898
1 0.236614 0.346912 0.063637 0.121738
1 0.466007 0.247735 0.0444514 0.0969364
1 0.0989979 0.259777 0.0507254 0.121141
1 0.232975 0.235487 0.0396165 0.0969646
1 0.795131 0.508037 0.0881116 0.116651
0 0.572561 0.374471 0.0507523 0.168659
1 0.0579847 0.309499 0.0487355 0.106795
1 0.164723 0.332768 0.0636125 0.146888
1 0.116851 0.466131 0.0937865 0.193833
1 0.617122 0.319843 0.0422263 0.136771
1 0.0143417 0.289557 0.0286833 0.107308
1 0.533928 0.292923 0.0410973 0.0953368
0 0.843396 0.292196 0.0591827 0.0851283
1 0.511898 0.223359 0.0340477 0.0804881
1 0.179617 0.214982 0.0457184 0.0867313
1 0.277029 0.296933 0.043668 0.116658
1 0.316967 0.188606 0.0304806 0.0749856
1 0.550311 0.207149 0.0362713 0.0804104
1 0.732806 0.23144 0.0366718 0.099469
1 0.699756 0.257314 0.0464586 0.107538
0 0.864036 0.388124 0.049123 0.12454
1 0.658264 0.304028 0.0392714 0.115689
0 0.954764 0.440125 0.0891113 0.106156
1 0.864279 0.390509 0.0531382 0.1211
1 0.29453 0.215531 0.0342653 0.0725096
0 0.960527 0.793381 0.0789463 0.253751
