1 0.776103 0.706996 0.146118 0.294836
1 0.246162 0.52181 0.110165 0.234728
1 0.375772 0.414982 0.094248 0.163611
0 0.365204 0.595867 0.094342 0.194558
1 0.135881 0.45194 0.0777469 0.203172
1 0.235322 0.346437 0.0654648 0.120082
1 0.403315 0.28129 0.0585251 0.107291
1 0.0358338 0.426531 0.0716675 0.155852
1 0.482189 0.340854 0.0673351 0.114843
1 0.235236 0.234661 0.0409206 0.100533
4 0.950155 0.549466 0.0996896 0.209799
2 0.387078 0.143063 0.0373709 0.139117
1 0.337517 0.310477 0.0599964 0.0944995
1 0.794136 0.509694 0.091573 0.120275
1 0.277531 0.297699 0.0413968 0.126686
1 0.100506 0.263993 0.046153 0.110506
1 0.320507 0.187647 0.0304635 0.0752891
2 0.490362 0.694012 0.142438 0.554504
1 0.556821 0.20424 0.0360903 0.0839824
1 0.291524 0.214483 0.0342714 0.0750888
1 0.568493 0.37076 0.060869 0.145646
2 0.732142 0.199356 0.0461754 0.178142
1 0.360125 0.194132 0.0310673 0.0642669
1 0.862665 0.389377 0.0507217 0.120319
1 0.615166 0.323246 0.0372781 0.119838
1 0.184069 0.21881 0.0389985 0.0939742
1 0.0147854 0.28931 0.0295709 0.111224
1 0.515006 0.221926 0.0358766 0.0770333
1 0.648158 0.291428 0.0442648 0.116192
1 0.958591 0.804701 0.0826305 0.302029
1 0.534762 0.29436 0.0393632 0.111187
1 0.96102 0.361175 0.0768925 0.108408
4 0.465645 0.2512 0.0524262 0.0798811
1 0.162997 0.318624 0.0592603 0.124884
4 0.958031 0.805749 0.0839387 0.299703
1 0.586833 0.247858 0.0367992 0.088945
1 0.931714 0.337244 0.0517448 0.109248
1 0.464778 0.252879 0.0498473 0.0834265
1 0.847088 0.301835 0.0577469 0.0722772
0 0.847111 0.302513 0.0598301 0.0731994
0 0.950098 0.550415 0.0998041 0.216057
0 0.698705 0.265622 0.0475389 0.0942323
