1 0.764019 0.716493 0.164779 0.300723
1 0.123927 0.473832 0.0923637 0.210406
1 0.378253 0.577965 0.110324 0.22994
2 0.511464 0.620888 0.105703 0.758223
0 0.945344 0.581037 0.109293 0.191187
0 0.248434 0.523982 0.123437 0.225344
4 0.806932 0.519991 0.101463 0.141672
0 0.379703 0.407961 0.0980869 0.129755
1 0.0352559 0.431593 0.0705009 0.149084
0 0.233681 0.356661 0.0701964 0.118794
1 0.408893 0.286125 0.0576128 0.104625
1 0.931916 0.326296 0.0539097 0.110074
1 0.0560449 0.318422 0.0515524 0.107154
1 0.613744 0.320693 0.0422749 0.126939
1 0.0964735 0.277704 0.0488108 0.0975174
1 0.177618 0.221719 0.0452941 0.0826581
1 0.358572 0.194894 0.034125 0.065152
1 0.662751 0.21276 0.0313112 0.0697816
1 0.316551 0.19031 0.0276683 0.0758841
2 0.260061 0.254482 0.0447955 0.202449
1 0.702326 0.259071 0.0470385 0.100973
1 0.655899 0.302295 0.041847 0.111771
1 0.579563 0.382482 0.0474173 0.165012
1 0.0136817 0.292399 0.0273634 0.10912
1 0.556517 0.206558 0.0374736 0.0869913
4 0.95852 0.808329 0.0829597 0.269289
0 0.163558 0.332719 0.0590737 0.154071
4 0.339502 0.313 0.0659628 0.0912857
0 0.953519 0.450218 0.0927591 0.119536
1 0.959829 0.800252 0.0803429 0.272431
1 0.967412 0.353931 0.064455 0.087321
1 0.628151 0.227336 0.0311658 0.0652199
1 0.465162 0.250732 0.0384587 0.0884489
2 0.832098 0.297474 0.0455223 0.106876
1 0.953321 0.453448 0.0912814 0.120617
