1 0.767134 0.717773 0.169612 0.300094
1 0.374048 0.585141 0.099794 0.215561
1 0.120075 0.465471 0.0910072 0.198472
0 0.94475 0.593369 0.1105 0.169023
2 0.503267 0.612551 0.10282 0.723657
0 0.376684 0.41108 0.0950589 0.128242
0 0.250019 0.521537 0.120406 0.222167
1 0.408967 0.285549 0.0565304 0.108866
1 0.0305545 0.428919 0.0610889 0.153226
0 0.234258 0.358699 0.0693556 0.11379
2 0.259927 0.251551 0.0458614 0.197787
1 0.0562752 0.31764 0.0490982 0.107222
1 0.0974518 0.271789 0.0476761 0.103355
1 0.93056 0.330037 0.052663 0.106781
1 0.317663 0.190241 0.0286368 0.0802825
1 0.358798 0.192017 0.0347774 0.0696342
1 0.180653 0.22431 0.0413964 0.0900594
1 0.703258 0.25911 0.044532 0.102018
1 0.556458 0.207187 0.0362816 0.0863822
4 0.95385 0.455332 0.0902634 0.127423
1 0.661283 0.212967 0.0322212 0.0691786
1 0.615433 0.322899 0.0423255 0.127932
1 0.57509 0.382526 0.051384 0.16641
1 0.846559 0.29754 0.06346 0.0880909
1 0.0141827 0.290521 0.0283344 0.107094
1 0.512823 0.211888 0.0384977 0.0802313
0 0.960257 0.801257 0.0794014 0.292294
1 0.820723 0.427806 0.086235 0.121837
1 0.465633 0.244405 0.0389057 0.0906811
4 0.339546 0.31256 0.068313 0.095339
1 0.626816 0.22866 0.0321327 0.0668426
1 0.734838 0.231214 0.0363411 0.102662
1 0.6577 0.30226 0.040382 0.109231
1 0.250296 0.52124 0.118175 0.221112
0 0.161967 0.335366 0.062158 0.155086
