1 0.773499 0.716895 0.158061 0.297479
1 0.243442 0.51772 0.0953172 0.224862
2 0.368652 0.671742 0.134188 0.656515
4 0.0305486 0.432286 0.0599916 0.152297
1 0.495938 0.449316 0.0853894 0.196024
0 0.567204 0.371635 0.057222 0.156552
2 0.743245 0.268552 0.0464125 0.326115
1 0.406428 0.288082 0.0567904 0.104585
2 0.378929 0.14792 0.0370152 0.141077
0 0.952871 0.554944 0.0940418 0.183125
1 0.0987708 0.266741 0.0452467 0.106141
1 0.465951 0.254078 0.0477966 0.0773927
1 0.161004 0.338772 0.0650956 0.159101
0 0.814389 0.420972 0.0716407 0.107501
1 0.231167 0.236212 0.0408093 0.095559
1 0.361472 0.197993 0.0352218 0.0800396
1 0.293229 0.211414 0.0376461 0.0797861
1 0.235537 0.349681 0.0675347 0.121114
1 0.342784 0.293037 0.058782 0.0904943
1 0.515673 0.225028 0.0377719 0.0844203
1 0.181241 0.223276 0.0421191 0.0905408
1 0.0588071 0.313972 0.047885 0.102234
1 0.0146196 0.294241 0.0292391 0.112701
1 0.959217 0.774627 0.0815669 0.336482
1 0.841724 0.29426 0.0549175 0.0847014
1 0.553748 0.208444 0.0366732 0.0870556
4 0.109847 0.462099 0.0809883 0.176469
1 0.789215 0.529003 0.104266 0.120687
0 0.279867 0.301536 0.0489973 0.126696
1 0.952346 0.557822 0.0953089 0.183473
0 0.660349 0.306114 0.045245 0.105904
1 0.658256 0.220189 0.0330227 0.06636
1 0.479314 0.327278 0.0618267 0.0881058
1 0.611823 0.32298 0.0487932 0.127494
1 0.31882 0.191264 0.029331 0.0816432
1 0.111181 0.463901 0.0800046 0.182088
1 0.627267 0.229509 0.0298278 0.0658719
0 0.612488 0.321882 0.0494206 0.130108
1 0.933029 0.332338 0.0583939 0.103923
1 0.960564 0.361868 0.0770271 0.0927609
