1 0.77725 0.700579 0.151961 0.31379
1 0.254203 0.519334 0.111826 0.232529
1 0.378467 0.411687 0.0920468 0.141735
2 0.513647 0.675039 0.135694 0.649921
1 0.952677 0.573516 0.0945744 0.204023
2 0.609596 0.262529 0.053947 0.257365
1 0.376572 0.588296 0.101101 0.21434
1 0.535881 0.291449 0.0458875 0.0913868
1 0.864227 0.378666 0.0517216 0.151684
1 0.159852 0.337993 0.0632174 0.152074
1 0.406523 0.286064 0.0611443 0.108069
1 0.235977 0.342717 0.0672465 0.114274
1 0.468297 0.24263 0.0401444 0.0837684
4 0.0387817 0.425051 0.073164 0.157
1 0.177935 0.226935 0.0503061 0.0842879
1 0.931617 0.331128 0.0533329 0.104294
1 0.29113 0.214488 0.0369157 0.0790179
1 0.0991574 0.268045 0.0491802 0.110759
1 0.515973 0.21952 0.0343932 0.0794332
1 0.552081 0.204742 0.0349602 0.0769497
0 0.812337 0.420252 0.0757733 0.106782
1 0.339076 0.309854 0.0608133 0.0984012
1 0.232792 0.230006 0.0352462 0.0950735
4 0.120012 0.466657 0.076194 0.181098
1 0.318116 0.193567 0.0301877 0.0817039
1 0.0141111 0.292022 0.0282221 0.111972
1 0.95821 0.799534 0.0835796 0.284516
0 0.957342 0.809637 0.0852799 0.280534
1 0.0541948 0.303407 0.046169 0.0859559
1 0.27873 0.304565 0.0457648 0.116123
1 0.361533 0.196911 0.0372532 0.0705705
1 0.702418 0.255105 0.048585 0.109607
1 0.118329 0.467034 0.0736659 0.188119
1 0.735258 0.225801 0.035415 0.101998
1 0.0394905 0.424623 0.0742321 0.15449
1 0.9565 0.438314 0.0850472 0.103294
