1 0.248202 0.519039 0.122064 0.24609
1 0.780726 0.708409 0.148171 0.305184
0 0.379065 0.597919 0.109795 0.198625
1 0.495383 0.435344 0.0788546 0.184858
1 0.379313 0.423396 0.0971033 0.152454
1 0.862733 0.377839 0.0499512 0.145102
1 0.951696 0.572289 0.0966082 0.18397
1 0.535896 0.290585 0.0455603 0.0881694
1 0.405873 0.286626 0.0615411 0.108409
1 0.0338834 0.420439 0.0677668 0.160159
1 0.551503 0.200557 0.03701 0.0839657
1 0.465178 0.243424 0.0418991 0.0845185
1 0.0978999 0.262094 0.0492955 0.117109
1 0.160672 0.338084 0.0591499 0.142936
2 0.579713 0.673078 0.128595 0.653843
1 0.231764 0.236241 0.037279 0.098095
1 0.339757 0.31211 0.0614742 0.100659
2 0.605465 0.250398 0.0505295 0.214907
1 0.292025 0.211905 0.0367001 0.0761756
1 0.319125 0.192555 0.0306759 0.081405
1 0.515095 0.222021 0.0352425 0.0850096
1 0.177529 0.229526 0.0467124 0.0824064
4 0.959079 0.790019 0.0818415 0.299594
1 0.27596 0.300457 0.0452659 0.123221
1 0.8127 0.419276 0.0736229 0.105751
0 0.233735 0.343406 0.0661918 0.109079
1 0.956227 0.44801 0.0857411 0.105342
1 0.0131718 0.285853 0.0263436 0.105674
1 0.361595 0.199006 0.0362221 0.0687368
1 0.703613 0.255046 0.04548 0.100785
1 0.658999 0.300933 0.0482713 0.11587
4 0.0342835 0.423533 0.0663129 0.159242
1 0.115441 0.460168 0.0817872 0.186017
0 0.956094 0.445781 0.087373 0.108185
1 0.930993 0.332474 0.0555786 0.102122
1 0.735552 0.224979 0.0356634 0.100676
1 0.0551025 0.303559 0.0428263 0.0868526
0 0.952964 0.574539 0.093808 0.189853
1 0.78946 0.517426 0.0991922 0.0995587
1 0.961762 0.358263 0.0743938 0.0897292
1 0.47695 0.327661 0.0549902 0.0969604
4 0.11505 0.458825 0.081204 0.180349
