0 0.771863 0.730453 0.183389 0.299487
0 0.943826 0.614191 0.112348 0.180865
0 0.498292 0.455674 0.092828 0.180473
2 0.328382 0.284666 0.0507414 0.203927
0 0.955463 0.463627 0.0890736 0.140418
0 0.0339257 0.432058 0.0675882 0.151507
0 0.230054 0.35764 0.0786223 0.115138
0 0.943464 0.818797 0.112293 0.249427
0 0.811556 0.428966 0.077102 0.114906
0 0.402826 0.294361 0.0686401 0.101448
1 0.0966306 0.264306 0.05357 0.120648
1 0.0508774 0.315362 0.0541032 0.106606
0 0.241209 0.523748 0.0937224 0.220518
0 0.572811 0.382619 0.0691235 0.141369
1 0.240533 0.522424 0.0995568 0.223542
0 0.154335 0.327992 0.0608296 0.124092
0 0.120141 0.470954 0.0896547 0.201954
0 0.524229 0.310876 0.0484663 0.0850089
0 0.509311 0.227715 0.0419427 0.0808524
0 0.170927 0.239008 0.0552846 0.0843869
0 0.222762 0.24944 0.0469523 0.0941279
0 0.548759 0.207363 0.0383204 0.0785989
0 0.581085 0.262628 0.0466576 0.100531
0 0.472762 0.328658 0.0552066 0.0944182
0 0.932224 0.332133 0.0664696 0.11065
0 0.390997 0.403462 0.0815583 0.107907
2 0.351049 0.717172 0.154721 0.556897
0 0.659468 0.227333 0.0335021 0.0677786
0 0.275281 0.305355 0.047208 0.125374
0 0.661092 0.31261 0.0478031 0.107393
1 0.0095706 0.287104 0.0191412 0.110108
1 0.774596 0.728258 0.180268 0.30637
0 0.459775 0.246824 0.0462866 0.0944078
4 0.944406 0.819921 0.111189 0.24462
