2 0.688249 0.331772 0.0583294 0.296679
1 0.3822 0.853043 0.115615 0.291272
1 0.71211 0.840978 0.114613 0.296657
1 0.156875 0.823353 0.126042 0.323206
1 0.541389 0.824687 0.123992 0.283775
1 0.37767 0.617086 0.104429 0.178735
1 0.227784 0.669473 0.0766672 0.202975
1 0.531888 0.429253 0.0823948 0.120434
4 0.0473566 0.462954 0.0750273 0.177894
1 0.54592 0.60048 0.0903051 0.164172
1 0.310296 0.461775 0.0607137 0.148814
1 0.677617 0.630403 0.0827749 0.201559
1 0.25801 0.527779 0.069739 0.179232
1 0.430007 0.441962 0.067753 0.163444
1 0.948427 0.467983 0.0810791 0.195065
4 0.950058 0.468611 0.0801559 0.19261
1 0.634549 0.449265 0.0548635 0.0985408
