2 0.757292 0.389028 0.0771468 0.428759
1 0.160126 0.823162 0.124007 0.3301
1 0.384491 0.857738 0.112895 0.284525
1 0.542132 0.837766 0.1298 0.292574
1 0.709874 0.841376 0.114866 0.295877
1 0.542051 0.607743 0.0945411 0.167938
1 0.228381 0.671711 0.0754146 0.202886
1 0.636205 0.447957 0.0698321 0.0920004
1 0.533008 0.438105 0.0831804 0.123913
4 0.0522114 0.457972 0.0772045 0.185736
1 0.371903 0.636351 0.101478 0.16479
1 0.259478 0.536107 0.0658176 0.180326
1 0.307847 0.461878 0.062032 0.153405
1 0.674147 0.615753 0.0849844 0.175739
1 0.947993 0.47144 0.0819008 0.19136
1 0.424059 0.429432 0.0758291 0.123691
1 0.410968 0.551415 0.0641211 0.159896
