2 0.236241 0.298802 0.0788681 0.31896
1 0.386566 0.864351 0.111681 0.270506
1 0.708254 0.843112 0.117448 0.299472
1 0.532812 0.833518 0.117796 0.268581
1 0.156509 0.825257 0.12895 0.322581
1 0.42852 0.453125 0.0701174 0.173803
1 0.051162 0.459307 0.0785822 0.174037
1 0.227612 0.670557 0.0813462 0.213859
1 0.53084 0.434599 0.0850405 0.118786
1 0.30707 0.468527 0.0597963 0.147167
1 0.675884 0.63428 0.0810496 0.155393
1 0.541947 0.61742 0.0944553 0.157567
1 0.636955 0.447283 0.0701532 0.0850535
4 0.945859 0.476428 0.0811754 0.182713
1 0.378613 0.643288 0.120917 0.158763
1 0.257832 0.53883 0.0680662 0.176448
1 0.388507 0.517739 0.0793921 0.105039
1 0.946217 0.476153 0.0810305 0.183897
0 0.378043 0.642385 0.123363 0.163435
