1 0.151236 0.816265 0.124985 0.331723
2 0.752569 0.46875 0.0778748 0.476443
1 0.370414 0.852039 0.12454 0.295921
2 0.516072 0.488862 0.090366 0.299818
1 0.537634 0.807084 0.140783 0.250263
1 0.713093 0.853293 0.118006 0.287234
4 0.942221 0.468337 0.0893536 0.199077
1 0.0496758 0.467999 0.0789755 0.184304
1 0.373391 0.633364 0.110192 0.143826
1 0.305562 0.457163 0.0619521 0.145086
1 0.236166 0.664511 0.0776534 0.207075
1 0.681013 0.636377 0.0837015 0.181692
1 0.25069 0.506491 0.074932 0.134026
1 0.639511 0.551446 0.0693813 0.149807
1 0.631489 0.445548 0.0667002 0.0853461
1 0.395044 0.518278 0.0879349 0.11351
1 0.543389 0.613788 0.0850663 0.144098
0 0.421941 0.425096 0.073998 0.0991091
1 0.421204 0.42128 0.0759717 0.0947705
