2 0.544411 0.531357 0.104016 0.33653
1 0.15075 0.817378 0.126616 0.325989
1 0.376556 0.850979 0.114919 0.297817
2 0.72271 0.423349 0.0691364 0.400211
1 0.712046 0.839474 0.113459 0.292933
1 0.535516 0.821667 0.135639 0.256821
0 0.371755 0.634159 0.11201 0.134987
1 0.306097 0.461598 0.0655321 0.151258
1 0.0465492 0.463442 0.0744274 0.183362
1 0.677752 0.633138 0.0751814 0.180761
1 0.248299 0.499046 0.073621 0.117234
1 0.237146 0.661464 0.0946065 0.208113
0 0.427552 0.42205 0.0739891 0.105225
4 0.93962 0.475634 0.0898384 0.190301
0 0.940378 0.477035 0.0906461 0.192373
0 0.236415 0.666576 0.0941718 0.209332
1 0.634009 0.445161 0.0644136 0.0848039
1 0.940201 0.477032 0.0905308 0.194392
