1 0.156172 0.821561 0.136382 0.317812
1 0.372104 0.849327 0.112808 0.301346
1 0.707642 0.843702 0.105231 0.293458
1 0.546184 0.619126 0.0899772 0.152177
1 0.534267 0.830655 0.127124 0.264487
4 0.940987 0.479856 0.0877865 0.187866
1 0.231667 0.673619 0.0732138 0.210532
1 0.428566 0.453565 0.0697671 0.172651
1 0.682847 0.62455 0.0822647 0.193715
1 0.049435 0.467633 0.078258 0.191785
1 0.536481 0.432918 0.0809183 0.12471
1 0.374382 0.626813 0.107368 0.142186
2 0.213643 0.303617 0.0833444 0.308181
1 0.30581 0.468243 0.0606065 0.144918
1 0.636361 0.444126 0.0709522 0.0991755
1 0.25696 0.528803 0.0626076 0.162047
1 0.390572 0.516738 0.0732223 0.0990638
