2 0.129479 0.356079 0.0700254 0.186818
0 0.881096 0.686217 0.106247 0.163183
0 0.70923 0.630406 0.0893896 0.156988
0 0.854062 0.469137 0.0547155 0.0813372
0 0.800614 0.530943 0.056136 0.0980643
0 0.943488 0.543022 0.06768 0.109224
1 0.616322 0.408656 0.0413544 0.0716164
1 0.188891 0.476055 0.0554122 0.0790393
1 0.910201 0.345019 0.0355522 0.0552207
0 0.313267 0.436592 0.0547973 0.0793527
0 0.289565 0.543505 0.0682744 0.10195
0 0.0610429 0.389476 0.0462794 0.0769292
1 0.102982 0.464748 0.0528584 0.0817924
0 0.238467 0.420816 0.052609 0.0753604
1 0.536014 0.458539 0.051642 0.0969189
0 0.607836 0.305048 0.0310855 0.0503109
0 0.574721 0.374935 0.0387915 0.0672096
0 0.212029 0.346984 0.0418753 0.0668846
1 0.782328 0.280349 0.0325738 0.0578948
1 0.880546 0.394321 0.0403568 0.0680996
1 0.714946 0.277358 0.0291924 0.0487726
0 0.491712 0.308461 0.034928 0.049893
1 0.435461 0.361461 0.0378254 0.0608824
1 0.645178 0.314134 0.031266 0.0563147
1 0.712728 0.328661 0.0292604 0.0572028
0 0.251616 0.331661 0.0433798 0.0619005
1 0.547993 0.279643 0.0281021 0.045165
0 0.413852 0.453055 0.0481074 0.0786257
1 0.561832 0.319228 0.0332359 0.0488569
0 0.310095 0.351008 0.0405614 0.0576191
1 0.675487 0.350788 0.0323362 0.0607136
0 0.366848 0.313478 0.0320226 0.0453967
4 0.444001 0.56387 0.0746698 0.123357
0 0.983626 0.417029 0.0325344 0.0728596
1 0.748223 0.301264 0.0304321 0.0479374
0 0.50405 0.384286 0.0472675 0.0678324
0 0.444564 0.563264 0.0743835 0.123357
1 0.354074 0.358006 0.0381599 0.0644011
0 0.316578 0.307765 0.0357721 0.0514447
0 0.1657 0.333513 0.0343 0.0580091
0 0.59269 0.274163 0.0272249 0.0432332
1 0.420674 0.285969 0.0332333 0.0569108
1 0.64849 0.274252 0.0289305 0.04546
