1 0.702978 0.833435 0.110406 0.288145
1 0.380844 0.85562 0.107519 0.277507
1 0.156334 0.835287 0.134995 0.31092
1 0.232836 0.677158 0.0741185 0.206412
4 0.940959 0.479913 0.0914944 0.193621
1 0.537749 0.82041 0.125931 0.28149
2 0.288093 0.288983 0.0845018 0.260897
1 0.687068 0.624454 0.0897011 0.148086
1 0.0500133 0.463266 0.08188 0.192992
1 0.545452 0.601228 0.0906555 0.161678
1 0.377513 0.634375 0.113356 0.155709
1 0.53878 0.432534 0.0754914 0.117406
1 0.639665 0.446091 0.0665506 0.0871817
1 0.256149 0.524136 0.0709069 0.146336
4 0.427405 0.457173 0.0724143 0.171859
1 0.640296 0.557065 0.0626519 0.138819
1 0.30177 0.470252 0.05767 0.14
1 0.427485 0.456356 0.0714438 0.172751
