2 0.197411 0.40678 0.0713333 0.372394
1 0.375467 0.859043 0.11728 0.281914
1 0.153151 0.835403 0.132795 0.310641
1 0.710896 0.851338 0.115179 0.28809
1 0.536402 0.815223 0.124506 0.285542
4 0.937386 0.475438 0.088818 0.186213
1 0.426212 0.447543 0.072496 0.183868
1 0.228392 0.671888 0.0762155 0.205929
1 0.378879 0.634256 0.114902 0.154798
1 0.645041 0.438568 0.0707452 0.0977164
1 0.687195 0.637609 0.0899977 0.150153
1 0.049779 0.468706 0.0807122 0.198229
1 0.522042 0.427258 0.0692547 0.0941492
1 0.302097 0.464663 0.057161 0.148289
1 0.545847 0.605274 0.0935087 0.147487
1 0.501866 0.549483 0.0593836 0.168276
1 0.260325 0.53479 0.062957 0.167507
1 0.644984 0.554029 0.0683609 0.137326
1 0.379028 0.514206 0.0707765 0.0990492
