1 0.550142 0.821699 0.130987 0.262763
1 0.704351 0.854867 0.116833 0.271314
2 0.244945 0.295465 0.0843168 0.28873
0 0.693664 0.633136 0.124224 0.167554
1 0.374513 0.85906 0.128663 0.281881
0 0.937143 0.477456 0.0905839 0.166359
1 0.0595848 0.464603 0.0858218 0.179144
1 0.374578 0.635077 0.116573 0.153159
0 0.543151 0.604941 0.10658 0.16528
0 0.23399 0.65765 0.09218 0.190513
0 0.183165 0.794533 0.106188 0.22732
0 0.309077 0.463279 0.0622582 0.134483
1 0.526965 0.422423 0.0848605 0.122582
0 0.527322 0.425774 0.0853167 0.125247
1 0.645153 0.533807 0.0771839 0.152327
0 0.424413 0.449818 0.0720281 0.142586
1 0.379616 0.512774 0.0814541 0.105761
1 0.252853 0.515759 0.072447 0.164948
