0 0.372175 0.829179 0.131577 0.311467
2 0.847508 0.622575 0.0945519 0.613831
0 0.536633 0.619997 0.105952 0.138963
1 0.716797 0.840884 0.112474 0.29386
0 0.949896 0.475784 0.0821472 0.16518
0 0.193603 0.713187 0.13749 0.355767
1 0.549052 0.822498 0.124181 0.266478
0 0.419727 0.454913 0.0869918 0.137128
0 0.698833 0.619631 0.12088 0.14976
0 0.0622104 0.468944 0.0826627 0.165344
1 0.524544 0.437289 0.0842717 0.131046
1 0.378922 0.622514 0.107392 0.125986
0 0.313407 0.463669 0.0657473 0.129905
0 0.263023 0.535133 0.0850127 0.189865
1 0.635802 0.446084 0.0714321 0.0873928
1 0.371499 0.831193 0.132294 0.31044
