0 0.363777 0.854819 0.133816 0.289965
1 0.535102 0.830496 0.121481 0.236278
1 0.538049 0.613525 0.100063 0.172403
1 0.373682 0.632192 0.113696 0.157576
1 0.547706 0.445357 0.0653026 0.148586
1 0.639029 0.44834 0.0755657 0.094452
0 0.234541 0.671569 0.0888043 0.204821
4 0.947375 0.467473 0.0940365 0.172025
1 0.0485905 0.474207 0.0759356 0.181421
0 0.419816 0.438498 0.0944673 0.134493
1 0.152463 0.823887 0.11439 0.308517
1 0.307862 0.462542 0.0614416 0.150313
1 0.702453 0.834701 0.0949986 0.300003
0 0.256117 0.511875 0.084821 0.128119
1 0.500056 0.550713 0.0608927 0.163919
1 0.233529 0.667052 0.0885248 0.206379
0 0.725596 0.610606 0.147852 0.140418
1 0.638492 0.563628 0.0690107 0.144486
0 0.639137 0.564096 0.0638928 0.150725
0 0.703433 0.610483 0.0990976 0.13802
