1 0.534828 0.820006 0.126481 0.278529
1 0.37617 0.856566 0.125225 0.284374
3 0.305609 0.460836 0.0676456 0.138443
2 0.732701 0.573983 0.0972878 0.40544
1 0.259726 0.517454 0.0794418 0.136595
1 0.0460512 0.463569 0.0722184 0.181996
1 0.55458 0.61321 0.083531 0.143395
1 0.634718 0.563211 0.066893 0.152683
1 0.685192 0.845344 0.106637 0.293339
1 0.522421 0.423306 0.0748995 0.104239
1 0.19586 0.8176 0.107964 0.265381
1 0.686343 0.616852 0.08386 0.153272
0 0.364236 0.637944 0.101738 0.146824
4 0.943107 0.477491 0.0977472 0.194417
1 0.40701 0.412046 0.069968 0.123638
0 0.252714 0.64574 0.0876014 0.14057
1 0.503908 0.54811 0.0724323 0.155927
4 0.377308 0.508384 0.0775286 0.111209
4 0.613318 0.43547 0.0544439 0.112523
1 0.944671 0.47787 0.100332 0.19408
1 0.251378 0.649664 0.0936859 0.141209
