2 0.490633 0.493141 0.0784108 0.324211
2 0.177153 0.450148 0.076049 0.436345
1 0.137872 0.825449 0.120988 0.314773
1 0.699851 0.84362 0.110397 0.295428
1 0.241855 0.672377 0.0905111 0.20136
1 0.372136 0.854077 0.114943 0.291846
1 0.552416 0.629555 0.0782316 0.15609
1 0.693833 0.627212 0.091191 0.138122
1 0.541693 0.824961 0.134957 0.228301
4 0.952447 0.474784 0.0923458 0.184989
1 0.255963 0.513434 0.0701197 0.118721
1 0.41259 0.444805 0.0613519 0.184214
1 0.306465 0.464677 0.0586509 0.14743
1 0.373092 0.643492 0.108128 0.132454
4 0.0461159 0.471711 0.083683 0.196531
1 0.380842 0.531741 0.079049 0.105488
1 0.638341 0.566074 0.0679226 0.142758
1 0.626452 0.450834 0.0795264 0.103817
4 0.626348 0.451402 0.0787203 0.101766
