2 0.149757 0.761191 0.116401 0.477617
1 0.705397 0.838154 0.106097 0.296908
1 0.373627 0.854714 0.121428 0.290572
2 0.23315 0.304895 0.0865971 0.29423
1 0.237132 0.672072 0.0872336 0.217704
1 0.535711 0.796042 0.119414 0.240092
1 0.42225 0.450817 0.0689635 0.187375
4 0.950675 0.469018 0.095784 0.19787
1 0.690887 0.626097 0.0994069 0.127747
1 0.0473423 0.465124 0.0746716 0.19133
1 0.378548 0.634611 0.102648 0.154988
1 0.526473 0.424217 0.078298 0.0992831
1 0.633433 0.444599 0.0723251 0.104338
1 0.304198 0.464016 0.0563608 0.148904
1 0.550704 0.613423 0.0879654 0.135715
1 0.502884 0.553917 0.0616049 0.168692
1 0.647254 0.559052 0.0626929 0.140948
1 0.260154 0.521986 0.0651802 0.136624
1 0.146375 0.764662 0.112709 0.470677
