1 0.1493 0.830222 0.121775 0.305005
1 0.699183 0.833381 0.106181 0.298124
2 0.303061 0.426774 0.0653734 0.241435
1 0.37498 0.860299 0.116088 0.279402
1 0.234104 0.661676 0.0863942 0.217561
1 0.532126 0.824667 0.116681 0.242551
2 0.629806 0.296982 0.058258 0.232698
4 0.0541696 0.467954 0.078625 0.179801
1 0.692472 0.622324 0.0930603 0.126047
1 0.367142 0.629555 0.103918 0.182166
1 0.551538 0.620988 0.0916517 0.160015
4 0.955942 0.460614 0.0853756 0.20602
1 0.500883 0.551092 0.0639867 0.173989
1 0.641948 0.562471 0.065756 0.135157
1 0.631447 0.456003 0.0583 0.0959226
1 0.533087 0.427675 0.062862 0.0960626
1 0.428011 0.457413 0.0614355 0.152794
1 0.676457 0.591682 0.109929 0.136249
1 0.536222 0.446788 0.0648285 0.133814
4 0.427325 0.456414 0.0625063 0.15379
