1 0.146831 0.827794 0.124044 0.312387
1 0.381913 0.860942 0.105726 0.278115
1 0.702716 0.846327 0.107378 0.292346
1 0.52116 0.440706 0.0890072 0.124839
0 0.943209 0.470123 0.0854145 0.196314
1 0.305738 0.464202 0.0605852 0.149651
1 0.688623 0.63329 0.0948741 0.141456
1 0.372543 0.644162 0.117565 0.158375
2 0.526943 0.758431 0.127848 0.43335
2 0.634893 0.317587 0.0699275 0.22743
1 0.230235 0.664967 0.0872393 0.203382
1 0.426897 0.472551 0.0590881 0.148982
1 0.63787 0.56579 0.0665845 0.141438
1 0.381451 0.516312 0.0627185 0.108079
1 0.0482385 0.465577 0.0848878 0.190368
0 0.0485944 0.464929 0.0863619 0.187054
1 0.252299 0.507465 0.0705859 0.113384
0 0.230431 0.666012 0.0879971 0.207183
0 0.254962 0.506775 0.0718496 0.109178
