1 0.14764 0.828098 0.108938 0.321661
2 0.79874 0.55345 0.0992642 0.578581
1 0.378752 0.860661 0.110157 0.278679
1 0.696468 0.852534 0.109611 0.284787
4 0.9418 0.479937 0.0995814 0.195496
4 0.251743 0.517396 0.0766853 0.123407
1 0.544773 0.437992 0.0613203 0.14348
4 0.239738 0.671466 0.0842735 0.200053
2 0.53037 0.759726 0.13363 0.456557
4 0.418388 0.420615 0.0790882 0.125163
1 0.378994 0.642923 0.104572 0.15636
1 0.691346 0.622641 0.091408 0.173354
1 0.631071 0.451201 0.0699299 0.0970059
4 0.303932 0.469793 0.0657384 0.137881
4 0.39269 0.516671 0.0897388 0.103635
1 0.637829 0.564279 0.0623886 0.13605
1 0.0401625 0.472774 0.080325 0.164534
1 0.39255 0.519572 0.0901005 0.105894
