0 0.735018 0.813599 0.158135 0.264964
2 0.759063 0.326892 0.0659766 0.386643
0 0.955562 0.627111 0.0887325 0.219473
0 0.479626 0.498618 0.0926611 0.168707
1 0.354652 0.593614 0.0930811 0.225529
0 0.144663 0.475567 0.0905162 0.188483
0 0.135129 0.296853 0.0611773 0.0940351
0 0.792336 0.552369 0.124268 0.204025
0 0.362694 0.208336 0.040098 0.0794569
0 0.372724 0.348498 0.0684229 0.0987167
0 0.538143 0.400783 0.0593827 0.117364
0 0.951358 0.457813 0.0946295 0.135417
0 0.243064 0.522155 0.105922 0.213894
0 0.404724 0.195638 0.0387688 0.0646272
0 0.06116 0.455143 0.0660979 0.122516
0 0.845782 0.360629 0.0709345 0.122039
0 0.199938 0.383601 0.0628265 0.095162
0 0.44918 0.360146 0.0603892 0.11128
0 0.320991 0.231847 0.0380441 0.0722731
0 0.510905 0.314753 0.051358 0.0844094
0 0.972586 0.345164 0.0547234 0.0920729
0 0.606987 0.337553 0.066111 0.115466
0 0.680241 0.253454 0.0408826 0.0866966
3 0.0530521 0.315447 0.0468398 0.131807
0 0.919507 0.3347 0.0514706 0.106379
0 0.522061 0.200077 0.0285282 0.0688158
1 0.607065 0.233424 0.0316841 0.0770565
0 0.351398 0.442732 0.0736641 0.0958755
1 0.1784 0.244329 0.0427428 0.10012
0 0.280366 0.328673 0.0736161 0.0720735
1 0.232153 0.254543 0.0526734 0.102377
1 0.569524 0.270768 0.0386163 0.0810439
1 0.855235 0.256585 0.0617092 0.0903727
0 0.285724 0.413438 0.0576962 0.121045
4 0.282906 0.217565 0.0382441 0.0926937
