2 0.781408 0.456196 0.104772 0.278149
0 0.380002 0.737597 0.0796891 0.115382
0 0.549662 0.724966 0.0775915 0.101269
1 0.291519 0.821217 0.0959515 0.107952
1 0.18505 0.641117 0.0697654 0.101363
1 0.040049 0.813494 0.0800542 0.104246
1 0.210071 0.557978 0.0596916 0.0791918
1 0.285998 0.48972 0.0526623 0.0751277
1 0.983358 0.539304 0.0332841 0.0862265
0 0.389331 0.596731 0.057003 0.0893335
1 0.809816 0.826908 0.0983471 0.0912422
1 0.258837 0.553605 0.0515896 0.0741824
1 0.665219 0.455338 0.0464447 0.0644332
1 0.72464 0.642841 0.0618 0.0954465
0 0.409644 0.532713 0.0524342 0.0768154
0 0.762275 0.708163 0.0813091 0.109794
1 0.140674 0.730419 0.0754302 0.102415
1 0.0783636 0.485549 0.0598244 0.0829938
0 0.0285639 0.532743 0.0514415 0.0748615
1 0.76162 0.708028 0.0802107 0.105762
0 0.0795245 0.485243 0.0603214 0.0826789
1 0.692576 0.534575 0.0471491 0.0625196
0 0.932681 0.503329 0.0526728 0.0666262
1 0.356505 0.644403 0.0715772 0.09291
1 0.697345 0.600448 0.0514719 0.0827532
1 0.556526 0.595251 0.0565125 0.0787598
1 0.553003 0.530435 0.0505363 0.0635596
1 0.0279912 0.532586 0.0525507 0.0727902
1 0.991491 0.633592 0.017017 0.0928388
0 0.139959 0.73303 0.0744594 0.102295
1 0.389359 0.599363 0.0571599 0.0872248
1 0.535323 0.642787 0.0628097 0.0753362
0 0.55904 0.825611 0.100814 0.105465
