0 0.755472 0.806905 0.151061 0.269557
0 0.355608 0.591612 0.0882813 0.21212
0 0.141627 0.470857 0.0804469 0.173212
0 0.239313 0.52684 0.105985 0.192477
0 0.208315 0.373497 0.0661109 0.0993585
0 0.543914 0.394576 0.0598904 0.130179
0 0.954399 0.451274 0.0881424 0.148402
2 0.0919549 0.262812 0.0702178 0.203265
1 0.788408 0.544694 0.112901 0.198866
1 0.365733 0.429169 0.0714413 0.119893
0 0.360534 0.209164 0.0372906 0.0714881
2 0.0308563 0.270551 0.0495572 0.219432
1 0.602719 0.328319 0.0462727 0.112805
0 0.836555 0.344978 0.0730682 0.117041
0 0.403937 0.185896 0.0388683 0.0743006
0 0.317113 0.22872 0.0441773 0.0732207
1 0.856126 0.250269 0.0488756 0.0767347
0 0.286946 0.411673 0.0674599 0.115497
1 0.644301 0.287783 0.0398815 0.0930645
0 0.448185 0.359814 0.0597656 0.091891
0 0.506462 0.313457 0.0523893 0.0945134
0 0.936738 0.329566 0.0650993 0.0944956
0 0.959808 0.617929 0.0803839 0.190179
0 0.473516 0.477652 0.0820808 0.168932
1 0.287133 0.409808 0.0634612 0.116089
1 0.606065 0.233363 0.0299151 0.0706734
1 0.368702 0.32099 0.0646549 0.0982903
4 0.181084 0.243926 0.0402015 0.095892
0 0.704757 0.227384 0.0357689 0.0886275
4 0.0635242 0.44845 0.0587638 0.11831
1 0.572634 0.273152 0.0364273 0.0818028
0 0.180058 0.244692 0.038573 0.0942406
4 0.229088 0.252337 0.0495145 0.097802
1 0.548339 0.222362 0.0325361 0.0688407
1 0.969843 0.829572 0.0601231 0.317985
0 0.288763 0.318898 0.0710087 0.0712772
1 0.473637 0.478326 0.0818448 0.171257
1 0.0636711 0.448894 0.0587502 0.120807
1 0.673684 0.255865 0.032309 0.0816358
1 0.705415 0.226534 0.0357515 0.0893021
