0 0.749413 0.80971 0.152822 0.277001
0 0.143635 0.474973 0.090741 0.167417
0 0.544102 0.397146 0.0621487 0.124474
0 0.954502 0.449633 0.0906254 0.142177
0 0.357763 0.588511 0.0878828 0.219962
0 0.359986 0.207628 0.0358231 0.0689931
1 0.250491 0.512445 0.0898025 0.222613
2 0.025743 0.27192 0.0504021 0.216591
1 0.602656 0.329541 0.0481594 0.107564
0 0.204428 0.368388 0.0607077 0.0883387
0 0.319213 0.228367 0.0407964 0.0739757
1 0.787055 0.542282 0.103417 0.193444
1 0.357967 0.588248 0.0864004 0.216994
0 0.295246 0.410738 0.0530683 0.122164
0 0.960808 0.613846 0.0781731 0.203921
0 0.0631281 0.451853 0.0540322 0.12079
0 0.366768 0.424153 0.0689334 0.115624
0 0.178607 0.245027 0.0427252 0.0947215
0 0.280478 0.221164 0.0354538 0.0770939
0 0.474124 0.477326 0.0792923 0.174987
0 0.933105 0.336093 0.0668757 0.0987092
1 0.932919 0.335951 0.0658203 0.102312
1 0.607244 0.236399 0.0335424 0.073462
1 0.855318 0.248402 0.0504524 0.0850983
0 0.0884486 0.251938 0.067218 0.172433
0 0.50779 0.311824 0.0533504 0.0948611
3 0.835025 0.359119 0.0700874 0.155211
1 0.645337 0.288213 0.0413393 0.0967183
2 0.0888143 0.259474 0.0701108 0.184731
0 0.287414 0.320628 0.0720487 0.0746852
0 0.449213 0.359788 0.0600124 0.0924404
1 0.573064 0.268357 0.0367575 0.0806323
0 0.0265443 0.274074 0.0516831 0.213925
3 0.787321 0.54236 0.104349 0.193351
1 0.366188 0.423581 0.0682388 0.114306
4 0.229417 0.252961 0.0496394 0.0985243
1 0.679057 0.251751 0.0366327 0.0838157
1 0.548251 0.224735 0.0337618 0.0718253
0 0.971503 0.814528 0.0568394 0.346401
0 0.229148 0.253861 0.0507263 0.0961069
4 0.179558 0.244151 0.0432714 0.096647
1 0.473626 0.476711 0.0811832 0.174635
0 0.403679 0.184556 0.0417737 0.0774795
1 0.404569 0.18552 0.0399664 0.0788542
