1 0.358265 0.586686 0.0868769 0.214571
1 0.250293 0.505436 0.082518 0.230365
2 0.734921 0.320741 0.0557941 0.395794
1 0.477246 0.475947 0.0781803 0.17765
1 0.744209 0.80711 0.145381 0.287479
1 0.79387 0.546226 0.107111 0.198535
1 0.603219 0.327136 0.0502076 0.116213
0 0.956727 0.60076 0.086248 0.178808
1 0.366417 0.425579 0.0702191 0.110542
1 0.506983 0.312606 0.0461643 0.103946
1 0.819382 0.346674 0.0630349 0.0892954
1 0.449663 0.342171 0.0654968 0.0993939
1 0.367518 0.317795 0.0621752 0.101231
1 0.281685 0.221989 0.037157 0.0733446
1 0.930986 0.330754 0.0512039 0.0988988
1 0.231408 0.248899 0.0462381 0.10154
1 0.184217 0.240548 0.0383847 0.099818
1 0.965625 0.833456 0.0686111 0.30615
1 0.296708 0.405424 0.0481615 0.125322
1 0.545094 0.386123 0.0532555 0.132086
1 0.95251 0.450128 0.0892723 0.129765
1 0.36349 0.199589 0.0336084 0.0803909
1 0.294799 0.30916 0.0614913 0.0798809
2 0.638342 0.247369 0.0377035 0.176839
1 0.323635 0.229282 0.0355444 0.0689821
0 0.140296 0.479052 0.0898085 0.172152
1 0.489219 0.205792 0.0341158 0.0726765
1 0.678334 0.250751 0.0364983 0.0952467
1 0.404587 0.182775 0.034682 0.0751217
1 0.857353 0.258409 0.050378 0.103324
1 0.139893 0.477083 0.0914952 0.167085
1 0.551387 0.226057 0.0301661 0.0771098
1 0.526121 0.195769 0.0290634 0.0685087
1 0.208345 0.366155 0.0541244 0.0919096
1 0.135538 0.28495 0.0577942 0.110222
1 0.574365 0.265208 0.0358709 0.0763882
0 0.74344 0.806758 0.146558 0.289749
1 0.059455 0.449976 0.0573088 0.114685
