1 0.743798 0.770897 0.132242 0.29296
1 0.35803 0.586079 0.087785 0.204989
1 0.376052 0.415669 0.0754969 0.13033
1 0.544958 0.386077 0.0535597 0.13305
1 0.603695 0.32141 0.0500724 0.126177
1 0.792983 0.533784 0.102588 0.171684
2 0.0881334 0.233972 0.0470549 0.180797
1 0.068262 0.452969 0.0745029 0.122148
1 0.142192 0.284486 0.0502265 0.113316
1 0.458224 0.349958 0.0513159 0.089503
1 0.476294 0.477345 0.0763372 0.172268
1 0.508441 0.316388 0.0403713 0.0935686
1 0.231091 0.250182 0.0475367 0.100246
1 0.953722 0.452686 0.0883934 0.134225
1 0.827525 0.352803 0.0675858 0.121492
1 0.964784 0.849775 0.0704315 0.293702
1 0.293431 0.409364 0.0535405 0.123824
1 0.934517 0.248833 0.0465168 0.0718694
1 0.931951 0.33316 0.063129 0.0960733
1 0.293613 0.310688 0.0591083 0.078388
1 0.606776 0.22459 0.0303495 0.0694048
1 0.546625 0.226931 0.0321399 0.0723272
1 0.369366 0.309521 0.0647826 0.0828257
1 0.183043 0.242903 0.0384179 0.102428
0 0.959399 0.617129 0.0812021 0.202335
1 0.441975 0.285575 0.0394398 0.0730388
1 0.28273 0.22077 0.0363477 0.075445
4 0.849118 0.252085 0.0582789 0.0842227
1 0.678126 0.248045 0.0379095 0.0939635
1 0.406062 0.184319 0.0361712 0.0749251
1 0.644 0.28279 0.0360989 0.103746
0 0.206312 0.365519 0.0614838 0.0866007
1 0.505249 0.241639 0.0348774 0.0598443
4 0.321707 0.221804 0.0379645 0.0809731
1 0.364631 0.201033 0.0373828 0.087071
1 0.574225 0.262647 0.0344391 0.0761609
3 0.0475965 0.309173 0.0411061 0.134565
0 0.363811 0.200227 0.0364812 0.0837445
1 0.0482556 0.309222 0.0418914 0.134936
