0 0.734121 0.777328 0.128657 0.280552
1 0.152304 0.457204 0.0792262 0.188406
1 0.360172 0.587054 0.0884134 0.210941
1 0.249838 0.506862 0.0832907 0.214216
1 0.604436 0.322091 0.0480682 0.124799
1 0.37675 0.427174 0.076275 0.112962
1 0.790625 0.540197 0.0992576 0.18848
1 0.0661043 0.453913 0.072047 0.126468
1 0.95341 0.454578 0.0878071 0.128546
2 0.0908124 0.240428 0.0425584 0.185529
1 0.454965 0.344757 0.0583571 0.0964552
1 0.478287 0.476198 0.0749876 0.175346
1 0.959601 0.610712 0.0807974 0.186844
2 0.280374 0.351329 0.0612971 0.248272
1 0.546634 0.383489 0.0533899 0.135363
1 0.181877 0.243308 0.0398519 0.101326
1 0.367815 0.321327 0.0696782 0.100152
1 0.966091 0.838367 0.0676951 0.299953
1 0.856853 0.277016 0.0498226 0.135503
1 0.928135 0.332864 0.053709 0.102289
1 0.212831 0.365837 0.0476964 0.097827
1 0.406907 0.186852 0.0360193 0.0746754
1 0.22746 0.237899 0.0327736 0.114421
1 0.140699 0.283276 0.0479284 0.105632
1 0.508123 0.320241 0.043841 0.0993981
1 0.0512164 0.306608 0.0403223 0.137038
1 0.607236 0.224245 0.0285417 0.0686843
1 0.177846 0.793355 0.188502 0.393853
1 0.547028 0.224032 0.0332935 0.0751918
1 0.488846 0.20584 0.0313114 0.0674822
1 0.647694 0.283836 0.0379543 0.100586
1 0.012661 0.308213 0.0252011 0.120961
0 0.363057 0.204039 0.0357464 0.0746878
1 0.320766 0.217614 0.0372584 0.0870079
1 0.685925 0.249674 0.0413569 0.0890685
1 0.506887 0.24257 0.0359091 0.0613154
1 0.363861 0.20335 0.0375514 0.0788171
1 0.524235 0.193104 0.0263968 0.0629055
