1 0.240007 0.515364 0.090412 0.215725
1 0.793264 0.536753 0.0971307 0.191701
1 0.729496 0.759944 0.12257 0.285475
1 0.954593 0.829709 0.0908133 0.317319
1 0.374681 0.425355 0.0634961 0.0995765
1 0.14403 0.473693 0.081909 0.193006
1 0.29648 0.408875 0.0558521 0.129231
1 0.603305 0.325555 0.0469626 0.116769
1 0.230668 0.250959 0.0491148 0.0996603
1 0.447992 0.35688 0.0555141 0.111607
1 0.95307 0.452039 0.08997 0.131793
1 0.366267 0.323617 0.0626528 0.09861
1 0.489847 0.469089 0.0499964 0.174641
1 0.509302 0.311372 0.0477081 0.105304
2 0.61441 0.193628 0.0394241 0.134668
1 0.180497 0.242276 0.0385038 0.102646
1 0.546548 0.38802 0.0520857 0.129622
1 0.0644391 0.448029 0.0664468 0.119503
1 0.641627 0.288855 0.0384356 0.101989
1 0.283033 0.215713 0.0376486 0.0839259
1 0.213346 0.362126 0.0589872 0.0837139
1 0.362487 0.203005 0.0345515 0.0752432
4 0.936642 0.333243 0.0662457 0.0899292
1 0.322809 0.224489 0.0370155 0.0796805
1 0.831688 0.335181 0.0603684 0.0971814
4 0.959778 0.590255 0.0804441 0.142289
1 0.40468 0.184517 0.0341153 0.0714577
1 0.854267 0.251643 0.0498375 0.0884265
1 0.573187 0.267781 0.0354589 0.0827441
1 0.673238 0.246216 0.0356964 0.0953788
1 0.137914 0.285789 0.0548463 0.114644
1 0.489257 0.206598 0.0346371 0.0700184
0 0.546053 0.388804 0.0505515 0.129545
1 0.445876 0.270588 0.0459335 0.064665
1 0.936088 0.333041 0.0672855 0.0940752
1 0.294353 0.311135 0.0584245 0.0788367
1 0.959566 0.587782 0.0808675 0.144067
1 0.55141 0.224793 0.028179 0.0771459
4 0.294141 0.310221 0.058823 0.075198
1 0.505708 0.236412 0.0341473 0.0566638
4 0.0530931 0.310376 0.0558318 0.141527
3 0.0531203 0.309202 0.0493984 0.141741
