1 0.360119 0.58431 0.0867884 0.219445
1 0.248908 0.513309 0.0877577 0.230539
1 0.79016 0.533119 0.103884 0.182248
2 0.470969 0.686381 0.137126 0.627238
1 0.60396 0.323434 0.0501851 0.118272
1 0.366036 0.32672 0.0606882 0.104018
1 0.731795 0.763942 0.121289 0.279417
1 0.645491 0.276414 0.0383564 0.118711
1 0.230021 0.251547 0.0497028 0.100561
1 0.283332 0.212816 0.0369665 0.08411
1 0.298909 0.40787 0.0518064 0.125391
1 0.547598 0.386956 0.048925 0.1279
1 0.322525 0.228023 0.0365541 0.0757879
1 0.134348 0.485915 0.0988672 0.170938
1 0.926262 0.334761 0.0552349 0.0928715
1 0.446947 0.270745 0.0447899 0.0764088
1 0.362441 0.202867 0.0354373 0.078208
1 0.508328 0.314925 0.0490845 0.10069
1 0.812625 0.329001 0.056672 0.102888
1 0.179801 0.242439 0.038438 0.100302
1 0.610703 0.206896 0.0366821 0.0945556
1 0.383907 0.423675 0.0576748 0.102379
1 0.294657 0.310409 0.0612597 0.0815044
1 0.546712 0.223335 0.032683 0.0728892
1 0.203999 0.371646 0.0644051 0.109709
1 0.505137 0.240295 0.0361423 0.0595542
1 0.404588 0.184101 0.0350041 0.0722088
1 0.959659 0.598303 0.0806822 0.164265
1 0.67628 0.248429 0.0336397 0.0928965
4 0.953667 0.451758 0.0887825 0.131997
1 0.953866 0.453875 0.0885597 0.131724
1 0.0505137 0.308745 0.0544394 0.147479
1 0.574536 0.267104 0.0367716 0.083427
1 0.7037 0.228513 0.0343767 0.09389
0 0.134593 0.286771 0.0516184 0.109779
1 0.57503 0.192855 0.0279542 0.0746855
1 0.449622 0.336873 0.0446492 0.0701333
4 0.959999 0.598916 0.0800021 0.167533
1 0.0553479 0.439472 0.0504107 0.102968
3 0.813493 0.327884 0.0593823 0.102805
