0 0.953254 0.638502 0.0933237 0.195146
0 0.717516 0.818587 0.158872 0.21473
0 0.230654 0.565289 0.115885 0.152531
0 0.476204 0.497633 0.0931118 0.149544
0 0.359069 0.450824 0.0875905 0.113391
0 0.4444 0.371301 0.0673602 0.104761
0 0.949447 0.481767 0.101106 0.145028
0 0.272136 0.4153 0.0758062 0.119496
0 0.148268 0.465369 0.0762561 0.168871
0 0.398887 0.196475 0.0435015 0.0629526
0 0.31801 0.238692 0.0420075 0.0630884
0 0.794075 0.578155 0.110951 0.194301
0 0.355789 0.21444 0.040073 0.061834
0 0.504653 0.319007 0.0534653 0.0990319
0 0.921938 0.342846 0.0605225 0.100896
0 0.537365 0.414653 0.0628974 0.113708
0 0.577982 0.201223 0.0361392 0.0812293
0 0.27506 0.224502 0.0402061 0.0757989
0 0.592044 0.33696 0.0561354 0.111454
0 0.822447 0.358457 0.0890339 0.0992429
0 0.368884 0.290064 0.0653586 0.065968
0 0.362916 0.355643 0.068626 0.073265
0 0.0445191 0.328787 0.0467082 0.101446
0 0.432536 0.289894 0.0551378 0.0652972
0 0.124537 0.305025 0.0510002 0.08114
1 0.0837763 0.439727 0.0557737 0.151032
0 0.0089516 0.322485 0.0178445 0.0935844
0 0.0855443 0.278431 0.0409745 0.094834
0 0.672046 0.259933 0.0421444 0.076029
1 0.351513 0.607866 0.101011 0.20193
0 0.821871 0.442958 0.108021 0.0898192
0 0.564193 0.28161 0.0383658 0.0680199
0 0.226507 0.252207 0.0448207 0.0968347
0 0.0834251 0.439017 0.0561092 0.150915
0 0.958604 0.875176 0.0825905 0.224186
0 0.482253 0.222792 0.034581 0.068579
0 0.270612 0.325152 0.0749539 0.0662828
0 0.701689 0.235231 0.0360609 0.0715272
0 0.631843 0.294134 0.0400588 0.0947416
0 0.609782 0.22584 0.0266518 0.0587002
