0 0.23897 0.535581 0.105476 0.205651
0 0.788305 0.579572 0.118549 0.183327
0 0.947726 0.494292 0.104549 0.161498
0 0.732003 0.824931 0.180355 0.219836
0 0.360975 0.450903 0.0885874 0.1406
0 0.344744 0.618306 0.102129 0.16997
0 0.133079 0.303045 0.060647 0.0927355
0 0.135115 0.460976 0.100617 0.177523
1 0.817854 0.436639 0.101139 0.129946
0 0.474822 0.491472 0.0906588 0.157114
0 0.44684 0.368357 0.0660072 0.0991919
0 0.317414 0.241174 0.0392451 0.0620575
0 0.274321 0.413778 0.0702869 0.0905668
0 0.265473 0.33363 0.0841642 0.076176
0 0.0353536 0.321956 0.0693756 0.128248
0 0.918118 0.344082 0.0567638 0.0952476
0 0.506562 0.319961 0.051148 0.0985525
0 0.399026 0.209618 0.0454282 0.122672
0 0.577436 0.206434 0.0370239 0.0820806
0 0.173413 0.249374 0.0457924 0.0941664
0 0.086628 0.282624 0.0401546 0.0940714
0 0.274929 0.222827 0.0412784 0.0810574
0 0.822746 0.336212 0.0720905 0.0842067
0 0.358498 0.213275 0.0369435 0.0708991
0 0.223895 0.253703 0.0530322 0.0981403
0 0.950241 0.666473 0.0995177 0.164081
0 0.426953 0.302862 0.0464149 0.0750746
0 0.703605 0.233844 0.0388437 0.0747316
0 0.546655 0.239885 0.037272 0.0653444
0 0.671388 0.264288 0.0388496 0.079093
0 0.545915 0.408027 0.060465 0.137542
4 0.545663 0.400176 0.0599573 0.141039
0 0.367709 0.290823 0.056746 0.0615027
0 0.860829 0.281646 0.0477028 0.0972722
0 0.0474572 0.465659 0.0596655 0.0981969
0 0.358618 0.347973 0.0706878 0.0724935
0 0.63473 0.287009 0.0354285 0.110301
0 0.481987 0.222901 0.0346121 0.0724311
