0 0.248338 0.536305 0.102851 0.20785
0 0.950779 0.629102 0.0983425 0.189781
0 0.949742 0.458663 0.0984665 0.147673
0 0.140567 0.476875 0.0911706 0.16551
0 0.476573 0.487447 0.0889573 0.165873
0 0.782036 0.563305 0.104263 0.191112
1 0.362466 0.590465 0.0898977 0.212228
2 0.240855 0.240456 0.0505802 0.248945
2 0.281055 0.189874 0.0316767 0.140708
0 0.298099 0.399659 0.0600242 0.145359
0 0.934015 0.339518 0.075609 0.0984729
0 0.54573 0.406249 0.0521997 0.133908
0 0.504285 0.321051 0.0544607 0.103232
0 0.171922 0.25768 0.0567391 0.0793418
0 0.31648 0.235462 0.0400703 0.0647825
0 0.197861 0.379898 0.0697775 0.102718
0 0.124477 0.30405 0.0635704 0.0827794
0 0.445277 0.37044 0.0580246 0.0907679
0 0.355831 0.212182 0.0354877 0.0694439
0 0.9494 0.854896 0.101027 0.254021
1 0.600384 0.330161 0.0490139 0.119134
0 0.703357 0.223963 0.0378386 0.081735
1 0.402654 0.183854 0.0374638 0.0768028
2 0.868455 0.183644 0.0513924 0.154968
0 0.0658642 0.444987 0.0577835 0.115731
4 0.606405 0.2314 0.0315378 0.0715681
0 0.442963 0.284593 0.0457992 0.0801246
3 0.0452712 0.310914 0.0597668 0.138738
0 0.674769 0.264086 0.0425184 0.0765362
0 0.362726 0.319883 0.0545083 0.0820333
1 0.948994 0.856924 0.102012 0.2552
1 0.36897 0.423008 0.0687338 0.119319
0 0.0450805 0.310742 0.0608175 0.140858
1 0.56863 0.274162 0.0359144 0.0800256
