0 0.905872 0.537016 0.0623865 0.0995606
0 0.784593 0.534824 0.0596374 0.096049
0 0.709345 0.634255 0.0907281 0.147741
0 0.879717 0.686633 0.105806 0.159193
2 0.305663 0.301876 0.0607044 0.151097
0 0.971703 0.48444 0.0521492 0.0872112
0 0.231653 0.426659 0.0477669 0.0664791
1 0.187075 0.47737 0.0527777 0.0758154
1 0.782705 0.280421 0.0321421 0.0540864
1 0.613503 0.409627 0.0411852 0.0702421
0 0.854931 0.46321 0.0543964 0.0876495
1 0.103947 0.446295 0.0484705 0.0767706
0 0.424595 0.614798 0.0764485 0.111397
0 0.332932 0.432837 0.0582402 0.0889128
1 0.71634 0.276156 0.0287462 0.0478741
0 0.291223 0.547812 0.0644883 0.101151
1 0.345158 0.355937 0.0387586 0.0560989
1 0.638611 0.326962 0.0291883 0.0497046
1 0.525523 0.45717 0.049635 0.0822514
0 0.213728 0.34503 0.0426445 0.0653463
1 0.543866 0.282684 0.0299137 0.0507956
0 0.5744 0.372863 0.040469 0.0660895
0 0.422383 0.447807 0.0503432 0.0857367
1 0.432781 0.365705 0.0353291 0.0572653
0 0.107978 0.385301 0.045612 0.0628948
1 0.709765 0.330735 0.0306648 0.0582067
0 0.607175 0.30587 0.0297567 0.0502431
0 0.257968 0.334988 0.0403699 0.0594339
1 0.591351 0.271855 0.0270741 0.0434045
1 0.676552 0.353428 0.0311314 0.0586934
0 0.98327 0.418691 0.0333218 0.0687958
0 0.166267 0.331192 0.0391751 0.0651849
1 0.567015 0.313943 0.0297807 0.0430758
1 0.165715 0.330553 0.0397346 0.0651704
0 0.492396 0.308324 0.0354998 0.0446009
1 0.424226 0.282564 0.0289675 0.05
1 0.742854 0.313589 0.0316613 0.0541421
0 0.908601 0.366679 0.0428944 0.0587766
4 0.506638 0.383687 0.0487577 0.0656786
1 0.367034 0.313771 0.0336993 0.0493479
1 0.0734714 0.38456 0.0333264 0.0604361
