3 0.14152 0.459576 0.0865467 0.193025
3 0.787663 0.539391 0.0991509 0.203065
0 0.751878 0.801566 0.16169 0.254489
0 0.236126 0.53616 0.10395 0.206529
1 0.477196 0.479045 0.0781242 0.171698
0 0.952882 0.616257 0.0940674 0.169615
3 0.959659 0.84696 0.0806824 0.284199
1 0.370137 0.583122 0.0736099 0.216797
0 0.944986 0.470025 0.107743 0.153945
0 0.0551655 0.449188 0.0812791 0.121394
0 0.356739 0.206788 0.0366617 0.0752854
0 0.403592 0.194244 0.0400528 0.0632695
1 0.602408 0.332181 0.059417 0.122121
1 0.458036 0.3509 0.0534567 0.0938183
1 0.228954 0.248902 0.0494367 0.0987327
0 0.217833 0.370953 0.0656704 0.108262
1 0.543156 0.411172 0.059634 0.13365
1 0.276003 0.214485 0.0352446 0.0876404
0 0.504115 0.252645 0.0430175 0.0727132
0 0.316955 0.226588 0.0400692 0.0807827
0 0.516577 0.317552 0.0473325 0.0754493
0 0.348585 0.333195 0.0463255 0.0995619
1 0.933281 0.252668 0.046096 0.0779223
4 0.291579 0.405157 0.0658607 0.131493
4 0.384804 0.416629 0.0742812 0.121887
0 0.675814 0.256836 0.0410107 0.0871404
1 0.931059 0.335286 0.0614384 0.0920751
1 0.29143 0.407733 0.0650624 0.13078
0 0.5485 0.23491 0.0347707 0.0789429
0 0.379699 0.28212 0.0461613 0.0819672
1 0.0162488 0.312712 0.0324713 0.112132
1 0.293811 0.30632 0.0566773 0.0761412
1 0.610233 0.226982 0.0269831 0.0661488
0 0.706074 0.234007 0.0332555 0.0766481
1 0.549909 0.234293 0.0346718 0.0792944
1 0.582174 0.197365 0.0325651 0.0952963
