1 0.359081 0.585762 0.0874014 0.214051
1 0.0796961 0.442683 0.0765968 0.135389
0 0.377772 0.422014 0.0754681 0.125529
3 0.747184 0.779004 0.125884 0.307447
3 0.808858 0.535613 0.0965693 0.189557
4 0.95816 0.592379 0.0836792 0.174987
0 0.292017 0.309729 0.0621044 0.0821932
0 0.384282 0.185306 0.038497 0.0737865
0 0.92301 0.399223 0.0583057 0.123659
0 0.541122 0.396454 0.0577823 0.127416
1 0.58858 0.328956 0.0536762 0.118614
3 0.165451 0.47342 0.0841185 0.199195
1 0.477078 0.476735 0.0757177 0.167922
4 0.859742 0.283143 0.0504353 0.138777
1 0.391371 0.283543 0.0396648 0.0947893
1 0.0506463 0.305215 0.0522309 0.132011
1 0.74682 0.777836 0.12587 0.308331
1 0.262918 0.497236 0.0828316 0.236259
1 0.113208 0.285179 0.0446217 0.100004
1 0.626816 0.282824 0.0424931 0.103254
4 0.700818 0.228769 0.0374999 0.0894793
0 0.965397 0.448597 0.0688572 0.111401
0 0.544752 0.235826 0.0383236 0.0762747
0 0.353005 0.324277 0.0523869 0.0867299
1 0.438991 0.283713 0.041739 0.0919225
1 0.281003 0.213182 0.0347916 0.0859882
0 0.506897 0.322214 0.0468276 0.0897203
1 0.664265 0.245021 0.0400266 0.0909454
1 0.93003 0.829411 0.133704 0.295938
4 0.929856 0.829679 0.137779 0.294052
1 0.231805 0.248411 0.046522 0.106688
0 0.391215 0.283325 0.0401205 0.0950282
0 0.346422 0.215388 0.0310016 0.0725062
0 0.219537 0.367643 0.0517131 0.103812
0 0.495691 0.245083 0.0402782 0.0774738
1 0.0125651 0.316243 0.0249724 0.114046
1 0.823281 0.340523 0.0546906 0.077374
1 0.145374 0.275521 0.0354198 0.0978789
