0 0.750882 0.789786 0.145997 0.269466
1 0.476831 0.479944 0.0754709 0.171628
2 0.3617 0.282725 0.0594248 0.188243
1 0.383128 0.43327 0.072585 0.120713
1 0.60571 0.333291 0.0518157 0.117721
1 0.358753 0.588195 0.0863939 0.199075
1 0.165054 0.473817 0.0813201 0.181921
1 0.454226 0.354651 0.0555662 0.0985265
1 0.0730974 0.451558 0.071796 0.132689
2 0.234906 0.229403 0.0557962 0.20345
1 0.544497 0.400039 0.0580424 0.132379
1 0.800149 0.539153 0.0957134 0.19987
1 0.644717 0.292686 0.0384347 0.101462
1 0.920624 0.334781 0.0581112 0.0982211
1 0.287923 0.216421 0.0342055 0.0914612
0 0.138414 0.292109 0.0517227 0.101336
4 0.95066 0.833973 0.0970993 0.235222
0 0.291401 0.415386 0.0617001 0.114324
1 0.180058 0.246997 0.0427645 0.102138
1 0.572803 0.275999 0.0367911 0.0748296
1 0.951015 0.607157 0.0930084 0.189577
1 0.701126 0.225118 0.0351246 0.0874495
1 0.25065 0.520189 0.090663 0.211803
0 0.948839 0.453402 0.0942699 0.129903
1 0.665795 0.246973 0.03186 0.0838047
0 0.952799 0.607102 0.0941063 0.189677
3 0.0511315 0.306932 0.0512091 0.138811
0 0.951387 0.836026 0.0972256 0.238729
0 0.495219 0.254677 0.0408026 0.0674691
1 0.32078 0.226957 0.0304729 0.0823023
4 0.799462 0.538519 0.0945328 0.19944
0 0.180223 0.247912 0.0429521 0.0937347
1 0.618246 0.230091 0.0277742 0.0636067
1 0.547958 0.220506 0.0315562 0.0669206
1 0.514882 0.316662 0.0430365 0.0892757
0 0.402307 0.185723 0.0361318 0.0725502
1 0.400976 0.185815 0.0344261 0.0723323
1 0.580585 0.206137 0.0301763 0.0638709
0 0.24901 0.52099 0.0904537 0.21332
4 0.292994 0.319434 0.0575013 0.0841558
1 0.217063 0.363486 0.0486543 0.0842034
0 0.292871 0.320045 0.0580744 0.0864636
