2 0.53743 0.616981 0.0931146 0.71419
1 0.258082 0.494047 0.0836501 0.249429
1 0.154647 0.472363 0.0867519 0.186109
1 0.731788 0.773879 0.127993 0.274999
1 0.358871 0.587171 0.084477 0.211809
0 0.949155 0.827861 0.101691 0.233831
1 0.385039 0.434899 0.0677054 0.125659
1 0.454557 0.360253 0.056913 0.112952
1 0.609222 0.325954 0.0468648 0.130385
1 0.065691 0.456173 0.0761368 0.119718
2 0.294295 0.345726 0.0603256 0.234407
4 0.815422 0.346852 0.0531443 0.0821359
1 0.921723 0.33697 0.0659699 0.0941646
1 0.957223 0.606571 0.0855549 0.182056
4 0.801146 0.547209 0.101736 0.198814
1 0.231357 0.246114 0.0425369 0.107377
1 0.615962 0.22681 0.0273436 0.0629914
1 0.183389 0.240355 0.0380295 0.103041
1 0.801241 0.545775 0.101005 0.202929
0 0.365314 0.324594 0.058965 0.09977
1 0.948859 0.449351 0.0879921 0.134027
1 0.364893 0.200496 0.0364002 0.0845067
1 0.213972 0.378797 0.0418882 0.110917
1 0.930875 0.252386 0.0461046 0.0728814
1 0.144221 0.285464 0.047538 0.106929
1 0.702239 0.226132 0.0369183 0.0854264
1 0.0974501 0.280037 0.0378204 0.1012
1 0.649753 0.287723 0.0353717 0.107393
1 0.8646 0.252659 0.0316677 0.0700437
1 0.580015 0.195695 0.0310102 0.0751881
0 0.363781 0.199528 0.0339708 0.0837594
1 0.012328 0.312615 0.0243853 0.113223
1 0.576762 0.27145 0.0318024 0.0831506
0 0.324267 0.225294 0.0358305 0.072736
1 0.402244 0.193283 0.0357565 0.0698193
1 0.550914 0.2225 0.0294362 0.0688364
0 0.401335 0.192638 0.035312 0.0702307
