2 0.535282 0.616264 0.0943531 0.719522
1 0.358556 0.588288 0.0852156 0.208222
1 0.730529 0.777824 0.131511 0.273255
1 0.15688 0.47076 0.0837956 0.191707
1 0.243046 0.507984 0.0893114 0.237875
2 0.296413 0.354009 0.0607571 0.246836
1 0.609297 0.328124 0.0498444 0.124327
1 0.383577 0.43668 0.0703679 0.124433
1 0.949412 0.454536 0.09112 0.133601
1 0.0659592 0.454369 0.0753933 0.116431
1 0.452505 0.364926 0.0505585 0.113644
1 0.230025 0.24666 0.043817 0.10589
0 0.360672 0.334024 0.0587992 0.0925772
4 0.79635 0.540246 0.0988398 0.190838
0 0.950291 0.832959 0.0991211 0.229185
4 0.949426 0.832322 0.100316 0.22969
1 0.183449 0.240087 0.0371355 0.102512
1 0.362413 0.198516 0.0346474 0.0829731
4 0.816234 0.352996 0.0515667 0.0707034
4 0.13981 0.284959 0.0644228 0.114042
1 0.401835 0.193827 0.0353024 0.0706878
1 0.614455 0.23027 0.0278778 0.0631434
0 0.954799 0.61334 0.0904024 0.181073
1 0.665074 0.250196 0.0320732 0.0791633
1 0.916898 0.339582 0.0592386 0.0957659
1 0.79621 0.53887 0.10107 0.196131
1 0.647735 0.291059 0.03386 0.102146
1 0.927299 0.250283 0.0460073 0.0766087
1 0.32631 0.229593 0.0312814 0.0785917
1 0.574586 0.271395 0.0331682 0.0744109
1 0.579198 0.197698 0.0309462 0.0744543
1 0.699067 0.225458 0.0372421 0.0878306
1 0.852922 0.322 0.0370249 0.0927436
1 0.442653 0.281776 0.0408316 0.0653867
4 0.955165 0.612805 0.0896701 0.177282
1 0.141762 0.288296 0.0607553 0.111818
4 0.811135 0.417517 0.0650087 0.072096
0 0.0500818 0.312464 0.0487737 0.141235
1 0.550251 0.224578 0.0312696 0.0695314
