1 0.729948 0.779469 0.132291 0.273053
2 0.362473 0.675669 0.109403 0.648662
1 0.478571 0.478117 0.0692277 0.171034
1 0.801266 0.554004 0.0967775 0.197045
1 0.256387 0.505097 0.0900133 0.232885
1 0.15647 0.459005 0.0792751 0.194268
1 0.541532 0.384674 0.0524116 0.131183
1 0.957272 0.606731 0.0854565 0.189992
1 0.0670749 0.452102 0.0767904 0.114078
1 0.608321 0.326188 0.0513704 0.120517
1 0.446771 0.360937 0.0493763 0.105282
1 0.23016 0.247791 0.0424247 0.103502
1 0.505065 0.31167 0.045838 0.0920026
1 0.185957 0.242859 0.0371909 0.103771
1 0.663986 0.249984 0.0354433 0.0820326
2 0.287052 0.315452 0.0546662 0.171806
1 0.916636 0.336375 0.0556491 0.0961656
1 0.949457 0.830779 0.101086 0.232549
0 0.36552 0.314457 0.0584855 0.0776359
1 0.547002 0.225943 0.0317209 0.0663168
0 0.951251 0.450883 0.0917467 0.125827
1 0.404342 0.191837 0.0343202 0.0663756
1 0.321187 0.222715 0.0334545 0.0751261
1 0.216434 0.37002 0.0431222 0.092207
1 0.105246 0.27621 0.0391708 0.106946
1 0.823782 0.351169 0.0537095 0.0797807
1 0.362791 0.202365 0.0350443 0.0741384
1 0.577327 0.267656 0.038206 0.0798901
1 0.449959 0.279916 0.0385286 0.065777
1 0.699997 0.228097 0.0350903 0.084038
1 0.622366 0.228816 0.0305076 0.0626545
1 0.0497507 0.310565 0.0513121 0.149096
1 0.146561 0.287002 0.0456366 0.105233
1 0.932223 0.254769 0.042852 0.0741442
1 0.529974 0.196717 0.0261684 0.0638253
1 0.849369 0.24993 0.0508244 0.0707661
1 0.5818 0.196569 0.0327288 0.0708007
1 0.50224 0.23987 0.0336855 0.0562506
4 0.0115979 0.311717 0.0229536 0.119743
