1 0.24478 0.517301 0.0877868 0.228284
2 0.381309 0.680978 0.108794 0.638045
1 0.480509 0.475941 0.0662016 0.173658
1 0.731724 0.779845 0.135549 0.268916
2 0.292648 0.357795 0.0516862 0.24592
1 0.153177 0.485324 0.0868834 0.190086
1 0.455091 0.339789 0.0519678 0.0901011
1 0.611256 0.324326 0.0585565 0.123031
1 0.956024 0.607888 0.0879526 0.195485
1 0.230208 0.247969 0.0445181 0.100802
1 0.949805 0.835187 0.0988861 0.22995
1 0.184314 0.240572 0.0379434 0.0990765
1 0.546177 0.386824 0.0516837 0.130265
1 0.703996 0.231212 0.036043 0.0835122
1 0.511485 0.308508 0.0442381 0.0942652
3 0.762567 0.521501 0.0882492 0.191428
4 0.911601 0.337012 0.0489115 0.0984959
1 0.665076 0.250948 0.0364712 0.0813422
1 0.576433 0.270669 0.036866 0.0817469
1 0.143922 0.289227 0.0493785 0.104997
1 0.323075 0.227605 0.033567 0.0719822
1 0.548473 0.22911 0.0311623 0.0701402
1 0.580763 0.197522 0.0330437 0.0718836
0 0.952577 0.450265 0.0889587 0.121534
1 0.102512 0.273918 0.0375145 0.100872
1 0.364071 0.201876 0.0367077 0.075894
1 0.912202 0.336555 0.0499224 0.0977822
1 0.952391 0.452464 0.0869007 0.12306
1 0.404364 0.190606 0.0337139 0.0668454
1 0.530613 0.196445 0.0265042 0.0628197
1 0.819376 0.458777 0.0669045 0.145356
0 0.362826 0.315543 0.0638252 0.0818439
4 0.951571 0.832273 0.0966972 0.225014
4 0.828261 0.344163 0.0578008 0.0898146
1 0.221196 0.363018 0.0575681 0.0909479
0 0.0641885 0.455535 0.0754273 0.11331
1 0.0646899 0.455206 0.0776137 0.113572
1 0.501304 0.201406 0.0305357 0.0619156
1 0.933277 0.259839 0.0390396 0.0773554
