1 0.795395 0.5531 0.0949155 0.204359
4 0.95568 0.603193 0.0886408 0.18611
1 0.47565 0.478276 0.0739246 0.167812
1 0.379024 0.415733 0.062926 0.118343
1 0.607155 0.325446 0.0488295 0.122563
2 0.295973 0.356464 0.0584267 0.244451
1 0.542306 0.39039 0.0572843 0.131542
1 0.23077 0.247884 0.0435088 0.104348
1 0.824722 0.348565 0.0817528 0.127211
1 0.364244 0.580882 0.0836902 0.215983
1 0.18457 0.24116 0.0390083 0.103373
1 0.732671 0.782731 0.13278 0.266663
1 0.366909 0.315228 0.0593051 0.0892356
1 0.956067 0.445858 0.0844915 0.127549
1 0.691249 0.228429 0.041226 0.0971879
0 0.948924 0.823694 0.102109 0.235558
1 0.403201 0.190791 0.0331718 0.0695847
1 0.250793 0.506566 0.0712371 0.21896
1 0.547185 0.227715 0.0341119 0.072929
1 0.505569 0.298746 0.0421127 0.11159
0 0.454503 0.357652 0.0593919 0.101143
1 0.579463 0.269816 0.0357759 0.0812028
1 0.321057 0.226702 0.0340997 0.0714664
1 0.919815 0.339857 0.0650215 0.0869603
1 0.362339 0.204735 0.0359244 0.0722827
0 0.733528 0.78256 0.1327 0.264882
1 0.644615 0.292015 0.0375968 0.104599
1 0.581723 0.197034 0.032468 0.0716467
1 0.930093 0.266426 0.0492025 0.0669483
1 0.495379 0.201092 0.0314253 0.0687209
0 0.364298 0.581608 0.0829368 0.217581
1 0.859175 0.252755 0.0410653 0.0782968
0 0.157002 0.68245 0.117732 0.588974
1 0.217654 0.365556 0.0423518 0.0850654
1 0.850765 0.250618 0.0418831 0.0739025
1 0.139877 0.290518 0.0490272 0.102285
