1 0.358999 0.588465 0.0780704 0.195487
1 0.747211 0.780876 0.126933 0.283652
1 0.369108 0.433577 0.0744445 0.12555
0 0.256343 0.527523 0.108173 0.205738
1 0.781835 0.537102 0.116713 0.182163
1 0.138062 0.480707 0.0888456 0.183417
1 0.926308 0.339046 0.0659042 0.0939659
1 0.821151 0.34771 0.0596943 0.0881937
1 0.950916 0.450882 0.0901054 0.128263
1 0.321461 0.230541 0.0367644 0.0715455
0 0.642883 0.292035 0.0403882 0.0922866
1 0.365247 0.203149 0.0344859 0.0739851
1 0.459227 0.358927 0.0497896 0.104161
1 0.510383 0.312917 0.0465467 0.093832
1 0.607703 0.220954 0.0285593 0.0719157
1 0.22791 0.252379 0.0504431 0.0951866
1 0.284044 0.221592 0.0350896 0.0678108
1 0.402115 0.188223 0.0309982 0.0760686
1 0.294386 0.387128 0.0638741 0.123636
1 0.576867 0.272976 0.0350514 0.0909855
1 0.440118 0.280466 0.0440835 0.0787446
1 0.607609 0.309813 0.0369713 0.105432
1 0.545467 0.230054 0.0340401 0.0677069
1 0.100759 0.282872 0.0350461 0.0984324
1 0.214284 0.371573 0.0646092 0.0938
1 0.366648 0.316025 0.0631254 0.104878
0 0.139998 0.28786 0.0463039 0.105371
1 0.682451 0.246548 0.0437916 0.0880356
1 0.576198 0.189169 0.0312311 0.0746401
1 0.176485 0.245724 0.0401483 0.0923197
1 0.0577204 0.451639 0.0546913 0.115944
1 0.857661 0.248392 0.0474766 0.0674758
1 0.14051 0.286651 0.0479646 0.104414
1 0.0129339 0.309884 0.025581 0.110778
