2 0.810794 0.495684 0.100884 0.351767
1 0.737105 0.771648 0.128126 0.303753
2 0.447049 0.669096 0.109977 0.661807
0 0.151714 0.483811 0.0922622 0.172196
1 0.926734 0.441711 0.0804806 0.139275
1 0.950863 0.830451 0.0975327 0.283641
1 0.553278 0.388661 0.0539478 0.133383
1 0.0679556 0.456779 0.0669462 0.127602
1 0.609931 0.321357 0.051629 0.131812
1 0.372964 0.317382 0.0547602 0.0888657
1 0.505677 0.306657 0.0508539 0.115525
1 0.37165 0.423532 0.0547789 0.14279
1 0.851203 0.245074 0.0464481 0.0832553
1 0.283723 0.219576 0.0373967 0.0793203
1 0.927645 0.255954 0.0386238 0.083542
1 0.229467 0.243779 0.0446311 0.109778
1 0.364233 0.203239 0.0316525 0.073256
1 0.673434 0.247274 0.0381214 0.0914648
1 0.404503 0.188071 0.0346512 0.0765265
1 0.325108 0.229987 0.0352568 0.0746728
1 0.449844 0.271217 0.0391364 0.0722871
1 0.545737 0.226458 0.0311538 0.0682052
4 0.06322 0.307865 0.0554139 0.14516
4 0.0151519 0.307158 0.030231 0.120302
1 0.583821 0.194897 0.0362255 0.0866157
1 0.57222 0.271844 0.0379009 0.0841324
1 0.209431 0.364531 0.0521493 0.0889656
1 0.189118 0.241131 0.033389 0.107181
1 0.618675 0.214711 0.0281982 0.065544
1 0.0632915 0.306009 0.0541551 0.143341
1 0.296339 0.304993 0.0568866 0.0804537
0 0.330575 0.595388 0.0679635 0.177949
0 0.146603 0.286284 0.048345 0.111212
1 0.494271 0.196685 0.0317041 0.0627073
1 0.300501 0.406546 0.0525602 0.140486
