2 0.797582 0.47423 0.108311 0.346404
0 0.372895 0.7444 0.0882511 0.114191
1 0.187687 0.634706 0.0712331 0.0987077
1 0.768451 0.708026 0.0756279 0.105362
0 0.552004 0.730175 0.0792805 0.0972453
1 0.0365024 0.814425 0.0730047 0.106608
1 0.357365 0.64091 0.0751559 0.0924519
1 0.21048 0.55643 0.0536946 0.0761688
1 0.141442 0.740655 0.0747703 0.101325
1 0.721659 0.647463 0.0628033 0.0888767
1 0.281418 0.489501 0.0526162 0.075279
1 0.81861 0.823133 0.0973652 0.0911987
1 0.984466 0.542087 0.0310682 0.0881282
1 0.702434 0.534759 0.0501513 0.0690325
1 0.669035 0.454362 0.0456593 0.0646703
1 0.0772402 0.485013 0.0583217 0.0804155
0 0.397136 0.597877 0.0619893 0.0898547
0 0.0275659 0.533791 0.051611 0.0740632
1 0.303734 0.816607 0.0869795 0.104419
1 0.259374 0.551561 0.0469709 0.0668549
0 0.0786702 0.484885 0.0591276 0.0800711
0 0.933347 0.504236 0.053002 0.0679699
1 0.393126 0.603651 0.0629479 0.10074
0 0.554994 0.828025 0.102448 0.102994
1 0.548019 0.530617 0.0529682 0.0645484
1 0.412395 0.534833 0.0533457 0.0699245
1 0.537657 0.648455 0.0653564 0.0837547
0 0.559608 0.596674 0.058433 0.0776707
