1 0.894165 0.675449 0.143809 0.279753
1 0.555547 0.485733 0.0773335 0.16905
1 0.199107 0.500112 0.0912262 0.186509
1 0.103158 0.490212 0.0995048 0.175236
1 0.351587 0.546547 0.102392 0.192311
1 0.300724 0.418675 0.0749287 0.155281
1 0.383931 0.375283 0.0730718 0.1348
2 0.649793 0.560469 0.0895081 0.725715
1 0.737517 0.638512 0.102475 0.189782
1 0.833274 0.387239 0.0556541 0.141378
1 0.54784 0.279634 0.0438649 0.104269
1 0.785402 0.500425 0.0871688 0.137565
1 0.465589 0.579833 0.115616 0.224342
1 0.129406 0.328091 0.0666593 0.119435
1 0.0314259 0.365198 0.061703 0.158416
1 0.343035 0.264689 0.0475809 0.109057
0 0.465255 0.578831 0.114161 0.222934
1 0.267448 0.31206 0.0385902 0.0825178
1 0.586372 0.348507 0.0373333 0.109559
1 0.529445 0.37086 0.0564109 0.0837311
1 0.28905 0.251223 0.0400806 0.0829833
0 0.449323 0.418513 0.0638958 0.102727
1 0.214708 0.363111 0.0620297 0.0929135
1 0.773886 0.347326 0.0643951 0.180711
0 0.461019 0.322409 0.0539843 0.101556
1 0.73221 0.324734 0.0346949 0.132067
1 0.504654 0.295059 0.0357898 0.086051
1 0.39923 0.23581 0.0446968 0.080698
1 0.219422 0.287934 0.0408156 0.0662889
