2 0.241965 0.588997 0.123488 0.644521
1 0.56012 0.485515 0.0767044 0.181388
1 0.469807 0.580118 0.103795 0.221549
1 0.101658 0.486521 0.092881 0.177496
1 0.362622 0.552896 0.080493 0.202327
1 0.128478 0.322113 0.0589641 0.136156
1 0.896154 0.686621 0.150112 0.281576
1 0.38861 0.373498 0.0765695 0.133012
1 0.0329963 0.362885 0.0659745 0.149509
1 0.62288 0.426382 0.0585926 0.15017
1 0.669163 0.369682 0.0458539 0.138043
1 0.464378 0.32477 0.0501209 0.102627
1 0.550078 0.277756 0.0428891 0.0953344
1 0.396768 0.246458 0.0421991 0.0776152
1 0.91192 0.480823 0.101541 0.130762
1 0.734414 0.648328 0.108713 0.199621
1 0.454986 0.418872 0.0572134 0.0927033
1 0.343545 0.282424 0.0425003 0.0857206
1 0.531739 0.364714 0.0566826 0.0837721
1 0.589576 0.334007 0.0355127 0.0934179
1 0.774208 0.488559 0.0846615 0.12817
1 0.70286 0.340442 0.0370762 0.119796
1 0.289828 0.265846 0.0379121 0.0972782
1 0.623919 0.29923 0.0361805 0.090187
4 0.734823 0.648036 0.107937 0.198172
2 0.18244 0.298939 0.0474754 0.238589
1 0.503346 0.2968 0.0361951 0.0964784
1 0.827711 0.375849 0.038374 0.117253
