2 0.0551023 0.635098 0.110205 0.729804
1 0.348545 0.551504 0.0976902 0.193475
0 0.901038 0.694986 0.166956 0.232524
1 0.195753 0.503212 0.0890277 0.180715
1 0.38597 0.377235 0.0736375 0.134298
0 0.565032 0.500896 0.0759754 0.157532
1 0.461289 0.33654 0.0587236 0.126949
0 0.733402 0.66871 0.110639 0.19242
1 0.300796 0.425062 0.0757275 0.134293
1 0.462288 0.582207 0.118695 0.223054
1 0.547868 0.277216 0.0452269 0.0951429
1 0.530474 0.386842 0.058787 0.123336
1 0.671294 0.37138 0.0420715 0.13032
1 0.70797 0.340237 0.0390275 0.115953
1 0.187519 0.338269 0.0449809 0.110402
1 0.62876 0.433004 0.0645161 0.133417
1 0.267326 0.318221 0.0473801 0.0834217
1 0.127991 0.327915 0.0517447 0.132544
1 0.762664 0.506238 0.107439 0.157598
1 0.344768 0.271127 0.0463832 0.0978699
4 0.762838 0.505312 0.108865 0.159483
4 0.913399 0.508434 0.115783 0.15151
1 0.745055 0.315838 0.0420474 0.113792
1 0.584992 0.363136 0.0393045 0.110292
1 0.286706 0.25519 0.0421834 0.0704746
0 0.462056 0.582204 0.118818 0.220034
1 0.912197 0.506695 0.110369 0.147176
0 0.584837 0.360299 0.0400791 0.11272
1 0.625118 0.317979 0.0412121 0.0965394
1 0.2278 0.389013 0.0482101 0.108278
1 0.816129 0.413671 0.0508295 0.0959952
