0 0.280335 0.850994 0.112474 0.298012
0 0.630347 0.851326 0.12779 0.268371
1 0.0909998 0.861422 0.119906 0.277156
1 0.838069 0.838188 0.118475 0.313095
0 0.93418 0.563092 0.103623 0.194257
1 0.602001 0.632094 0.117092 0.177737
1 0.187499 0.701689 0.0717783 0.255219
1 0.748512 0.676908 0.0786579 0.254895
0 0.853017 0.481123 0.0674648 0.139331
1 0.254667 0.585676 0.0602193 0.198434
1 0.36686 0.718809 0.0890852 0.249157
1 0.409579 0.488917 0.0510755 0.158475
1 0.13517 0.510857 0.0720159 0.165694
2 0.315495 0.301248 0.0539287 0.198108
1 0.299556 0.494115 0.0487126 0.148446
0 0.0478232 0.596525 0.0948923 0.198017
1 0.808513 0.419026 0.0611607 0.123989
1 0.341788 0.426084 0.0500439 0.115601
1 0.645507 0.419299 0.046131 0.112639
1 0.369742 0.541547 0.0717727 0.110033
0 0.68194 0.471733 0.0560581 0.140583
1 0.0276549 0.448106 0.0552845 0.101389
0 0.892907 0.400967 0.050235 0.111013
1 0.714377 0.553692 0.0593342 0.166941
2 0.467527 0.414942 0.0606261 0.248909
1 0.0473319 0.59585 0.0941061 0.194971
2 0.468294 0.482792 0.0622684 0.385582
1 0.0951685 0.435613 0.0507844 0.119019
1 0.183848 0.457848 0.0444128 0.11831
0 0.954456 0.431159 0.0690746 0.0835303
