2 0.45156 0.650545 0.139833 0.69891
1 0.19759 0.503751 0.0875158 0.18666
1 0.102599 0.490732 0.0885816 0.171057
2 0.309069 0.481772 0.0857587 0.311196
0 0.898855 0.691697 0.168526 0.235044
1 0.911339 0.503856 0.113661 0.15093
0 0.73537 0.671527 0.116786 0.182062
1 0.125146 0.32657 0.0655639 0.12452
1 0.672082 0.376068 0.0423969 0.131662
1 0.534641 0.391737 0.0458188 0.135293
1 0.383269 0.376412 0.0520915 0.13584
0 0.764108 0.518697 0.108466 0.14999
1 0.707266 0.340134 0.0389269 0.114742
1 0.344005 0.26925 0.0464693 0.106962
0 0.57297 0.491414 0.0624086 0.167233
1 0.547293 0.274873 0.0406579 0.0955998
1 0.580817 0.358305 0.0417213 0.111493
1 0.268474 0.311809 0.0427591 0.0804391
0 0.630344 0.428279 0.0605124 0.135637
1 0.625431 0.318459 0.0452122 0.0960359
1 0.81855 0.418472 0.0578911 0.101298
1 0.572709 0.495006 0.0636698 0.165142
1 0.762908 0.519805 0.109374 0.151731
0 0.0314002 0.377854 0.0618116 0.111235
1 0.744093 0.317089 0.0427935 0.110544
1 0.668384 0.279832 0.0364357 0.0830032
1 0.819183 0.440454 0.0588119 0.144161
