0 0.719164 0.68478 0.122549 0.216063
0 0.890395 0.69876 0.147029 0.229475
2 0.179198 0.567074 0.122279 0.689073
1 0.565445 0.493975 0.0769598 0.168351
1 0.388189 0.384669 0.0752427 0.132918
1 0.773389 0.513952 0.0968478 0.16484
1 0.304022 0.422356 0.0835569 0.139821
1 0.341439 0.279118 0.0505908 0.0966679
1 0.472109 0.579819 0.100882 0.201224
1 0.349565 0.563047 0.109714 0.180205
2 0.703661 0.383416 0.0622214 0.394853
1 0.462271 0.345737 0.0593031 0.114935
1 0.589328 0.348619 0.0407704 0.121148
1 0.269361 0.311892 0.0507174 0.0899438
0 0.631448 0.423194 0.0609425 0.147429
0 0.913467 0.498481 0.110715 0.17973
1 0.535128 0.37583 0.0515419 0.091115
4 0.0115379 0.463383 0.0229769 0.18585
0 0.471869 0.579824 0.0992228 0.202196
0 0.632799 0.322066 0.0456585 0.112148
0 0.548866 0.28525 0.0394919 0.0882959
1 0.515471 0.309246 0.0375135 0.0938334
1 0.631715 0.430603 0.064054 0.133981
