2 0.516078 0.613716 0.121862 0.717619
0 0.885323 0.70207 0.152109 0.227014
1 0.103012 0.48815 0.0929697 0.185335
1 0.34399 0.560478 0.105194 0.184011
0 0.725957 0.682329 0.123994 0.206058
1 0.201281 0.510087 0.0869159 0.169086
1 0.390541 0.383214 0.0765155 0.136058
1 0.302311 0.427346 0.081688 0.133216
1 0.911847 0.503086 0.115657 0.185172
0 0.776692 0.529137 0.0974883 0.169668
1 0.669034 0.361614 0.0591967 0.168957
1 0.125938 0.326014 0.0609919 0.119776
1 0.341253 0.275364 0.0505395 0.0970571
1 0.745853 0.322735 0.042836 0.11545
1 0.270227 0.316912 0.0482515 0.083001
1 0.223155 0.297442 0.0403336 0.0816217
0 0.0282277 0.37448 0.0560388 0.102963
1 0.595313 0.343817 0.0569157 0.193289
1 0.458972 0.329018 0.0454516 0.124356
1 0.779099 0.529772 0.0979203 0.177533
1 0.810426 0.406479 0.0492907 0.0892944
1 0.284819 0.249453 0.0420208 0.0739216
0 0.0120752 0.45305 0.0241504 0.21805
1 0.709197 0.336188 0.0318857 0.122381
