2 0.462922 0.651349 0.127211 0.697302
1 0.338286 0.556372 0.0876057 0.187424
0 0.881024 0.707175 0.154879 0.22313
1 0.102987 0.489661 0.0938793 0.181387
0 0.723734 0.677538 0.122053 0.198783
2 0.597214 0.567016 0.0875649 0.643948
1 0.670289 0.368529 0.0531376 0.155409
1 0.384315 0.383811 0.0618129 0.129556
1 0.914051 0.509477 0.106813 0.199163
1 0.302695 0.424219 0.0791948 0.134601
1 0.202307 0.508089 0.0866949 0.174387
0 0.775185 0.529788 0.100358 0.172863
1 0.340963 0.274734 0.0496724 0.0985674
1 0.534961 0.40337 0.0495366 0.14137
1 0.745521 0.320452 0.0432655 0.118452
1 0.186385 0.341738 0.045417 0.108345
1 0.267679 0.316763 0.0482083 0.0868192
0 0.124468 0.328747 0.0603998 0.120407
0 0.0290196 0.373916 0.057644 0.102659
1 0.777305 0.530259 0.10175 0.179613
1 0.1248 0.32841 0.0627641 0.117897
0 0.201287 0.506855 0.0871681 0.173212
1 0.810039 0.405302 0.0468513 0.0888772
