1 0.157674 0.638195 0.0802516 0.217093
2 0.502018 0.668673 0.140028 0.492894
0 0.182852 0.877335 0.102505 0.234671
0 0.0690244 0.694442 0.0932745 0.204472
1 0.834553 0.914143 0.142689 0.170612
1 0.283106 0.74268 0.112084 0.299413
0 0.363259 0.573516 0.073429 0.221777
1 0.81516 0.740174 0.0860973 0.165425
0 0.626753 0.834957 0.0977717 0.159749
0 0.0384901 0.529406 0.0767348 0.153351
0 0.231386 0.552552 0.0724587 0.189911
1 0.730364 0.746747 0.0814968 0.260019
4 0.28299 0.742745 0.112491 0.301765
4 0.0803709 0.911596 0.108644 0.176808
0 0.730846 0.739421 0.0794123 0.244125
0 0.0816657 0.911221 0.102733 0.177559
