2 0.277052 0.323238 0.069203 0.180863
0 0.884083 0.688536 0.108666 0.164323
0 0.709722 0.636053 0.0924786 0.155265
1 0.102645 0.4456 0.0516835 0.0822427
0 0.787839 0.536971 0.0592901 0.0953791
0 0.854211 0.463929 0.0605618 0.0929333
0 0.424905 0.608242 0.0770143 0.105648
1 0.909527 0.347008 0.0368109 0.0562784
1 0.526473 0.449835 0.0476624 0.0748839
1 0.433756 0.430823 0.042495 0.0710494
1 0.783204 0.281958 0.0323537 0.0552019
1 0.338093 0.355443 0.0405434 0.0550123
1 0.61432 0.406351 0.0414676 0.0700547
1 0.637667 0.318471 0.0300291 0.0538536
0 0.211979 0.345257 0.0416449 0.0664382
0 0.290139 0.557202 0.0726733 0.103284
1 0.242429 0.417785 0.0437477 0.0652419
0 0.18811 0.48787 0.0616317 0.0904173
0 0.937397 0.556558 0.0662949 0.104475
1 0.743124 0.307927 0.0298616 0.0497696
0 0.574922 0.371265 0.0396971 0.0670223
1 0.545003 0.283964 0.0285224 0.0493332
0 0.973355 0.491414 0.0515295 0.0809505
1 0.676139 0.353725 0.0359043 0.0669869
0 0.504752 0.392257 0.0401988 0.0643122
0 0.164679 0.332566 0.0402822 0.0667155
1 0.712825 0.282552 0.0328337 0.0519647
1 0.430005 0.364964 0.0384018 0.0565324
0 0.880868 0.398651 0.0441572 0.0646982
0 0.605623 0.308582 0.0302921 0.0472497
1 0.567194 0.315327 0.0302227 0.0430913
1 0.592856 0.272817 0.0292099 0.0450372
0 0.714527 0.339006 0.0370832 0.0621599
0 0.334152 0.42499 0.0524337 0.0763291
1 0.164729 0.331708 0.040315 0.0669289
1 0.423698 0.283806 0.0302965 0.048327
0 0.36686 0.31471 0.0338568 0.0520686
1 0.333183 0.424329 0.0511132 0.0765697
1 0.986167 0.414152 0.0275934 0.076851
0 0.0664867 0.380446 0.0396823 0.0610046
