4 0.210943 0.493352 0.0720444 0.203925
0 0.759617 0.62637 0.0905989 0.219797
4 0.372853 0.54223 0.0829761 0.197274
0 0.499275 0.560034 0.0692148 0.267687
4 0.133924 0.459097 0.0625118 0.188642
4 0.912433 0.642889 0.111798 0.300191
1 0.633307 0.411354 0.0562562 0.167694
0 0.449983 0.347148 0.0698031 0.106714
1 0.580577 0.346381 0.0461826 0.121706
1 0.358884 0.374576 0.0627187 0.125757
1 0.673287 0.376268 0.0382271 0.128082
0 0.296404 0.439755 0.0828038 0.151167
1 0.704107 0.33274 0.0394101 0.129341
1 0.743252 0.310922 0.0475655 0.123216
0 0.173461 0.313596 0.0588723 0.117564
4 0.0198296 0.452521 0.0396268 0.193501
4 0.0857192 0.398811 0.0517174 0.13237
1 0.555665 0.492072 0.0631881 0.193271
1 0.784131 0.467401 0.0767915 0.109192
0 0.28746 0.237852 0.0706654 0.110342
0 0.782645 0.465658 0.0767662 0.109081
4 0.297823 0.437508 0.0800427 0.14805
0 0.260518 0.323188 0.0539843 0.0971602
