2 0.48161 0.637847 0.128228 0.504664
2 0.343342 0.692418 0.162419 0.416612
1 0.19166 0.455017 0.0517891 0.0768579
1 0.117153 0.417158 0.0486139 0.0818842
1 0.62731 0.55758 0.0669564 0.0995856
1 0.677416 0.434447 0.0483393 0.0732431
1 0.760542 0.522 0.0605214 0.0938727
1 0.510685 0.30697 0.0358494 0.061903
1 0.456558 0.350773 0.043145 0.0615666
1 0.0592102 0.379045 0.0463139 0.0749928
1 0.312379 0.426208 0.045433 0.0750867
1 0.359591 0.382948 0.0417328 0.0653825
1 0.0282604 0.731905 0.0565208 0.146342
1 0.8632 0.520513 0.0664457 0.107342
1 0.575723 0.477948 0.0502748 0.0854716
1 0.956002 0.446036 0.0514626 0.0861364
1 0.803651 0.419902 0.0407129 0.0648101
1 0.170087 0.370079 0.0399127 0.0597478
1 0.045926 0.300979 0.040811 0.0640423
1 0.593992 0.34576 0.0364925 0.0593257
1 0.867554 0.390686 0.0444756 0.0765634
1 0.233238 0.405522 0.0423383 0.0661771
1 0.220571 0.281953 0.0330968 0.0540194
1 0.103047 0.322357 0.0370157 0.0626651
1 0.763675 0.343696 0.0383316 0.0705251
1 0.276644 0.305963 0.0336105 0.0514782
1 0.668486 0.326483 0.036993 0.0631844
1 0.141761 0.297103 0.0339168 0.0641851
1 0.538638 0.407177 0.0410366 0.0718503
1 0.363674 0.329408 0.0350822 0.0499158
0 0.708124 0.354382 0.0441422 0.0647535
0 0.264344 0.358234 0.0382867 0.0669659
1 0.184821 0.323103 0.0344505 0.0538555
1 0.595332 0.298971 0.0301813 0.0424651
1 0.708448 0.353366 0.0456219 0.0665583
1 0.264399 0.359901 0.0378675 0.0652901
