0 0.488989 0.584999 0.0747553 0.219831
0 0.823055 0.765711 0.125143 0.345305
0 0.311025 0.790428 0.151273 0.410853
1 0.912458 0.522509 0.0828476 0.158241
0 0.622078 0.483553 0.0429779 0.113535
0 0.66189 0.77262 0.136849 0.403201
0 0.120629 0.541945 0.0539235 0.190799
0 0.814676 0.523846 0.056525 0.111431
0 0.204688 0.62312 0.0636011 0.336033
0 0.663697 0.500763 0.0374167 0.0969536
0 0.768517 0.516363 0.0399729 0.130183
0 0.730836 0.468893 0.0398165 0.108575
2 0.316144 0.454846 0.102417 0.227086
0 0.407042 0.518058 0.0477088 0.168375
0 0.543113 0.489116 0.0368355 0.130465
