0 0.100518 0.608829 0.0730526 0.164261
1 0.262918 0.765781 0.103245 0.394398
0 0.96396 0.622231 0.0712448 0.222423
0 0.0286352 0.757054 0.0572704 0.340781
1 0.691551 0.566399 0.058905 0.176871
1 0.886912 0.755493 0.114666 0.430707
1 0.215523 0.589148 0.0502938 0.143629
0 0.758749 0.54409 0.0453378 0.146554
0 0.370063 0.618732 0.0556121 0.247872
0 0.886557 0.755601 0.112596 0.427894
0 0.869495 0.450646 0.0607563 0.138711
0 0.319324 0.637641 0.0514803 0.185317
4 0.808572 0.57195 0.0475009 0.173982
1 0.550563 0.547317 0.040991 0.14998
0 0.619138 0.718265 0.104052 0.291557
1 0.0307002 0.752807 0.0614004 0.331634
