1 0.878477 0.762741 0.127827 0.448433
1 0.271748 0.76316 0.11459 0.373139
2 0.644293 0.564738 0.0686787 0.353457
1 0.387305 0.617115 0.0554727 0.275466
1 0.557392 0.752173 0.0879597 0.390563
1 0.103568 0.546578 0.0535557 0.169478
2 0.584696 0.4546 0.0471843 0.180636
1 0.0529608 0.601949 0.0595217 0.216626
1 0.966217 0.603335 0.0673347 0.229521
1 0.218031 0.592943 0.0531159 0.154259
1 0.770606 0.538182 0.0484264 0.133255
1 0.818674 0.549737 0.0468748 0.139401
1 0.332902 0.630545 0.0543451 0.168896
1 0.0198329 0.786453 0.039572 0.400933
1 0.510473 0.521738 0.0292524 0.118445
0 0.0167822 0.784765 0.0335644 0.39548
