1 0.56335 0.637568 0.0406572 0.0550555
1 0.23263 0.780259 0.0506034 0.0722305
1 0.113261 0.782979 0.0526615 0.0768753
2 0.442365 0.546914 0.0452463 0.100586
1 0.035529 0.640975 0.0429823 0.0545859
1 0.401627 0.838144 0.0590456 0.0610074
1 0.621328 0.739711 0.0464977 0.0675535
2 0.344367 0.68004 0.0800848 0.216856
1 0.483948 0.64089 0.0378441 0.0477201
1 0.124175 0.706237 0.0451149 0.0600815
1 0.217416 0.699211 0.0399337 0.0494451
0 0.718757 0.757152 0.0538738 0.0821143
1 0.56048 0.713334 0.0428585 0.0580584
1 0.664437 0.710091 0.0402064 0.0582057
1 0.501425 0.697975 0.0389402 0.0493324
1 0.219476 0.658542 0.0330309 0.0394447
1 0.515179 0.624475 0.0326401 0.0489512
0 0.360745 0.763899 0.0513076 0.0794492
1 0.292851 0.604568 0.0276194 0.0378498
