2 0.233431 0.487732 0.0521781 0.23057
1 0.0531239 0.779049 0.106248 0.406819
1 0.913591 0.762124 0.126827 0.435354
1 0.590526 0.751371 0.0838155 0.396807
1 0.281523 0.7858 0.0869946 0.389264
2 0.319964 0.503775 0.0411062 0.197235
2 0.588615 0.477164 0.0398015 0.14581
1 0.790272 0.538404 0.0467667 0.138343
2 0.653519 0.494381 0.0353899 0.200544
2 0.721763 0.470119 0.0482161 0.228329
1 0.838185 0.563912 0.0463455 0.165397
1 0.977565 0.609671 0.0448708 0.179096
2 0.367919 0.485505 0.0359152 0.165701
1 0.684369 0.601503 0.047002 0.241982
1 0.361253 0.655921 0.0636913 0.215821
1 0.54588 0.567654 0.0425631 0.196899
2 0.278092 0.488145 0.0319376 0.144575
1 0.0175104 0.496815 0.0350207 0.171152
