4 0.47019 0.505293 0.0802094 0.180438
4 0.962384 0.596449 0.0752316 0.204838
4 0.221862 0.469615 0.0956858 0.141406
4 0.385942 0.426476 0.0570266 0.112448
4 0.833753 0.566399 0.104069 0.203616
4 0.532849 0.423368 0.0485471 0.135595
4 0.578598 0.530598 0.0765366 0.155681
4 0.0930966 0.449015 0.0717317 0.138659
4 0.638099 0.467268 0.0550706 0.128574
4 0.673537 0.405576 0.051923 0.111116
4 0.235302 0.356085 0.0501591 0.0749509
4 0.825642 0.340684 0.0508539 0.0770904
4 0.0256236 0.444994 0.0511306 0.124199
4 0.173862 0.384378 0.0488227 0.101532
4 0.345467 0.310146 0.0403631 0.0670833
4 0.589706 0.388232 0.0438789 0.107392
4 0.316037 0.487897 0.0645959 0.136012
4 0.315252 0.383546 0.0583556 0.0670054
1 0.542178 0.29644 0.033297 0.0910513
4 0.817145 0.428142 0.0644387 0.0732884
4 0.386282 0.284543 0.0324677 0.0861215
4 0.961098 0.449137 0.0755528 0.0926349
4 0.445899 0.372702 0.0421781 0.0821938
4 0.920337 0.413712 0.0598595 0.101304
4 0.887302 0.294047 0.0409515 0.0754216
4 0.647435 0.311575 0.0321099 0.071774
2 0.592994 0.258802 0.04195 0.152396
4 0.897426 0.338226 0.0355709 0.075929
1 0.508064 0.31068 0.0287846 0.0886343
4 0.440347 0.376202 0.0450611 0.0925764
4 0.730127 0.333299 0.0362669 0.0869856
4 0.481586 0.350823 0.0359632 0.0892378
4 0.424938 0.274911 0.0336008 0.075366
