4 0.962435 0.606536 0.0751299 0.188425
2 0.668228 0.634735 0.107088 0.666701
4 0.211811 0.485308 0.0918439 0.120245
4 0.955143 0.462784 0.0745171 0.0992212
4 0.025131 0.446897 0.0500063 0.12245
4 0.238867 0.363103 0.0495725 0.0944328
4 0.0928989 0.44951 0.0669574 0.133884
1 0.850398 0.476162 0.0640368 0.174607
1 0.541827 0.29639 0.0354509 0.0918026
1 0.48331 0.505492 0.0705606 0.178195
1 0.30984 0.483513 0.0616736 0.138345
4 0.574262 0.520165 0.0573543 0.184458
4 0.309872 0.484428 0.0653711 0.139414
1 0.828776 0.335642 0.0392546 0.0679919
4 0.173111 0.388682 0.0553461 0.0978756
1 0.475509 0.346852 0.0358164 0.0930486
1 0.344635 0.31031 0.0361688 0.069343
4 0.436252 0.375761 0.0420935 0.0926056
4 0.381756 0.427464 0.0584783 0.105677
1 0.385285 0.283297 0.0347859 0.0807022
1 0.174948 0.387343 0.0538498 0.0960762
1 0.426437 0.28026 0.0316113 0.0758964
0 0.382212 0.427937 0.0596752 0.107962
4 0.8509 0.47542 0.0602879 0.166773
1 0.505281 0.312289 0.0314041 0.0942959
1 0.888917 0.284404 0.0430314 0.0691022
1 0.731677 0.332038 0.0317087 0.0782329
1 0.782755 0.488336 0.0709669 0.290635
1 0.571026 0.278502 0.0321144 0.0884155
4 0.183727 0.454417 0.0650102 0.110506
1 0.310088 0.381025 0.0489292 0.0595474
1 0.598889 0.374696 0.0380013 0.107275
