4 0.963593 0.587456 0.0727745 0.22672
4 0.834169 0.560352 0.109571 0.180142
4 0.585627 0.538996 0.0850868 0.165088
4 0.548758 0.430881 0.0483452 0.100796
2 0.721654 0.447857 0.0465588 0.383313
4 0.235643 0.352321 0.043354 0.104798
2 0.506626 0.353428 0.0581958 0.212774
4 0.0231586 0.436845 0.0463171 0.136893
4 0.641351 0.458778 0.0505833 0.121346
4 0.212568 0.483206 0.0881274 0.127001
4 0.090382 0.450392 0.0675205 0.117168
4 0.920052 0.414959 0.0496059 0.115211
4 0.476351 0.516724 0.0746649 0.153309
4 0.30521 0.490764 0.0754381 0.148484
4 0.178214 0.389065 0.0545008 0.0946838
2 0.459667 0.32569 0.0349779 0.181664
0 0.475559 0.514901 0.0755841 0.15307
1 0.305115 0.322311 0.0418419 0.0610724
4 0.391795 0.43256 0.0571417 0.0993212
4 0.813876 0.395777 0.0580708 0.0786173
4 0.105772 0.361073 0.0551734 0.0893025
4 0.638641 0.328018 0.036529 0.10048
4 0.866237 0.29372 0.0319828 0.0785318
1 0.348323 0.301534 0.0350642 0.0713418
1 0.392798 0.43158 0.0555027 0.0962338
1 0.310382 0.381681 0.0550189 0.0663094
1 0.305222 0.488393 0.073031 0.144946
4 0.416704 0.340343 0.0371674 0.0847737
4 0.59613 0.344855 0.0448513 0.0990228
4 0.821745 0.327512 0.0455744 0.0584657
1 0.371631 0.360963 0.0400652 0.0794829
1 0.416593 0.339452 0.0369505 0.0897126
1 0.638389 0.329495 0.037151 0.0956341
