1 0.389697 0.431194 0.0567493 0.11174
0 0.605625 0.543958 0.0712069 0.145367
1 0.097144 0.447159 0.0645736 0.135962
1 0.300844 0.50056 0.0735425 0.129267
4 0.842907 0.571531 0.106196 0.187148
4 0.503685 0.742175 0.136694 0.515651
1 0.549618 0.423341 0.0516101 0.118658
1 0.482011 0.354447 0.036163 0.0873879
1 0.511193 0.313511 0.0266699 0.0812987
3 0.209552 0.490452 0.0944942 0.117249
4 0.0267602 0.437851 0.0532177 0.146276
1 0.44079 0.371546 0.038559 0.110372
4 0.921249 0.423242 0.0576134 0.108083
4 0.961682 0.585282 0.0766359 0.261606
1 0.304946 0.395288 0.0544912 0.0790126
1 0.238936 0.365351 0.0507559 0.0952532
1 0.68673 0.403983 0.05023 0.112515
4 0.38718 0.283344 0.035322 0.0825464
0 0.685601 0.402774 0.0509304 0.109893
1 0.385789 0.283456 0.0344229 0.0840671
0 0.347021 0.311422 0.0375264 0.0674856
3 0.843225 0.567086 0.10994 0.182012
1 0.586606 0.385953 0.0434654 0.114866
1 0.305207 0.324816 0.0393593 0.064936
4 0.0974923 0.444139 0.0653336 0.134261
1 0.644934 0.464221 0.047268 0.11506
1 0.640626 0.314618 0.0293986 0.090781
0 0.209331 0.490901 0.0948085 0.118778
4 0.174282 0.39422 0.0613567 0.0959837
4 0.721409 0.336606 0.0494349 0.0960041
1 0.453643 0.292518 0.027223 0.0661363
0 0.174415 0.393527 0.0581951 0.0941249
1 0.411325 0.33382 0.0299776 0.0823846
0 0.643749 0.460274 0.0488846 0.109483
1 0.541239 0.300656 0.0280259 0.0814275
