0 0.807212 0.535896 0.0583138 0.102153
1 0.715984 0.598382 0.0758085 0.125286
0 0.300023 0.429742 0.0490301 0.072516
2 0.0610181 0.368018 0.0762534 0.170445
1 0.308301 0.510896 0.0523596 0.0872343
1 0.912854 0.346207 0.0353178 0.0618557
0 0.940451 0.65836 0.0883701 0.129089
0 0.940026 0.546063 0.0748091 0.0915651
1 0.784214 0.28609 0.0324814 0.0510829
0 0.979727 0.469057 0.0403765 0.0775814
1 0.68144 0.346899 0.0336218 0.0584489
0 0.409041 0.466052 0.0563212 0.0838862
0 0.164223 0.330485 0.0427681 0.0719656
1 0.635497 0.336287 0.0328383 0.0520631
0 0.233277 0.413348 0.0446137 0.0694054
0 0.260778 0.331201 0.0340372 0.0568391
0 0.612548 0.418425 0.0464297 0.078673
0 0.0940749 0.478084 0.0544329 0.0859806
1 0.615575 0.288661 0.0259222 0.0438052
1 0.541236 0.279199 0.0277203 0.0496607
1 0.591134 0.274773 0.0256596 0.042622
1 0.860979 0.437929 0.0513218 0.0843916
0 0.454433 0.570894 0.0884264 0.166332
0 0.217451 0.338375 0.0375123 0.0625763
1 0.514692 0.380489 0.0415014 0.0642237
1 0.435119 0.361652 0.035157 0.0597228
1 0.714276 0.282961 0.0310425 0.0517827
0 0.667372 0.304125 0.0319258 0.0548421
0 0.749569 0.320852 0.0336103 0.0552418
0 0.189859 0.486244 0.0577366 0.0888558
1 0.581128 0.356457 0.0331509 0.0587704
1 0.425535 0.277852 0.0290461 0.0502017
0 0.317102 0.305573 0.0318212 0.0482979
1 0.716812 0.342489 0.0295763 0.0544117
0 0.115714 0.392786 0.0448008 0.0715448
1 0.539191 0.464002 0.0517023 0.0981666
1 0.350079 0.352926 0.0371996 0.058924
0 0.00977055 0.423048 0.0195411 0.0883343
1 0.98913 0.396114 0.0217207 0.0651324
1 0.493607 0.311442 0.033182 0.0505633
0 0.319402 0.340202 0.0346451 0.0497128
0 0.538967 0.464293 0.0515028 0.0967733
0 0.368318 0.304302 0.0327226 0.048115
0 0.717809 0.340272 0.0317068 0.055261
