1 0.336778 0.572131 0.0736587 0.139428
1 0.501762 0.61929 0.08333 0.140246
1 0.0925485 0.495869 0.0594193 0.123298
1 0.824812 0.703126 0.114088 0.173121
1 0.147162 0.530451 0.0591081 0.118785
2 0.175342 0.428651 0.0495755 0.180343
1 0.567237 0.545432 0.0495825 0.0947771
0 0.663439 0.586595 0.0486068 0.117012
1 0.413297 0.531324 0.0591236 0.115034
1 0.603008 0.654871 0.0775555 0.160238
1 0.613544 0.514222 0.0426633 0.102883
2 0.277956 0.427427 0.0512341 0.203155
1 0.558867 0.430588 0.0304569 0.0871961
1 0.477406 0.493171 0.0498739 0.0937839
1 0.592113 0.422673 0.0340586 0.0743878
1 0.773685 0.428795 0.0354048 0.0901291
1 0.944367 0.513745 0.0511414 0.0922133
1 0.742056 0.471181 0.0376675 0.091451
1 0.361732 0.419884 0.0455036 0.0749442
1 0.675993 0.431554 0.041324 0.0803119
1 0.255215 0.559449 0.0668527 0.129874
1 0.528077 0.471435 0.0362955 0.0770338
4 0.963827 0.72353 0.0723463 0.166556
1 0.971379 0.588274 0.0570618 0.106054
1 0.406912 0.404505 0.0348278 0.0660975
1 0.858243 0.468737 0.0454837 0.0604806
1 0.445448 0.390137 0.0285183 0.0592857
1 0.716254 0.410652 0.0338888 0.0781577
1 0.702492 0.526071 0.0456253 0.102166
1 0.477776 0.392386 0.0266427 0.0581438
