1 0.316704 0.668302 0.0834976 0.181773
2 0.51719 0.344949 0.0641584 0.431273
1 0.890953 0.588547 0.0772385 0.151585
1 0.86637 0.757368 0.086694 0.140571
1 0.328311 0.526513 0.100605 0.108088
1 0.244384 0.81772 0.102251 0.21235
1 0.439766 0.80234 0.112349 0.206852
1 0.0478441 0.654685 0.0819276 0.193117
1 0.802765 0.674758 0.0807559 0.167302
1 0.976927 0.793084 0.0461227 0.214649
1 0.950141 0.679224 0.0659088 0.127429
1 0.719108 0.498876 0.0575281 0.144406
3 0.114876 0.502418 0.0955271 0.295527
1 0.758879 0.570662 0.0662182 0.165912
1 0.432689 0.637363 0.08914 0.122393
1 0.373552 0.419197 0.0617444 0.117482
4 0.842767 0.487211 0.0683237 0.139982
