4 0.794221 0.841577 0.0922725 0.149943
4 0.691841 0.807759 0.0771643 0.150469
4 0.737085 0.679002 0.0696315 0.117703
4 0.554334 0.584647 0.05275 0.0889667
2 0.173186 0.743878 0.138959 0.437075
1 0.796647 0.555532 0.0562634 0.0830444
4 0.497552 0.652756 0.0608337 0.101417
1 0.51421 0.498984 0.0369003 0.0750902
4 0.398498 0.571399 0.0535889 0.0858892
1 0.464688 0.487751 0.0405783 0.0737007
1 0.558223 0.480505 0.038859 0.0732969
1 0.704742 0.503306 0.0419381 0.0723295
3 0.614738 0.620506 0.0710438 0.194177
4 0.860426 0.705388 0.088652 0.140381
1 0.44189 0.535749 0.0416042 0.0734899
4 0.339287 0.605069 0.0562164 0.0988875
4 0.273464 0.600303 0.0532354 0.103057
4 0.879158 0.494717 0.0560232 0.0550901
4 0.403402 0.733295 0.0808232 0.130515
4 0.882214 0.547816 0.0535774 0.0619398
1 0.0416162 0.812992 0.0808333 0.167531
