1 0.115928 0.545964 0.0639977 0.186727
2 0.481563 0.297051 0.0846731 0.219895
1 0.307605 0.667666 0.0803761 0.177411
1 0.925532 0.682541 0.070116 0.140353
1 0.844443 0.752992 0.0915082 0.153657
1 0.442356 0.80622 0.0915649 0.196265
0 0.833952 0.497276 0.0679336 0.155031
1 0.971247 0.800605 0.0573309 0.227525
1 0.215747 0.429302 0.0646929 0.130951
3 0.756643 0.557689 0.0761701 0.12845
1 0.244974 0.805844 0.113264 0.247774
1 0.787239 0.677082 0.0707664 0.15043
1 0.449078 0.645113 0.101642 0.125728
1 0.0350221 0.640784 0.0700442 0.204963
1 0.32672 0.531268 0.0797606 0.111225
1 0.365172 0.417896 0.0568904 0.116893
0 0.715111 0.505701 0.0550498 0.126504
0 0.1672 0.475068 0.0551428 0.145882
3 0.440948 0.550945 0.104693 0.108029
1 0.0606795 0.462801 0.058233 0.131718
1 0.111593 0.401585 0.047272 0.0955843
1 0.68256 0.431285 0.0575441 0.108094
1 0.168704 0.476517 0.0588005 0.139755
4 0.0599617 0.463523 0.055432 0.13135
0 0.683012 0.430724 0.0601168 0.109041
