2 0.651146 0.614516 0.137497 0.627957
1 0.113819 0.552216 0.0672762 0.174676
0 0.22974 0.8135 0.0971588 0.220932
0 0.299733 0.674271 0.0817666 0.192059
0 0.838428 0.497191 0.0710875 0.152454
0 0.843521 0.762251 0.0858284 0.143925
0 0.107895 0.408294 0.0568755 0.104045
1 0.410378 0.8143 0.0941187 0.208759
1 0.219579 0.432293 0.0608764 0.116527
1 0.762136 0.573574 0.0839708 0.168161
1 0.0398859 0.652443 0.0790659 0.181185
1 0.430083 0.651796 0.0945188 0.142107
1 0.370389 0.418909 0.06295 0.120122
0 0.0553864 0.477082 0.06139 0.127734
1 0.322508 0.531461 0.087788 0.107107
0 0.17446 0.49021 0.0594828 0.140095
1 0.933144 0.674954 0.073811 0.140386
1 0.969011 0.795344 0.0619778 0.235959
0 0.969398 0.794323 0.0611046 0.232953
1 0.175093 0.490449 0.0578563 0.142678
0 0.898933 0.557323 0.0728466 0.107893
1 0.7916 0.426074 0.0567726 0.105725
4 0.0396771 0.654482 0.0787631 0.184565
