2 0.59087 0.600119 0.110666 0.616384
1 0.108992 0.550036 0.0647567 0.164548
0 0.168192 0.49536 0.0633493 0.136702
0 0.83611 0.505049 0.0619095 0.143379
1 0.840026 0.765791 0.101155 0.147882
0 0.749821 0.58572 0.070575 0.173965
1 0.0545665 0.657951 0.0752416 0.194198
1 0.431153 0.810536 0.100686 0.201207
1 0.940672 0.677772 0.0770008 0.133946
1 0.789951 0.438239 0.0693757 0.118427
0 0.225217 0.442117 0.0635316 0.120794
1 0.442766 0.539907 0.0988241 0.0928524
1 0.441873 0.644435 0.100603 0.124184
1 0.388596 0.431133 0.0634518 0.104035
0 0.974725 0.799948 0.0502949 0.195504
0 0.39017 0.429686 0.0633492 0.102963
4 0.0632833 0.471434 0.051624 0.118141
1 0.97496 0.799744 0.0499258 0.199253
0 0.890182 0.580266 0.064304 0.158917
0 0.12005 0.417858 0.0439296 0.0849552
1 0.750777 0.586227 0.0704116 0.173734
0 0.892046 0.553815 0.0697744 0.10925
