3 0.227889 0.428107 0.0840038 0.156559
1 0.110389 0.543736 0.0584788 0.176982
1 0.793524 0.429178 0.0647913 0.120451
1 0.755748 0.574702 0.070289 0.166069
3 0.265135 0.743583 0.123493 0.334787
2 0.639657 0.344766 0.101208 0.423988
3 0.358631 0.465731 0.12409 0.231164
1 0.157867 0.477606 0.0567068 0.144731
3 0.0543225 0.430716 0.0665759 0.116884
3 0.929497 0.626101 0.0937023 0.262372
3 0.877109 0.62286 0.174562 0.257742
3 0.359588 0.429473 0.125937 0.159845
3 0.700636 0.391295 0.0603821 0.170244
1 0.8457 0.490872 0.0673679 0.131023
3 0.456015 0.411205 0.133681 0.125074
3 0.434916 0.503145 0.0956011 0.20048
1 0.721906 0.495906 0.0542631 0.1438
3 0.908045 0.628246 0.112374 0.246179
