2 0.556889 0.336772 0.0897814 0.43133
3 0.705314 0.440986 0.182346 0.301701
3 0.220033 0.427601 0.0830993 0.190432
3 0.671075 0.500091 0.124334 0.419901
3 0.0344975 0.525928 0.0689951 0.309426
1 0.968497 0.715721 0.0630062 0.253469
3 0.823211 0.553566 0.166688 0.414134
3 0.857655 0.455767 0.0616072 0.28097
3 0.770483 0.509381 0.0977206 0.293473
1 0.899773 0.561691 0.0694113 0.149119
3 0.782242 0.344759 0.0694184 0.195055
3 0.784015 0.555645 0.0814491 0.411566
3 0.0846845 0.473088 0.091815 0.304557
3 0.966784 0.715995 0.0664312 0.255575
3 0.748988 0.46416 0.133957 0.337206
3 0.85395 0.706507 0.144188 0.275745
3 0.374591 0.354591 0.11383 0.231053
3 0.0487805 0.523327 0.0972209 0.343996
