0 0.701203 0.856204 0.118972 0.145878
0 0.195718 0.712929 0.0848086 0.1049
0 0.845438 0.881 0.134109 0.172772
0 0.11342 0.675075 0.0845888 0.115974
0 0.381746 0.760741 0.103056 0.113841
0 0.501456 0.789981 0.093137 0.11666
0 0.248786 0.599873 0.0689875 0.100888
0 0.868468 0.741274 0.112572 0.111551
0 0.740313 0.725049 0.103025 0.108123
0 0.570032 0.676809 0.0799293 0.101322
2 0.361741 0.632618 0.0744016 0.315685
0 0.504437 0.504724 0.0571474 0.0711971
0 0.61551 0.606071 0.0555326 0.0856782
0 0.558653 0.48316 0.042608 0.0659808
1 0.669641 0.549938 0.0519598 0.0813626
0 0.897496 0.582031 0.0653423 0.0698866
4 0.85888 0.647915 0.0926598 0.0855819
1 0.768942 0.625444 0.0691542 0.101466
1 0.734328 0.486442 0.047711 0.0858168
0 0.0217122 0.825357 0.0434245 0.161502
1 0.600585 0.539021 0.0499582 0.0623953
0 0.437773 0.54513 0.0462289 0.067745
0 0.670974 0.550391 0.0518021 0.0814746
0 0.857162 0.649526 0.0904541 0.0866842
0 0.817003 0.51288 0.0523735 0.0640412
1 0.699821 0.503468 0.0363276 0.067202
4 0.489714 0.654399 0.0624986 0.107907
1 0.0216889 0.82334 0.0433779 0.159834
1 0.661806 0.475674 0.0404909 0.0647438
