3 0.385495 0.888518 0.172949 0.221261
3 0.0778744 0.626937 0.110689 0.231142
1 0.86756 0.864077 0.149345 0.259924
1 0.905883 0.577065 0.0624378 0.186851
2 0.43342 0.283838 0.0700354 0.314559
1 0.73007 0.484503 0.0658644 0.154329
3 0.868685 0.862498 0.150591 0.261929
1 0.0627066 0.439108 0.0646507 0.130633
3 0.189485 0.85811 0.168061 0.263034
1 0.227309 0.399366 0.0735377 0.154224
3 0.785112 0.526883 0.102844 0.119978
1 0.128126 0.402458 0.05992 0.103244
1 0.315531 0.626253 0.0851418 0.184565
3 0.317513 0.627221 0.0908984 0.193137
3 0.44271 0.714291 0.105244 0.127925
1 0.79212 0.647943 0.0808134 0.178703
3 0.470169 0.545924 0.0800863 0.173548
1 0.376264 0.395701 0.0429763 0.124464
3 0.0171803 0.5152 0.0340075 0.18536
1 0.442116 0.712909 0.100842 0.128115
3 0.135442 0.52883 0.0877538 0.156228
1 0.963762 0.672507 0.0653225 0.181614
3 0.345367 0.530636 0.0867044 0.187093
3 0.0626854 0.440371 0.0678478 0.131081
