1 0.382528 0.756501 0.106322 0.455062
1 0.840267 0.878038 0.128761 0.238663
1 0.182465 0.863131 0.112644 0.256418
1 0.848009 0.49579 0.0636009 0.171598
0 0.0742566 0.652506 0.0866844 0.223147
1 0.728468 0.493029 0.0691202 0.14355
0 0.776433 0.649486 0.111365 0.158502
0 0.965715 0.805218 0.0685692 0.208427
1 0.0575927 0.459813 0.0587583 0.135877
2 0.691923 0.26099 0.070771 0.256541
1 0.114548 0.413205 0.0521038 0.102525
1 0.235589 0.410017 0.0599564 0.142875
1 0.247934 0.741824 0.0657495 0.217946
1 0.179353 0.453288 0.0672469 0.161354
1 0.304722 0.640035 0.0654863 0.190836
1 0.0150744 0.526298 0.0301488 0.153521
1 0.353682 0.469141 0.052791 0.120323
1 0.900764 0.581325 0.0597868 0.169258
1 0.803513 0.424618 0.0514513 0.133104
1 0.385849 0.409991 0.0564054 0.126127
4 0.900797 0.581764 0.0595842 0.16805
1 0.307501 0.512857 0.06684 0.0826872
1 0.505773 0.432271 0.0462735 0.117229
