1 0.842679 0.875891 0.142509 0.244215
1 0.174674 0.871145 0.140168 0.243898
1 0.0707525 0.640573 0.10997 0.231974
1 0.0607225 0.445738 0.0694206 0.145816
1 0.842979 0.496909 0.0755112 0.17203
1 0.383934 0.752021 0.11064 0.441228
1 0.227004 0.398113 0.0686186 0.148044
1 0.731423 0.500897 0.0681261 0.133414
1 0.905902 0.593565 0.0609921 0.158321
1 0.171525 0.452164 0.071798 0.152346
1 0.303279 0.639349 0.0655241 0.205138
1 0.118537 0.41139 0.0438997 0.107254
1 0.385738 0.40053 0.0606348 0.143499
2 0.685558 0.263075 0.073066 0.260047
0 0.976871 0.791511 0.046064 0.249071
1 0.950283 0.695384 0.0550478 0.180842
1 0.0105906 0.507492 0.0211651 0.167204
