2 0.589159 0.354814 0.0847559 0.424082
1 0.178192 0.881589 0.137222 0.227517
1 0.0664553 0.451988 0.0631782 0.149721
1 0.867567 0.877888 0.12964 0.241045
1 0.225324 0.387607 0.0677346 0.151332
1 0.90417 0.572266 0.0595858 0.178274
1 0.841854 0.49713 0.0694645 0.168686
1 0.0612295 0.649048 0.0939181 0.227646
1 0.726515 0.492366 0.0727659 0.153264
1 0.314054 0.644971 0.080607 0.217091
1 0.957746 0.677722 0.057489 0.183549
1 0.439898 0.59716 0.0942461 0.114706
1 0.377937 0.899773 0.141125 0.199759
1 0.172451 0.468756 0.063594 0.145193
1 0.443504 0.72238 0.114948 0.134409
1 0.130127 0.552517 0.0676932 0.169575
1 0.0149002 0.514279 0.0298003 0.18906
1 0.254424 0.783406 0.0779829 0.291654
1 0.781682 0.652681 0.0831704 0.166903
1 0.129835 0.406905 0.0529793 0.108894
1 0.327702 0.345263 0.0645794 0.152827
