3 0.448216 0.612978 0.100833 0.152427
1 0.859255 0.877333 0.132372 0.233946
1 0.0670509 0.45213 0.0629244 0.149083
1 0.843718 0.497761 0.0700623 0.154932
1 0.896127 0.591573 0.063048 0.154245
1 0.226253 0.400312 0.0579612 0.139939
1 0.947055 0.674829 0.064222 0.169306
1 0.795496 0.660162 0.080765 0.179758
1 0.735065 0.488085 0.0745165 0.153968
1 0.378808 0.898349 0.147488 0.203302
2 0.718437 0.257269 0.0733042 0.240111
1 0.0165752 0.525092 0.0331504 0.189648
1 0.388569 0.406406 0.0565636 0.129993
1 0.246381 0.777078 0.0818942 0.271673
1 0.179904 0.457135 0.0626883 0.151168
1 0.321872 0.652452 0.0948079 0.223586
1 0.0822888 0.647755 0.0925106 0.224627
1 0.129101 0.402993 0.0468137 0.095991
3 0.494531 0.417796 0.0622938 0.127036
1 0.831471 0.364262 0.0633011 0.126768
1 0.702465 0.426592 0.0668581 0.123817
1 0.192014 0.866539 0.117757 0.24672
3 0.325715 0.651661 0.104318 0.220875
