2 0.617958 0.357251 0.0856306 0.433048
1 0.1765 0.858398 0.129491 0.268414
1 0.0662738 0.452973 0.065924 0.157465
1 0.376744 0.895206 0.141866 0.20909
1 0.0652177 0.660044 0.105989 0.246504
2 0.871876 0.462367 0.0726894 0.318919
1 0.863501 0.880848 0.14986 0.228587
3 0.455546 0.617078 0.112867 0.158152
1 0.807272 0.430055 0.0573973 0.141657
1 0.224916 0.403919 0.0635834 0.142665
1 0.950773 0.685432 0.0631918 0.186207
1 0.73734 0.489171 0.0659132 0.15581
1 0.316563 0.644174 0.0998967 0.219305
1 0.387358 0.405329 0.060244 0.139243
1 0.258331 0.789331 0.0772217 0.2829
1 0.174808 0.452651 0.0643209 0.158141
1 0.0162103 0.515665 0.0324207 0.180271
1 0.132846 0.537701 0.0702048 0.181865
1 0.470433 0.468498 0.083674 0.112091
1 0.908589 0.593264 0.0557434 0.152531
3 0.800326 0.640109 0.104161 0.16819
