2 0.487251 0.246905 0.0489451 0.122531
0 0.85958 0.46968 0.0540279 0.0849571
0 0.802513 0.536555 0.0558918 0.0951091
0 0.45165 0.600048 0.0800551 0.10862
0 0.785522 0.292595 0.0339166 0.0514278
0 0.939637 0.559118 0.0706722 0.11524
0 0.0722937 0.519693 0.0629354 0.0761381
0 0.304203 0.436689 0.0513573 0.0832896
0 0.296257 0.570113 0.0691266 0.0973582
0 0.408356 0.48133 0.0623474 0.0894955
0 0.909297 0.724887 0.101461 0.135122
0 0.166908 0.331741 0.0410917 0.0701583
0 0.105837 0.395151 0.0491019 0.0764984
0 0.582483 0.38225 0.0433437 0.0706362
0 0.716137 0.284758 0.0355492 0.0557466
0 0.978966 0.481114 0.0420139 0.0798866
0 0.502573 0.353284 0.0425014 0.0626116
0 0.185298 0.509888 0.0673227 0.0946803
0 0.542199 0.50932 0.067245 0.0895233
0 0.61596 0.44338 0.050244 0.0756744
0 0.421006 0.399428 0.0466885 0.0654193
0 0.740403 0.331347 0.0366753 0.0530122
0 0.215993 0.346706 0.0427306 0.0640978
0 0.682288 0.37406 0.0420595 0.0705229
0 0.0603743 0.397908 0.0441567 0.0648822
0 0.744877 0.639333 0.0763733 0.123158
0 0.256499 0.324533 0.0363763 0.0588772
0 0.542043 0.298086 0.0331045 0.0514528
0 0.521353 0.411174 0.0504957 0.0723496
0 0.642559 0.342289 0.0375443 0.0659234
0 0.234462 0.415723 0.049353 0.0727688
0 0.371485 0.308707 0.0404304 0.0609811
0 0.647376 0.284924 0.0359365 0.0538932
0 0.42166 0.293211 0.0345938 0.051771
0 0.318775 0.352039 0.0422049 0.0502938
0 0.438061 0.342268 0.0386147 0.0551512
0 0.563189 0.333653 0.0390945 0.0547847
0 0.315832 0.313106 0.0357911 0.0489442
0 0.59049 0.279349 0.0309147 0.0493968
0 0.722887 0.367976 0.0376785 0.0557774
0 0.883197 0.410916 0.0549053 0.0696168
0 0.483051 0.318194 0.0357651 0.0526786
0 0.683502 0.383126 0.0510543 0.0896235
