2 0.67147 0.57947 0.0792662 0.519782
1 0.0666714 0.446256 0.0656811 0.148187
1 0.0645217 0.643086 0.101947 0.227887
1 0.166897 0.867793 0.127542 0.264414
1 0.83729 0.499209 0.0761633 0.175696
1 0.822285 0.788973 0.131018 0.261592
1 0.904606 0.586676 0.0623924 0.168366
2 0.487023 0.28043 0.0690048 0.286607
1 0.425399 0.730863 0.121081 0.140453
2 0.317115 0.241477 0.0610342 0.247566
1 0.223994 0.412286 0.0625907 0.138894
1 0.30541 0.639806 0.0938687 0.224
1 0.436551 0.602102 0.0902968 0.112472
1 0.369509 0.902646 0.131302 0.194709
1 0.253019 0.795592 0.0772539 0.279317
2 0.419728 0.294879 0.0533895 0.321874
1 0.0163047 0.513186 0.0326094 0.18278
1 0.96032 0.692089 0.0724482 0.161443
1 0.380013 0.407386 0.0479799 0.125961
1 0.165697 0.469157 0.0621314 0.137604
4 0.811344 0.389475 0.0560577 0.149951
1 0.131984 0.547468 0.0651515 0.163816
2 0.250865 0.246731 0.0651307 0.198116
1 0.754236 0.560808 0.0593033 0.137013
1 0.188126 0.358327 0.0437627 0.107029
