4 0.250394 0.85322 0.132826 0.292047
4 0.58181 0.849219 0.148339 0.282395
4 0.89462 0.562667 0.0548721 0.20466
4 0.822863 0.487587 0.0502438 0.198812
4 0.328525 0.728978 0.122139 0.215589
4 0.972355 0.704056 0.0552895 0.353618
4 0.780608 0.438933 0.05292 0.147814
4 0.336522 0.552335 0.0609644 0.189418
4 0.920013 0.378092 0.045373 0.127259
4 0.963582 0.427988 0.0449249 0.131324
1 0.962705 0.428851 0.0419943 0.130338
1 0.252808 0.849998 0.136156 0.294301
1 0.919913 0.375605 0.0444899 0.125636
1 0.989398 0.438471 0.0211605 0.142128
