2 0.769797 0.699331 0.0788689 0.503257
4 0.115506 0.674118 0.0535482 0.209094
4 0.445387 0.74915 0.0690435 0.306177
4 0.166751 0.599588 0.0477309 0.18622
2 0.870881 0.467252 0.053859 0.207501
4 0.588832 0.769336 0.0789269 0.341251
0 0.0395028 0.551914 0.059611 0.135407
4 0.955434 0.641885 0.0453541 0.223237
0 0.0998969 0.516005 0.0502998 0.0978299
4 0.0566619 0.742522 0.0680357 0.233993
0 0.0555966 0.742644 0.0683954 0.232371
4 0.562185 0.538979 0.0429018 0.0855703
0 0.915451 0.570882 0.0360397 0.104753
4 0.460692 0.50325 0.0522896 0.0819094
4 0.208839 0.56281 0.0540712 0.193285
4 0.164066 0.455515 0.0355941 0.0808075
4 0.841357 0.627881 0.0436113 0.215483
1 0.133504 0.4845 0.0251631 0.0699682
