0 0.635952 0.688381 0.0671623 0.235593
0 0.510676 0.556631 0.0812899 0.11628
2 0.533194 0.372865 0.0549437 0.263294
0 0.423414 0.61942 0.0780717 0.137413
0 0.690826 0.610331 0.0615068 0.207263
0 0.705268 0.442558 0.0558397 0.105632
0 0.589175 0.525671 0.0691959 0.101182
0 0.814528 0.530439 0.0664486 0.207013
0 0.430576 0.44672 0.0556062 0.146568
0 0.640273 0.473406 0.0529541 0.101157
0 0.313501 0.506438 0.0540031 0.177059
0 0.751643 0.425001 0.0380081 0.087225
4 0.551517 0.737448 0.0917386 0.251766
0 0.788342 0.380957 0.0420466 0.0745989
4 0.24937 0.4216 0.0472218 0.117953
0 0.753759 0.569998 0.0655366 0.164776
0 0.830847 0.36973 0.0414322 0.0741557
1 0.893646 0.458056 0.0575016 0.166482
1 0.375831 0.367183 0.0446584 0.0938344
1 0.311095 0.387169 0.0417232 0.069643
0 0.575562 0.374082 0.0363583 0.122682
0 0.485409 0.385047 0.0417152 0.130411
0 0.375867 0.364515 0.0455071 0.0971973
0 0.360237 0.471743 0.048138 0.140526
1 0.550611 0.740275 0.0934968 0.249968
0 0.461969 0.329976 0.0267637 0.0722715
