4 0.58724 0.754107 0.0769035 0.331873
4 0.825504 0.63367 0.0531975 0.210147
2 0.31772 0.644156 0.0730235 0.471163
0 0.223849 0.556252 0.0569176 0.175417
0 0.044486 0.56661 0.0580222 0.111193
0 0.046664 0.744645 0.0713748 0.211721
4 0.456878 0.737813 0.083481 0.320163
0 0.162885 0.614099 0.0517471 0.205543
0 0.729286 0.493012 0.0489134 0.125409
0 0.098429 0.52268 0.0456519 0.115279
0 0.57462 0.534703 0.0585754 0.0833713
0 0.455528 0.744237 0.0886353 0.326248
0 0.777881 0.52559 0.0422565 0.132484
0 0.90795 0.544661 0.0471722 0.10484
0 0.577226 0.548089 0.0566216 0.0782086
0 0.816648 0.454232 0.0329828 0.0762489
4 0.162397 0.61774 0.0512417 0.207076
