4 0.311976 0.843241 0.169248 0.313518
4 0.892806 0.559684 0.0514988 0.203692
3 0.313561 0.844525 0.169449 0.31095
4 0.790832 0.441478 0.0618683 0.182644
4 0.938546 0.607234 0.049852 0.232728
3 0.595214 0.827675 0.155771 0.291813
4 0.595143 0.838057 0.156373 0.303984
2 0.57699 0.30492 0.0524175 0.349506
4 0.961651 0.421015 0.0475391 0.134632
4 0.915989 0.35872 0.0493073 0.0928389
4 0.97889 0.697398 0.0422205 0.339531
4 0.549832 0.597723 0.0945191 0.138077
4 0.842563 0.487335 0.0487913 0.182405
4 0.324868 0.49834 0.0955213 0.122335
0 0.484635 0.415021 0.0518161 0.127483
3 0.326808 0.498151 0.0992418 0.122456
2 0.532856 0.375683 0.0483759 0.168035
1 0.79157 0.438902 0.0626949 0.180849
0 0.341298 0.612853 0.110789 0.120388
