4 0.333881 0.857866 0.102856 0.284268
4 0.343935 0.509138 0.100457 0.122039
4 0.9726 0.693204 0.0547997 0.367476
0 0.900115 0.584723 0.0638289 0.247089
4 0.901145 0.582852 0.065585 0.249312
0 0.839391 0.484702 0.0526613 0.190484
4 0.551545 0.581943 0.090321 0.121841
0 0.573749 0.863359 0.154664 0.273282
0 0.334057 0.859606 0.106418 0.280788
1 0.966721 0.422913 0.0452095 0.131282
2 0.926858 0.344376 0.0487461 0.136792
4 0.839446 0.488021 0.0528511 0.199005
0 0.972769 0.688293 0.0544537 0.3571
4 0.334933 0.630076 0.123461 0.136162
4 0.575806 0.863102 0.152195 0.273796
4 0.509476 0.429828 0.0589607 0.100972
