4 0.824512 0.632787 0.0539474 0.217835
4 0.594851 0.772984 0.0705315 0.332011
2 0.31231 0.645143 0.0810107 0.484641
4 0.956008 0.640816 0.0455055 0.222294
4 0.160062 0.626052 0.0475232 0.226462
0 0.103061 0.668276 0.0496766 0.197499
0 0.0529698 0.738067 0.0597893 0.23478
4 0.439707 0.746457 0.0623837 0.310621
1 0.0367888 0.551836 0.0521993 0.136433
1 0.0915915 0.511902 0.0424053 0.110163
4 0.878083 0.515159 0.0349241 0.134355
4 0.783675 0.550356 0.0389384 0.130286
4 0.915269 0.578513 0.0358172 0.111432
1 0.220574 0.42246 0.0297892 0.0718388
4 0.134435 0.487597 0.036234 0.0868496
4 0.202157 0.56383 0.050964 0.189688
4 0.724625 0.478867 0.0406998 0.117332
4 0.5748 0.54457 0.0543955 0.0784461
1 0.488367 0.422012 0.0410275 0.0899906
1 0.808846 0.44228 0.0308629 0.0703706
0 0.0357267 0.551771 0.0550285 0.136969
