4 0.815406 0.63614 0.0555913 0.217336
4 0.587686 0.781666 0.0658702 0.336145
0 0.959491 0.648404 0.0509552 0.229335
4 0.191202 0.563788 0.0478916 0.179838
2 0.632629 0.438037 0.0488171 0.257557
4 0.436328 0.736481 0.0703617 0.301106
4 0.565757 0.534497 0.0471716 0.101253
4 0.249545 0.509587 0.0410236 0.140535
0 0.110547 0.685794 0.0550859 0.187861
4 0.871373 0.513995 0.0416316 0.128871
4 0.287463 0.476588 0.0343713 0.12831
3 0.465513 0.549118 0.0618991 0.101133
4 0.0338436 0.545881 0.0565063 0.132823
0 0.918757 0.569053 0.0375134 0.0885262
1 0.0855431 0.521141 0.0424023 0.119285
4 0.771745 0.567881 0.0424461 0.160506
4 0.160144 0.454122 0.0373882 0.086742
1 0.0343197 0.545327 0.0554634 0.131538
4 0.959211 0.65047 0.0519398 0.237113
4 0.217185 0.424198 0.0284951 0.0702206
