4 0.819824 0.636551 0.0593842 0.217454
4 0.590016 0.777882 0.0620295 0.328565
2 0.6165 0.422395 0.0444231 0.247336
4 0.050973 0.741257 0.0689498 0.235211
4 0.153644 0.591526 0.0452013 0.160334
4 0.435667 0.744844 0.0711279 0.309592
4 0.191914 0.553662 0.0479291 0.170671
4 0.873437 0.507526 0.0359112 0.138492
0 0.10274 0.66756 0.0491575 0.189737
4 0.74183 0.499445 0.0344182 0.116087
1 0.084913 0.51351 0.0478256 0.104398
4 0.962256 0.645772 0.0557873 0.234525
4 0.842102 0.478398 0.0299356 0.0884871
4 0.916358 0.574298 0.0387505 0.109981
4 0.568299 0.506357 0.0484299 0.0689823
1 0.151981 0.58422 0.0463515 0.150507
4 0.249413 0.519148 0.0451504 0.162305
1 0.220323 0.425004 0.0258076 0.0629062
1 0.16119 0.449268 0.0314272 0.0711275
0 0.0389677 0.55323 0.0508878 0.113612
4 0.465101 0.561505 0.0531212 0.0985992
1 0.0395401 0.550518 0.0515811 0.110942
1 0.961595 0.645673 0.0550838 0.2291
1 0.198173 0.440011 0.0295412 0.0612176
4 0.102854 0.671104 0.0489503 0.194224
