4 0.351563 0.74337 0.073333 0.277287
0 0.19136 0.743379 0.0877166 0.190922
2 0.481448 0.723506 0.0915436 0.329251
2 0.842785 0.477294 0.0757111 0.26966
0 0.697184 0.670669 0.0783285 0.17015
4 0.774662 0.576401 0.057333 0.132104
0 0.102852 0.824365 0.0690655 0.233946
0 0.892707 0.71221 0.0888584 0.227902
0 0.814304 0.728503 0.0636466 0.204958
1 0.288446 0.867523 0.0685479 0.253031
4 0.384559 0.563591 0.0563316 0.126338
1 0.0203496 0.704453 0.0406993 0.16667
4 0.0205102 0.704767 0.0410204 0.170267
