2 0.742719 0.485012 0.080838 0.406054
1 0.179325 0.749895 0.0739471 0.207255
1 0.909331 0.812413 0.0852448 0.16998
1 0.477732 0.816437 0.0731986 0.240714
1 0.078013 0.705098 0.0617326 0.104362
1 0.0829343 0.864138 0.0816032 0.214572
1 0.350681 0.826872 0.071971 0.247559
1 0.830361 0.753878 0.0599574 0.244323
1 0.369727 0.646269 0.0713491 0.108771
1 0.271849 0.916393 0.0735688 0.157686
1 0.700291 0.759917 0.0657387 0.190995
1 0.739382 0.903172 0.0873606 0.179248
1 0.473791 0.640964 0.0691525 0.106228
1 0.0140934 0.92581 0.0281868 0.14838
