4 0.92238 0.850327 0.152041 0.287697
1 0.350986 0.395065 0.0822076 0.228308
4 0.884204 0.355683 0.131749 0.191483
1 0.128979 0.209912 0.060235 0.152396
1 0.220463 0.145114 0.0702621 0.153763
1 0.430396 0.264918 0.06173 0.166314
1 0.489793 0.17099 0.0677153 0.175363
1 0.380908 0.141452 0.0551652 0.163403
0 0.924887 0.565187 0.150227 0.251803
2 0.161792 0.633066 0.139827 0.615871
4 0.925758 0.561655 0.148483 0.253351
1 0.323941 0.216321 0.0648588 0.120226
1 0.0336179 0.164846 0.0646479 0.18045
1 0.656821 0.792168 0.158458 0.373447
4 0.0232212 0.356162 0.0461173 0.179713
1 0.0233767 0.356775 0.0467472 0.176901
