2 0.103937 0.352015 0.0816 0.16277
0 0.853483 0.459397 0.0609993 0.0930458
0 0.804956 0.546312 0.056925 0.0938956
0 0.948408 0.550358 0.0580177 0.0940516
0 0.404803 0.465977 0.0535064 0.0843859
0 0.719915 0.613714 0.0762911 0.140017
1 0.311427 0.504205 0.0528102 0.0862943
0 0.901201 0.663906 0.0959465 0.167635
1 0.198303 0.466315 0.0477198 0.070922
1 0.512317 0.369587 0.0428633 0.0677074
0 0.166849 0.332438 0.0402583 0.0713067
1 0.329921 0.410079 0.0405926 0.0664667
0 0.977342 0.464375 0.0442102 0.0818383
0 0.445892 0.556133 0.0674107 0.121307
0 0.421597 0.394482 0.04625 0.0630983
1 0.781829 0.289773 0.0316227 0.0487733
0 0.213717 0.346158 0.041089 0.0630951
0 0.576827 0.377316 0.0396257 0.0668294
0 0.318042 0.335845 0.0354399 0.0548453
1 0.680986 0.350744 0.0344616 0.0641049
1 0.715841 0.333393 0.0301033 0.0551305
0 0.613421 0.417815 0.0466787 0.0779746
0 0.645777 0.28807 0.0343465 0.0489786
1 0.533487 0.45071 0.0537088 0.0858436
1 0.425596 0.281011 0.0273596 0.0509328
1 0.641907 0.339059 0.0321949 0.0593921
1 0.369263 0.297542 0.0336226 0.0545305
0 0.438377 0.34901 0.0381702 0.0552022
1 0.237802 0.408222 0.0440962 0.0679452
1 0.547192 0.285206 0.0293381 0.05104
0 0.267685 0.336923 0.0314404 0.050067
1 0.595426 0.27802 0.0278835 0.0437991
1 0.717063 0.280787 0.0320963 0.0506173
1 0.35072 0.350822 0.0370633 0.055637
0 0.567413 0.322385 0.033395 0.0470483
4 0.103623 0.460508 0.0576164 0.0916971
0 0.607767 0.323905 0.0340821 0.053089
0 0.758775 0.341005 0.0342633 0.0521551
0 0.320412 0.295593 0.0286703 0.0440393
0 0.256434 0.320597 0.0345812 0.0556067
0 0.0115594 0.430114 0.0231188 0.0923911
0 0.49124 0.313837 0.0375578 0.0498534
