2 0.573599 0.659397 0.0831558 0.514906
2 0.477619 0.603594 0.0739014 0.24293
4 0.687975 0.621357 0.0862345 0.121121
1 0.914702 0.811576 0.089403 0.172373
1 0.356782 0.827158 0.0747241 0.245801
4 0.773762 0.663513 0.0562321 0.170795
1 0.0864805 0.86275 0.0705326 0.210405
1 0.377333 0.643783 0.0703381 0.10911
1 0.179709 0.748152 0.0734386 0.202849
1 0.47529 0.818607 0.0694373 0.225029
1 0.696443 0.770619 0.0672388 0.178015
1 0.274067 0.92078 0.0760674 0.149718
1 0.823066 0.763978 0.0634593 0.250206
0 0.0851969 0.710672 0.0652246 0.0970145
1 0.737993 0.897715 0.0836857 0.177516
1 0.0126659 0.800236 0.0253318 0.176538
0 0.0106404 0.795766 0.0212808 0.170195
