2 0.593469 0.65048 0.0855133 0.519289
4 0.777619 0.660254 0.0574345 0.162612
1 0.180152 0.747839 0.0740259 0.206016
2 0.37943 0.595927 0.0757759 0.242906
1 0.914824 0.809634 0.0893223 0.169452
1 0.4773 0.81863 0.0721333 0.226743
1 0.353972 0.828244 0.0659994 0.245554
1 0.697888 0.76823 0.0662775 0.174607
1 0.0857151 0.864013 0.0738744 0.198074
1 0.469402 0.647253 0.0723704 0.115585
1 0.822279 0.766206 0.0662075 0.238564
1 0.275602 0.919702 0.0780506 0.14835
1 0.695222 0.623361 0.0802931 0.120051
1 0.0813625 0.709262 0.0704216 0.108098
1 0.736963 0.897204 0.0847084 0.176291
