4 0.465083 0.466972 0.0619036 0.184883
4 0.948365 0.65927 0.102528 0.2386
4 0.566971 0.515953 0.0738386 0.189934
2 0.261537 0.259914 0.0502765 0.249807
0 0.793733 0.613557 0.0979235 0.227262
2 0.411605 0.204286 0.043373 0.165296
4 0.81444 0.422859 0.0713106 0.128179
4 0.609724 0.364819 0.0539057 0.140646
4 0.25007 0.428065 0.0454229 0.123129
4 0.353942 0.307124 0.0448953 0.12061
2 0.310985 0.19347 0.0379597 0.177586
4 0.0714457 0.339442 0.0580293 0.125665
1 0.305068 0.432193 0.0558007 0.169439
4 0.948884 0.44169 0.0951866 0.173042
4 0.476964 0.258485 0.0427809 0.0948969
4 0.138214 0.364554 0.0541098 0.167743
4 0.185536 0.27829 0.0417156 0.115846
4 0.407153 0.331389 0.0433575 0.122965
1 0.527515 0.35721 0.0551397 0.117844
1 0.691322 0.23538 0.0399626 0.105805
4 0.531948 0.219984 0.0435266 0.0959191
4 0.528526 0.355277 0.0553566 0.117315
4 0.5942 0.260921 0.0490982 0.0705808
1 0.136445 0.370728 0.0573925 0.174306
4 0.627026 0.216202 0.0411352 0.0896311
1 0.811119 0.305741 0.0552004 0.0959346
4 0.485512 0.177217 0.0410343 0.0725853
1 0.485849 0.177784 0.0378801 0.0754404
4 0.792308 0.610979 0.100553 0.224056
