4 0.797899 0.608866 0.0917458 0.212592
4 0.949863 0.665393 0.0998615 0.229144
1 0.611797 0.367989 0.0503166 0.130244
4 0.551402 0.527365 0.0861374 0.198905
1 0.527776 0.357219 0.0536999 0.114158
1 0.123705 0.36163 0.0639435 0.159359
4 0.819699 0.428243 0.0797094 0.131367
1 0.806251 0.314346 0.0559555 0.0994563
4 0.454623 0.482919 0.0707564 0.199642
1 0.233741 0.419658 0.0655368 0.125295
1 0.6923 0.234575 0.036186 0.0983583
1 0.47673 0.263664 0.0434259 0.092533
1 0.661588 0.297406 0.038994 0.0956204
1 0.596394 0.26295 0.0438625 0.0752052
1 0.942611 0.456605 0.089653 0.150545
1 0.27231 0.217478 0.0367542 0.100717
1 0.301618 0.440788 0.0579196 0.144823
1 0.629648 0.216838 0.0348839 0.0921191
1 0.392948 0.295627 0.0451902 0.177346
2 0.0388919 0.568935 0.0777838 0.684623
1 0.535061 0.218932 0.0402836 0.093753
4 0.484381 0.181965 0.0411417 0.0755057
1 0.932322 0.333941 0.0715356 0.0992832
4 0.301198 0.440346 0.0592283 0.141561
1 0.225554 0.274573 0.0497345 0.121547
4 0.224063 0.27325 0.047286 0.123204
4 0.931271 0.333274 0.069866 0.0952418
1 0.379822 0.176155 0.0328007 0.0673512
1 0.484981 0.182313 0.0387453 0.0755035
4 0.350748 0.313926 0.0395098 0.131959
1 0.316266 0.21774 0.0355395 0.104712
4 0.315681 0.217892 0.0370407 0.107858
1 0.181734 0.263638 0.0353222 0.111587
1 0.348029 0.176161 0.0309793 0.081999
