4 0.948051 0.661845 0.100885 0.227087
1 0.611436 0.368479 0.0519752 0.130303
4 0.803377 0.610365 0.0916857 0.216753
4 0.550412 0.526255 0.0816137 0.20778
1 0.528313 0.355572 0.0534549 0.111264
1 0.30164 0.439291 0.058589 0.147658
1 0.454635 0.488348 0.0750464 0.182929
1 0.808528 0.31335 0.0594504 0.103932
1 0.817028 0.432177 0.0813185 0.12502
1 0.119993 0.365876 0.0565492 0.150533
1 0.931045 0.338367 0.0763809 0.103607
1 0.476296 0.261659 0.0430187 0.0964705
1 0.661658 0.294842 0.0387225 0.0934666
1 0.691922 0.236118 0.0349558 0.1015
2 0.395232 0.299534 0.0440351 0.177014
4 0.943083 0.46519 0.0993588 0.152195
4 0.239296 0.277615 0.0529436 0.128582
4 0.52908 0.220912 0.0439314 0.0934174
1 0.629329 0.214877 0.0344597 0.0895739
1 0.59902 0.263696 0.0433029 0.0772068
4 0.233241 0.422923 0.0643865 0.130788
1 0.232664 0.420548 0.0645413 0.128264
1 0.351174 0.315568 0.042536 0.127929
4 0.183264 0.268897 0.0439095 0.118149
4 0.484889 0.179664 0.0391165 0.075691
1 0.182725 0.268344 0.0437978 0.113352
1 0.379408 0.176728 0.0324381 0.0688678
1 0.394853 0.29781 0.0440012 0.178436
1 0.484957 0.180277 0.0370451 0.0759571
2 0.0439673 0.56954 0.0862646 0.678267
4 0.816278 0.431327 0.0816966 0.127708
1 0.347558 0.178984 0.0314914 0.0845307
4 0.314679 0.217764 0.0371473 0.109149
1 0.275839 0.214569 0.0321605 0.0874232
