4 0.61819 0.527547 0.0764367 0.198284
4 0.852949 0.81665 0.12327 0.331054
1 0.440937 0.680539 0.0926711 0.254777
1 0.740005 0.394173 0.0671272 0.157731
1 0.83208 0.329843 0.0680294 0.154916
1 0.400831 0.321028 0.0548759 0.16773
1 0.958441 0.580272 0.0790222 0.210161
4 0.941999 0.40728 0.0750019 0.124878
1 0.468515 0.321869 0.0476454 0.17023
1 0.334108 0.666324 0.106087 0.20342
2 0.526896 0.425263 0.0665791 0.296981
1 0.256309 0.408876 0.0518992 0.178803
1 0.576644 0.270557 0.0504925 0.134801
1 0.325253 0.429046 0.0753217 0.189157
4 0.64436 0.345572 0.0638111 0.180735
1 0.824458 0.555046 0.088714 0.176293
4 0.824051 0.55539 0.0885872 0.174679
4 0.142698 0.571846 0.0633307 0.203338
1 0.98141 0.319899 0.0371376 0.15589
4 0.334284 0.666801 0.104344 0.201738
1 0.940739 0.408213 0.0707699 0.124174
1 0.0650424 0.543857 0.076598 0.191996
4 0.0650071 0.543568 0.0755583 0.191287
1 0.752397 0.259379 0.0562948 0.112583
4 0.709977 0.74863 0.111066 0.327134
1 0.522387 0.242715 0.0408802 0.096419
1 0.709645 0.748645 0.113507 0.324098
