3 0.439509 0.566637 0.0984851 0.135226
2 0.222886 0.325017 0.0688108 0.165769
0 0.945148 0.557172 0.0618034 0.101504
0 0.71889 0.617208 0.0824148 0.144093
0 0.809221 0.546129 0.0600109 0.0968967
1 0.612821 0.408209 0.0407146 0.0689685
0 0.165927 0.333685 0.0408088 0.0759617
0 0.899825 0.673571 0.105046 0.160061
1 0.311114 0.503587 0.0528381 0.0860209
0 0.976031 0.458409 0.0461662 0.0860386
1 0.515848 0.368609 0.0447865 0.0695112
0 0.575445 0.377287 0.0400358 0.0701446
1 0.0952187 0.453459 0.0494789 0.0741398
0 0.099331 0.393393 0.047181 0.0590268
0 0.41923 0.444438 0.0503209 0.0837817
1 0.715029 0.333995 0.0306083 0.0570741
1 0.680937 0.351109 0.0343707 0.0668531
0 0.421771 0.377401 0.0429619 0.0607866
0 0.349659 0.354132 0.040811 0.0589303
0 0.23773 0.408645 0.0417463 0.0601685
0 0.567331 0.320617 0.0347633 0.0494565
0 0.651967 0.284813 0.032834 0.0541967
1 0.423861 0.280158 0.0309895 0.0506943
1 0.321615 0.294184 0.0278651 0.0493708
4 0.201132 0.480196 0.0596489 0.0900143
1 0.783203 0.287995 0.0352665 0.0545141
1 0.642423 0.339333 0.0329014 0.0596932
3 0.334941 0.42401 0.0579655 0.0846704
1 0.859576 0.4393 0.0593632 0.0942857
1 0.370322 0.301633 0.0337359 0.0486132
1 0.71701 0.280255 0.0315735 0.0521566
1 0.237079 0.40872 0.0424278 0.0621723
0 0.330412 0.420812 0.0470243 0.0787003
0 0.607933 0.32337 0.0339302 0.0545208
4 0.538624 0.458652 0.0637341 0.105312
0 0.491978 0.314021 0.0368389 0.0497036
1 0.752039 0.319698 0.0293753 0.0476273
0 0.916342 0.37956 0.0476498 0.0649946
1 0.595961 0.278543 0.0299933 0.0450762
1 0.545693 0.286614 0.029158 0.0496204
