4 0.940995 0.442849 0.0808489 0.157965
4 0.122356 0.367761 0.0542956 0.134771
0 0.525517 0.392086 0.0673676 0.0950456
4 0.065656 0.345093 0.0569101 0.122369
0 0.557484 0.58644 0.0900795 0.14844
2 0.320192 0.281075 0.0470973 0.18803
0 0.446516 0.482338 0.0822954 0.179118
3 0.830739 0.597072 0.101064 0.222791
4 0.827955 0.327392 0.0670933 0.128642
1 0.271301 0.216532 0.0362248 0.095658
1 0.40263 0.330213 0.0478345 0.118176
4 0.239048 0.404884 0.0769953 0.143343
4 0.169626 0.285883 0.0490722 0.110797
1 0.612324 0.376954 0.0561651 0.138705
1 0.670957 0.303666 0.0491961 0.106104
4 0.950918 0.65996 0.0981635 0.242496
4 0.378784 0.18343 0.0332658 0.087896
4 0.420014 0.232164 0.0426079 0.105161
1 0.537799 0.218135 0.0435726 0.0969876
1 0.377424 0.184382 0.0316922 0.0895044
4 0.221866 0.273853 0.0489526 0.110753
1 0.420094 0.232934 0.0412356 0.105033
3 0.238548 0.406939 0.0816438 0.143893
1 0.474728 0.269263 0.0449535 0.0860251
1 0.629428 0.210514 0.0461239 0.104928
3 0.950322 0.658271 0.0993555 0.246996
4 0.484806 0.190685 0.04016 0.0888893
1 0.485261 0.191007 0.0395315 0.0882274
0 0.827631 0.598665 0.106446 0.220771
0 0.356778 0.31259 0.0407449 0.118914
