4 0.944482 0.635231 0.0939764 0.226221
0 0.788489 0.584638 0.101913 0.23299
0 0.523991 0.39165 0.069644 0.0974257
4 0.0631772 0.343493 0.0579356 0.124544
4 0.477538 0.265255 0.0464659 0.0907468
4 0.941587 0.443156 0.0985233 0.150487
4 0.234947 0.406324 0.0601581 0.134509
4 0.930907 0.329335 0.0870453 0.0964982
0 0.611919 0.38287 0.065107 0.135576
4 0.296659 0.433742 0.05639 0.151216
0 0.447611 0.49143 0.0761831 0.180469
1 0.823626 0.325045 0.065179 0.124523
1 0.404176 0.337363 0.0457462 0.118028
1 0.235048 0.268597 0.0482614 0.122356
1 0.534768 0.221195 0.0416807 0.0907989
4 0.123464 0.370634 0.0606082 0.1356
1 0.277148 0.215302 0.033138 0.0911719
4 0.182789 0.273498 0.0423357 0.11728
1 0.183393 0.270423 0.0425815 0.114058
1 0.421223 0.240512 0.0426324 0.0938143
1 0.629656 0.211895 0.0479164 0.109618
1 0.350194 0.320081 0.050343 0.122569
1 0.69365 0.234042 0.0402014 0.0933795
4 0.421736 0.241035 0.0433321 0.0960716
4 0.477947 0.188014 0.0445222 0.0741846
0 0.559143 0.588066 0.0837341 0.145351
0 0.124354 0.373488 0.0607149 0.137849
1 0.315577 0.21309 0.0339426 0.0924857
0 0.669757 0.320081 0.0492243 0.094466
0 0.386989 0.204383 0.0366452 0.0899042
3 0.943367 0.442981 0.103891 0.153761
4 0.629413 0.211709 0.0493675 0.111229
