4 0.93776 0.643039 0.0884193 0.215039
4 0.548503 0.52307 0.0822036 0.192533
4 0.822706 0.431858 0.0895376 0.126431
4 0.780244 0.589825 0.0991629 0.2071
1 0.608757 0.376616 0.0627084 0.130162
1 0.402375 0.331803 0.0452359 0.116265
1 0.352401 0.31035 0.047239 0.125792
4 0.939688 0.449265 0.0909859 0.155319
4 0.476053 0.263449 0.0475719 0.096407
1 0.451007 0.484854 0.0805159 0.162264
4 0.381919 0.183786 0.0322328 0.0823675
4 0.226498 0.416218 0.0663881 0.14653
1 0.527136 0.352826 0.0615259 0.118442
1 0.823918 0.313741 0.0600544 0.105776
4 0.415828 0.233409 0.0468724 0.0935409
4 0.0586694 0.341038 0.0509666 0.119515
4 0.0949515 0.383222 0.0357546 0.105675
1 0.600837 0.268221 0.04652 0.0805265
1 0.66955 0.301141 0.0473246 0.106251
1 0.630224 0.206902 0.0401691 0.0954272
1 0.232358 0.272142 0.0444854 0.121217
4 0.297305 0.419724 0.060388 0.153482
1 0.184176 0.272575 0.0456549 0.11536
4 0.536281 0.221637 0.0429665 0.0980194
1 0.273031 0.213909 0.0340799 0.0927796
1 0.314843 0.212475 0.0350868 0.102392
1 0.927794 0.329657 0.0694641 0.093819
4 0.103501 0.383369 0.0526142 0.106316
4 0.347345 0.180715 0.0337743 0.0857804
1 0.382967 0.185291 0.0320404 0.0847951
1 0.296217 0.420937 0.0592636 0.156425
4 0.183374 0.275207 0.0468163 0.119727
