2 0.793663 0.452016 0.0872426 0.394808
0 0.473658 0.841076 0.0775232 0.197837
1 0.177736 0.744818 0.077724 0.199952
0 0.883269 0.860624 0.0829674 0.201265
0 0.685582 0.772613 0.0758957 0.181206
0 0.343009 0.844914 0.0700306 0.202453
0 0.0797316 0.87937 0.0699918 0.184194
0 0.0793299 0.737198 0.0651652 0.0983149
1 0.809736 0.767341 0.0682498 0.238224
0 0.380729 0.704489 0.0777429 0.117629
0 0.471405 0.663864 0.0857756 0.13303
0 0.394388 0.717068 0.0646371 0.13084
0 0.974205 0.636322 0.05159 0.14592
1 0.261066 0.921361 0.0769811 0.149564
1 0.0789683 0.879251 0.0696983 0.186016
1 0.343271 0.843911 0.0682367 0.208328
0 0.259149 0.92188 0.0772187 0.149689
1 0.682103 0.624172 0.0773435 0.115627
