4 0.945413 0.653101 0.104177 0.244275
4 0.788164 0.608088 0.0971066 0.211674
4 0.543923 0.52876 0.0817617 0.216251
4 0.821275 0.43188 0.0853802 0.126404
4 0.111168 0.364255 0.0649049 0.136964
4 0.939933 0.455674 0.0904755 0.141176
4 0.935576 0.334653 0.0836689 0.0961502
0 0.618375 0.393547 0.0621669 0.111897
4 0.416153 0.235073 0.0485785 0.107072
4 0.476568 0.259393 0.0468321 0.091075
3 0.52368 0.358311 0.0549418 0.113258
4 0.39449 0.350509 0.0551953 0.111178
1 0.666861 0.300066 0.0504107 0.101191
4 0.288214 0.437603 0.0508698 0.150702
4 0.22991 0.284038 0.0455296 0.133217
4 0.340539 0.325714 0.0508464 0.114784
3 0.596969 0.279312 0.0583261 0.0983418
4 0.230403 0.431628 0.0517627 0.125716
1 0.629818 0.201502 0.0398772 0.0965623
1 0.695593 0.230082 0.0367817 0.0982652
4 0.534694 0.219176 0.0430342 0.0961943
1 0.272383 0.214491 0.0340285 0.097807
4 0.0618018 0.342021 0.0398308 0.118912
1 0.827818 0.306305 0.0564014 0.0894705
4 0.313741 0.219931 0.0401385 0.099959
1 0.523905 0.358539 0.0565178 0.111054
1 0.314537 0.218727 0.0389532 0.102282
4 0.346989 0.184877 0.0303043 0.0873979
4 0.480213 0.184352 0.0400478 0.0726188
4 0.183588 0.271726 0.0396398 0.122047
4 0.826823 0.318009 0.060447 0.0922021
