4 0.543985 0.53567 0.0872885 0.198582
1 0.610949 0.370487 0.0620945 0.139436
0 0.298801 0.439612 0.0630071 0.148729
4 0.932495 0.337963 0.0703101 0.104986
0 0.340818 0.325353 0.0464422 0.103483
0 0.22888 0.425215 0.0652128 0.132409
4 0.461307 0.485436 0.0650356 0.176113
1 0.824727 0.310663 0.0618107 0.101968
4 0.950047 0.665979 0.0999067 0.241062
4 0.131186 0.36542 0.0536175 0.130079
4 0.937114 0.460955 0.0824318 0.139333
4 0.062932 0.349817 0.0653398 0.123385
2 0.700282 0.411385 0.0852451 0.422656
0 0.787193 0.60387 0.0885073 0.218086
3 0.527435 0.35865 0.0608215 0.117815
1 0.535233 0.218294 0.0404831 0.0956716
1 0.833445 0.428107 0.0695255 0.13358
1 0.419404 0.231821 0.0428607 0.110354
1 0.527482 0.359339 0.0608869 0.117434
1 0.601162 0.260156 0.0434414 0.080704
1 0.181404 0.273328 0.0401483 0.114428
1 0.786485 0.602911 0.0898957 0.218176
1 0.937293 0.460772 0.0834024 0.139157
1 0.271762 0.216902 0.0355341 0.0967852
1 0.477179 0.259823 0.0456662 0.0882955
1 0.129825 0.365056 0.0545942 0.130273
4 0.395417 0.332466 0.051542 0.117817
1 0.395527 0.33259 0.0514182 0.117171
1 0.376359 0.186872 0.031522 0.09205
1 0.46174 0.485542 0.0645031 0.175842
1 0.630859 0.209482 0.0391077 0.102297
4 0.832243 0.427679 0.0700545 0.132849
1 0.315303 0.221533 0.0393233 0.0992981
1 0.4821 0.185813 0.0389915 0.0771311
4 0.229052 0.282514 0.0476593 0.121156
4 0.315911 0.221625 0.0411777 0.100953
4 0.481729 0.184309 0.043293 0.0734272
1 0.229423 0.282267 0.0437257 0.123259
4 0.377382 0.184917 0.0323315 0.0906097
