0 0.546428 0.552316 0.089538 0.175502
4 0.947048 0.65383 0.100512 0.232386
1 0.77364 0.588392 0.0849644 0.211394
2 0.312176 0.252709 0.043719 0.226875
0 0.522206 0.395228 0.072246 0.0941644
4 0.933701 0.342069 0.0853939 0.106115
1 0.610574 0.377086 0.0594912 0.132746
0 0.115886 0.379482 0.0559986 0.113539
4 0.451726 0.485476 0.0798231 0.166929
0 0.854203 0.480799 0.0561192 0.116025
4 0.483138 0.196982 0.0415518 0.10156
4 0.293335 0.431248 0.0638424 0.133637
1 0.233265 0.269499 0.0418935 0.122271
0 0.419055 0.259073 0.0487965 0.0957729
1 0.66803 0.304853 0.0440388 0.0980271
1 0.940377 0.463218 0.0843657 0.129523
4 0.830251 0.332319 0.0709679 0.125071
4 0.387241 0.338198 0.0460548 0.11732
1 0.26964 0.214246 0.0313632 0.0921761
1 0.628076 0.215741 0.0473888 0.116945
4 0.0579015 0.34267 0.0560657 0.111575
1 0.37878 0.188015 0.0343369 0.0910351
1 0.535627 0.21948 0.043759 0.0990399
4 0.534888 0.220793 0.0425442 0.0981361
0 0.0580257 0.343346 0.0557692 0.118601
0 0.476908 0.285033 0.0467739 0.0704134
0 0.37927 0.18809 0.0360589 0.0936854
1 0.830661 0.331454 0.0737439 0.122128
