4 0.803124 0.608554 0.0976036 0.216199
4 0.938159 0.4628 0.0899189 0.131157
4 0.820985 0.42834 0.0839435 0.126721
4 0.306984 0.42152 0.0596474 0.162392
1 0.609328 0.374227 0.0633691 0.137817
4 0.932998 0.339104 0.0836655 0.101946
0 0.548584 0.538813 0.0888913 0.188024
1 0.526002 0.364811 0.0642506 0.123549
0 0.0674872 0.347797 0.0612993 0.126321
4 0.174651 0.275888 0.048822 0.110114
4 0.483882 0.197517 0.0404157 0.104475
4 0.44916 0.496534 0.0821923 0.153862
1 0.419719 0.228513 0.0416805 0.108095
4 0.830644 0.315278 0.0602016 0.105889
4 0.382003 0.184833 0.0327541 0.0882616
1 0.595731 0.264468 0.0487051 0.0804788
1 0.830571 0.31428 0.0592979 0.10567
1 0.381886 0.186082 0.0324519 0.0913038
1 0.672472 0.314646 0.0467215 0.0934697
4 0.533864 0.221739 0.0428421 0.098154
1 0.633004 0.207031 0.0386589 0.099545
1 0.128274 0.371235 0.0497211 0.136066
4 0.128433 0.370963 0.0493085 0.136494
1 0.272779 0.219552 0.03629 0.100639
1 0.484454 0.197011 0.0405621 0.101398
4 0.346668 0.17766 0.0319297 0.0877189
1 0.314118 0.218306 0.0355406 0.105141
4 0.949225 0.649164 0.0979225 0.232733
