0 0.470225 0.834156 0.0692663 0.18952
2 0.853329 0.487148 0.0860195 0.461497
0 0.692599 0.773893 0.0718756 0.124234
1 0.192803 0.758382 0.0782947 0.211001
0 0.907593 0.842393 0.112326 0.177599
0 0.479039 0.677998 0.0812977 0.104052
0 0.380821 0.703761 0.0800166 0.110333
1 0.0866176 0.869227 0.0811442 0.208002
1 0.0816576 0.710618 0.0703467 0.106516
0 0.81897 0.77534 0.0626657 0.219889
1 0.345373 0.842758 0.0721585 0.205992
0 0.728646 0.910144 0.0998492 0.17907
1 0.788701 0.653896 0.0648453 0.138914
0 0.345501 0.842577 0.0740573 0.205144
0 0.684785 0.67136 0.095186 0.0909623
1 0.0134927 0.837578 0.0269589 0.212517
1 0.81922 0.77885 0.0635924 0.217782
