4 0.514056 0.56725 0.0972401 0.206528
3 0.723331 0.59337 0.107133 0.198123
1 0.298978 0.362386 0.0604146 0.16771
0 0.0589111 0.608951 0.0877599 0.223493
1 0.588859 0.809867 0.139998 0.281387
1 0.221756 0.484159 0.0859219 0.182379
3 0.853858 0.614894 0.107026 0.232869
3 0.633807 0.435844 0.0772951 0.153069
1 0.429299 0.514874 0.0657713 0.183823
0 0.73905 0.385743 0.0793965 0.131674
3 0.949159 0.487905 0.0719339 0.155209
3 0.323589 0.708114 0.123314 0.245159
4 0.474577 0.308105 0.054107 0.147393
1 0.540389 0.377508 0.0572577 0.168369
1 0.474801 0.309199 0.0549249 0.142368
4 0.373557 0.357029 0.0562431 0.175411
1 0.421386 0.296771 0.0425385 0.124483
1 0.132079 0.477662 0.0771545 0.148048
0 0.588402 0.276787 0.0546637 0.155299
0 0.655628 0.322823 0.0612356 0.106089
4 0.324739 0.707942 0.125589 0.242385
0 0.840862 0.438251 0.072662 0.113355
