3 0.443204 0.548491 0.0924122 0.107667
0 0.943709 0.556483 0.0589973 0.0984448
0 0.815179 0.544617 0.0562206 0.0923413
0 0.855263 0.456932 0.0569347 0.0908093
0 0.721148 0.618916 0.0803002 0.137777
2 0.389149 0.280892 0.051285 0.139528
0 0.897949 0.67478 0.104735 0.163698
0 0.976303 0.470599 0.0472401 0.08188
1 0.193326 0.476431 0.048916 0.077739
0 0.32904 0.4203 0.0484835 0.0796468
1 0.680211 0.348616 0.0347514 0.0628304
0 0.416663 0.442535 0.0531837 0.0873018
1 0.545487 0.282572 0.0291159 0.0484933
0 0.11345 0.37717 0.0471528 0.0711096
1 0.242252 0.411396 0.0436374 0.0670885
1 0.308008 0.510229 0.0544835 0.0932638
0 0.576188 0.374493 0.0411137 0.0682784
1 0.784631 0.286365 0.0344912 0.053493
4 0.533914 0.458833 0.0632705 0.0993173
0 0.611465 0.412737 0.0408891 0.0725129
1 0.0993822 0.44764 0.0493458 0.0778804
1 0.516811 0.369585 0.0439205 0.0700316
0 0.216484 0.340834 0.0379454 0.0634118
0 0.564283 0.320268 0.0327873 0.0505197
0 0.268073 0.33476 0.0344565 0.0531408
1 0.348574 0.350289 0.032132 0.055249
0 0.717871 0.283035 0.0307388 0.0519189
1 0.715462 0.335405 0.0331399 0.0614224
1 0.430761 0.358727 0.0383142 0.066776
1 0.641334 0.338521 0.0333313 0.0594229
1 0.751224 0.301217 0.0338621 0.0498591
4 0.980805 0.401943 0.0382614 0.068767
0 0.607708 0.2875 0.0327024 0.0570908
0 0.171389 0.328158 0.0349933 0.0667328
0 0.321407 0.328651 0.0303306 0.0457282
1 0.0709281 0.37658 0.0390325 0.060903
1 0.326983 0.295215 0.0295986 0.0479593
1 0.171279 0.329038 0.0339542 0.067792
0 0.256874 0.324108 0.0350492 0.0581708
1 0.670813 0.294842 0.0307648 0.0493999
0 0.982318 0.398553 0.0353636 0.0614171
