2 0.786201 0.450987 0.085239 0.356695
1 0.191998 0.755322 0.0743748 0.217387
1 0.349959 0.829945 0.0779162 0.230104
1 0.923116 0.813699 0.0873314 0.171084
1 0.696343 0.768185 0.0729417 0.20262
1 0.37951 0.64659 0.0725406 0.108796
1 0.0713376 0.884679 0.0727753 0.196471
1 0.47206 0.639671 0.0655363 0.100986
1 0.465997 0.810047 0.0721607 0.240306
1 0.818532 0.773112 0.0856981 0.259872
0 0.0877228 0.721046 0.0760742 0.133415
1 0.66728 0.633427 0.0739005 0.128921
4 0.0865368 0.720292 0.0770596 0.133145
