2 0.746707 0.476478 0.081301 0.372073
1 0.918821 0.816148 0.0856201 0.186241
1 0.195764 0.756512 0.0715383 0.231218
1 0.377885 0.658393 0.0662396 0.0955863
1 0.351024 0.831813 0.0793365 0.230069
1 0.0825098 0.875299 0.0814818 0.207826
4 0.0835557 0.712248 0.0763144 0.119697
1 0.477516 0.656828 0.0790816 0.119891
1 0.473944 0.825186 0.0734375 0.217954
1 0.824533 0.767493 0.0678192 0.250706
1 0.259682 0.923073 0.0773947 0.14422
4 0.731749 0.742658 0.0746203 0.16221
1 0.672082 0.661745 0.0629887 0.199282
4 0.672832 0.664677 0.0670394 0.206839
