0 0.468331 0.838227 0.0840725 0.195456
1 0.345258 0.834785 0.0693908 0.228199
0 0.88713 0.844876 0.0937386 0.189647
0 0.194133 0.747096 0.0731222 0.199121
2 0.838782 0.487387 0.0891295 0.430178
0 0.477595 0.682083 0.0818613 0.103013
0 0.677217 0.642522 0.0982142 0.154034
1 0.0814368 0.714444 0.0696307 0.121082
0 0.689153 0.791288 0.0685604 0.135786
0 0.088692 0.879523 0.0867134 0.206139
0 0.378766 0.704403 0.0704084 0.0990746
0 0.769099 0.6727 0.0524078 0.137119
1 0.263901 0.921214 0.0748523 0.155288
1 0.813675 0.765072 0.0645225 0.258139
0 0.72997 0.913629 0.0908792 0.164158
