2 0.732366 0.479904 0.0753965 0.405505
1 0.193233 0.74228 0.0705736 0.192133
1 0.915467 0.814442 0.0818291 0.185077
1 0.369314 0.648239 0.0709438 0.103249
1 0.350752 0.825947 0.0785654 0.241105
1 0.469017 0.810787 0.0702063 0.231645
1 0.469693 0.643094 0.0705648 0.100899
1 0.0786928 0.878004 0.079617 0.198833
3 0.822306 0.733778 0.083812 0.324443
1 0.698978 0.773381 0.0751438 0.200638
4 0.0815099 0.712893 0.0741909 0.121946
1 0.261954 0.917251 0.0816652 0.153408
1 0.82152 0.744356 0.0814925 0.2888
