2 0.840557 0.716756 0.0837253 0.397349
2 0.744865 0.484501 0.0795094 0.391415
1 0.924311 0.817079 0.0803909 0.183561
1 0.191555 0.757787 0.0721228 0.223528
1 0.369668 0.646744 0.0705745 0.105572
1 0.350771 0.82377 0.0771846 0.225373
1 0.474488 0.825327 0.0757889 0.216882
1 0.694313 0.772032 0.0692514 0.187454
1 0.0782366 0.875009 0.078237 0.201858
4 0.0807712 0.711434 0.0683146 0.115461
1 0.739939 0.905321 0.0838355 0.180436
1 0.47387 0.655449 0.0809652 0.112238
1 0.0135121 0.876755 0.0270242 0.195826
