2 0.837269 0.716783 0.084544 0.392808
2 0.757994 0.481793 0.0821426 0.400032
1 0.925588 0.814283 0.0814014 0.181502
1 0.352276 0.823794 0.077879 0.224202
1 0.475228 0.808237 0.0688519 0.235753
1 0.194503 0.759276 0.0731612 0.228776
4 0.0808212 0.70479 0.0653772 0.107224
1 0.695204 0.77399 0.0683783 0.187739
1 0.0836074 0.868767 0.0826203 0.21595
1 0.739943 0.906566 0.085321 0.173694
1 0.370964 0.647077 0.071022 0.103789
1 0.471768 0.642824 0.0676353 0.0899821
1 0.0131892 0.864001 0.0263785 0.224896
