2 0.840164 0.716014 0.0854538 0.396674
2 0.753845 0.481602 0.081551 0.399785
1 0.192359 0.759662 0.0714068 0.226088
1 0.926596 0.814315 0.0791809 0.180715
1 0.372375 0.647361 0.0685206 0.104949
1 0.352316 0.823323 0.0776193 0.226419
1 0.477211 0.807838 0.0661635 0.24151
1 0.0876593 0.871199 0.0797134 0.207604
4 0.0808248 0.707944 0.0673263 0.112919
1 0.694711 0.767437 0.0676018 0.181834
1 0.737356 0.90534 0.0888903 0.178813
1 0.465936 0.642552 0.0693897 0.09246
1 0.0166366 0.859063 0.0332732 0.216134
