2 0.838176 0.718155 0.0880691 0.401063
2 0.755247 0.478265 0.0786427 0.383875
1 0.192818 0.757517 0.0729238 0.226856
1 0.927271 0.809971 0.0780655 0.175393
1 0.352828 0.824901 0.0781566 0.224424
1 0.473648 0.809909 0.0685667 0.247339
1 0.370886 0.648457 0.0711952 0.10814
1 0.083667 0.882541 0.0730362 0.188409
1 0.739918 0.90453 0.0863819 0.180268
1 0.696238 0.768789 0.0677076 0.187258
1 0.467307 0.641288 0.0654329 0.0912916
1 0.0814592 0.721561 0.071484 0.128635
1 0.0148124 0.851334 0.0296247 0.211079
1 0.266639 0.931872 0.08072 0.132952
