4 0.950035 0.464426 0.0877522 0.146673
4 0.956039 0.661201 0.0879224 0.204083
1 0.776091 0.595258 0.0979504 0.217009
1 0.298228 0.449112 0.060556 0.146855
0 0.565616 0.55536 0.0803113 0.139593
4 0.120909 0.366036 0.0579961 0.142216
1 0.610964 0.382313 0.0644899 0.137301
1 0.468307 0.483158 0.067836 0.169394
0 0.23672 0.419502 0.0571646 0.117164
4 0.417729 0.242867 0.0465555 0.101274
4 0.476967 0.267927 0.0457096 0.0849367
4 0.820822 0.448804 0.0557602 0.0906982
0 0.394962 0.356086 0.055511 0.105214
1 0.593331 0.270199 0.0438814 0.0863931
1 0.532884 0.357483 0.053741 0.117582
4 0.0666825 0.342141 0.046415 0.124978
4 0.832401 0.330292 0.0540951 0.114999
4 0.380426 0.18377 0.0331633 0.0867388
4 0.480667 0.192516 0.0405456 0.0790965
1 0.630653 0.216287 0.036588 0.0953305
1 0.269943 0.219359 0.0360425 0.0996776
1 0.693455 0.233971 0.0346005 0.0887905
1 0.665296 0.298825 0.0456716 0.099205
4 0.344951 0.180005 0.0316296 0.0899816
4 0.180652 0.273156 0.0389988 0.118892
1 0.224537 0.28106 0.0448391 0.120599
1 0.312978 0.22333 0.0394338 0.105027
4 0.533987 0.220764 0.0425638 0.0901773
3 0.773769 0.594186 0.103127 0.212284
4 0.222889 0.279137 0.0417161 0.122126
4 0.959016 0.335293 0.0674076 0.0865607
1 0.344377 0.321339 0.0472124 0.105145
4 0.312468 0.223013 0.0405665 0.100458
