1 0.543158 0.711795 0.081922 0.112136
1 0.286111 0.821237 0.100846 0.106736
1 0.368724 0.737215 0.0784441 0.120984
2 0.162047 0.56602 0.137279 0.268215
1 0.367782 0.588457 0.0630534 0.0815084
1 0.744208 0.710045 0.0725151 0.105847
2 0.816741 0.507021 0.107601 0.322368
1 0.0240474 0.52981 0.0476501 0.0785637
1 0.283697 0.486711 0.054669 0.0792997
1 0.0679707 0.476507 0.0589632 0.081304
1 0.138797 0.739798 0.0776686 0.0977459
1 0.403111 0.530179 0.0555756 0.0750201
1 0.535584 0.823589 0.105002 0.0989571
0 0.930819 0.505903 0.0503376 0.0763461
1 0.984061 0.532979 0.0318774 0.0870667
1 0.252346 0.555828 0.0502003 0.071714
1 0.707684 0.530488 0.0508242 0.0713037
1 0.0419882 0.816834 0.0770928 0.0996137
1 0.802084 0.824598 0.102961 0.0836578
1 0.551759 0.533749 0.0481455 0.0688964
1 0.706832 0.647852 0.0636604 0.0873482
0 0.984317 0.636738 0.0313667 0.097492
0 0.710136 0.650719 0.0633944 0.0893361
