1 0.32655 0.519061 0.0720872 0.196214
2 0.751472 0.544966 0.0898571 0.365962
1 0.418859 0.551209 0.070356 0.213532
4 0.628568 0.361669 0.071577 0.150363
1 0.89524 0.387062 0.0597137 0.164496
4 0.437195 0.371632 0.0583439 0.159349
1 0.189205 0.36434 0.0515626 0.165189
1 0.526017 0.434621 0.0624478 0.149187
1 0.491619 0.803318 0.111133 0.317475
1 0.120734 0.460325 0.0642624 0.195668
1 0.836119 0.48866 0.0594639 0.174411
1 0.262582 0.361871 0.0528558 0.170371
4 0.371394 0.309506 0.0515699 0.139885
4 0.605192 0.586635 0.0868951 0.189266
1 0.371035 0.309139 0.0516157 0.139555
1 0.549024 0.306561 0.0495722 0.124543
4 0.315965 0.301984 0.0420061 0.127804
1 0.780784 0.311067 0.0528444 0.103937
1 0.316052 0.303253 0.0404664 0.131233
