2 0.351478 0.75725 0.066769 0.35911
1 0.482966 0.813183 0.0687176 0.245809
1 0.920241 0.811184 0.0790573 0.169731
1 0.82766 0.760747 0.0732515 0.253295
1 0.684308 0.787986 0.0691856 0.241911
1 0.193555 0.743502 0.0723151 0.202256
4 0.0824602 0.736515 0.0643616 0.164952
1 0.268229 0.927316 0.0815951 0.137715
4 0.477939 0.633381 0.0805815 0.103972
1 0.478263 0.63296 0.080407 0.104129
4 0.690802 0.505009 0.0867418 0.251277
4 0.193488 0.742744 0.0705634 0.202719
1 0.0814006 0.738852 0.0632362 0.166471
2 0.690835 0.515648 0.0880854 0.271351
1 0.397266 0.674466 0.0409164 0.132088
