4 0.768841 0.599854 0.0915077 0.205784
4 0.549212 0.533312 0.0707083 0.226598
4 0.943672 0.62878 0.0933735 0.257462
4 0.306659 0.435087 0.0570725 0.171694
4 0.405342 0.335098 0.0510526 0.126751
4 0.471442 0.467817 0.0640936 0.188324
2 0.410903 0.197921 0.0388508 0.153917
1 0.170739 0.372179 0.0497218 0.191243
1 0.831053 0.322955 0.0608204 0.125251
4 0.943352 0.428485 0.0884775 0.14024
4 0.529316 0.34692 0.054257 0.122061
4 0.59606 0.258103 0.0481843 0.0853691
1 0.243131 0.411828 0.0581697 0.136115
2 0.100786 0.374704 0.0770574 0.386317
1 0.609903 0.373648 0.0646366 0.142924
1 0.942353 0.427828 0.0876103 0.140408
1 0.690034 0.232876 0.0410843 0.10418
1 0.376305 0.190138 0.0284353 0.0852277
4 0.314017 0.225094 0.0370226 0.0938047
4 0.475656 0.259844 0.0442221 0.0910615
4 0.532712 0.218446 0.0438205 0.0941578
1 0.242533 0.271825 0.0464882 0.117839
4 0.608886 0.374665 0.0641317 0.143017
4 0.241834 0.411461 0.057025 0.140107
4 0.344847 0.17905 0.0305642 0.0896539
4 0.242778 0.272393 0.0483948 0.11938
4 0.629172 0.221356 0.0379669 0.0989341
4 0.485449 0.182081 0.0416601 0.0748152
1 0.273242 0.21833 0.0329619 0.0903389
4 0.272033 0.219649 0.0310209 0.09246
1 0.661305 0.302029 0.0502661 0.106835
1 0.194885 0.252859 0.0356936 0.0937393
1 0.48609 0.181596 0.0392334 0.0782159
