4 0.468119 0.472373 0.0668915 0.186982
1 0.609564 0.373039 0.0667966 0.140279
1 0.298439 0.437653 0.0712167 0.172901
4 0.950288 0.673837 0.0994236 0.194645
4 0.769521 0.596701 0.0895227 0.206198
4 0.547643 0.523351 0.0708179 0.199061
4 0.806895 0.437255 0.077842 0.112183
4 0.922718 0.345808 0.0729725 0.119432
1 0.131043 0.366112 0.0610121 0.151097
4 0.530925 0.21921 0.0440451 0.0931275
1 0.594454 0.264004 0.0438471 0.076081
1 0.688177 0.230129 0.0427891 0.106751
4 0.477757 0.260684 0.0463738 0.0941195
1 0.826606 0.317952 0.0640732 0.109555
1 0.531167 0.350925 0.0548704 0.123387
4 0.379491 0.182043 0.0315668 0.0890114
1 0.6606 0.303497 0.0453871 0.093787
4 0.418258 0.22384 0.0416105 0.105474
1 0.241389 0.249086 0.0321942 0.0737796
0 0.216812 0.374597 0.0722815 0.187024
1 0.629444 0.220387 0.0393461 0.0958797
4 0.533037 0.348078 0.0522384 0.121241
4 0.827388 0.318969 0.0644756 0.115811
1 0.407923 0.331324 0.0441932 0.123088
1 0.272557 0.217064 0.0334784 0.0950618
1 0.185938 0.244225 0.0375919 0.0786406
4 0.356907 0.314068 0.0437129 0.12437
1 0.380543 0.184774 0.0312002 0.0912289
1 0.313799 0.214729 0.0373097 0.109515
4 0.484693 0.181594 0.0406146 0.0701364
4 0.313538 0.219277 0.0385198 0.113251
4 0.21585 0.370054 0.0717099 0.177567
1 0.418992 0.221898 0.0395756 0.102674
0 0.883995 0.46674 0.0678261 0.131405
4 0.882484 0.463725 0.064341 0.131648
