1 0.541967 0.71239 0.0809158 0.111678
1 0.287859 0.821422 0.0991979 0.104349
1 0.368679 0.589022 0.0648342 0.0834574
1 0.743098 0.709859 0.0710981 0.106867
1 0.0674504 0.476633 0.0595665 0.0838816
2 0.846206 0.593768 0.117239 0.429331
1 0.281733 0.486841 0.0550244 0.0788147
1 0.139758 0.737996 0.0768541 0.103068
1 0.369085 0.738792 0.0799371 0.119579
2 0.161294 0.563131 0.138555 0.265123
1 0.542216 0.824569 0.108769 0.101633
1 0.402505 0.530577 0.0566246 0.0759939
0 0.929738 0.506545 0.0473644 0.0798233
1 0.551035 0.536273 0.0499348 0.0669192
1 0.252707 0.557238 0.0512967 0.0706463
0 0.369077 0.738025 0.0801388 0.12002
1 0.0408594 0.817381 0.079976 0.100248
1 0.984401 0.531479 0.0311985 0.0870366
0 0.0192944 0.532421 0.0378705 0.0759542
1 0.168732 0.48399 0.0782526 0.115219
1 0.708322 0.529616 0.0510744 0.0721458
0 0.985189 0.633709 0.0296224 0.0992512
1 0.797464 0.824034 0.0971903 0.084049
0 0.70572 0.649362 0.0610176 0.0872772
1 0.668983 0.456186 0.041655 0.0644667
