0 0.785767 0.640219 0.125843 0.197223
0 0.523875 0.377123 0.070256 0.128833
4 0.816284 0.435374 0.0935339 0.150542
0 0.125812 0.372651 0.0543949 0.136956
0 0.54704 0.590964 0.0802864 0.144231
4 0.953179 0.496172 0.0778229 0.110469
0 0.601483 0.392164 0.0640665 0.121858
0 0.393372 0.352349 0.0591673 0.104004
0 0.295791 0.478613 0.07822 0.125702
0 0.339014 0.329737 0.0470583 0.106866
1 0.669154 0.308144 0.0498053 0.100407
0 0.216847 0.440937 0.069406 0.10946
4 0.59688 0.285759 0.052334 0.0834508
4 0.225209 0.303245 0.0580747 0.109162
4 0.831788 0.315686 0.060141 0.0959377
1 0.0705182 0.339573 0.0485056 0.12476
1 0.917803 0.34674 0.0702351 0.121999
1 0.53324 0.222989 0.0470249 0.0940875
4 0.070668 0.34 0.0480588 0.123153
1 0.380253 0.186604 0.0342398 0.0930928
4 0.917728 0.347985 0.0727787 0.123221
1 0.831751 0.31546 0.061075 0.0954145
0 0.310039 0.229148 0.0443181 0.0984066
4 0.532899 0.224447 0.0461384 0.0941261
0 0.170166 0.286359 0.0442005 0.0990147
0 0.2638 0.228938 0.0386568 0.0924956
0 0.458384 0.524513 0.0674169 0.140397
4 0.970206 0.68865 0.0595169 0.221792
1 0.59753 0.28757 0.0540667 0.0894623
1 0.34418 0.189101 0.0341356 0.0916208
