4 0.685926 0.475197 0.0874334 0.223195
1 0.602824 0.424197 0.0663004 0.193489
0 0.445882 0.286052 0.0531589 0.148988
0 0.193481 0.519053 0.0890564 0.212651
1 0.889817 0.274327 0.076823 0.151013
0 0.486893 0.664562 0.108023 0.250582
1 0.786027 0.33724 0.0696422 0.138693
1 0.310177 0.34292 0.0517005 0.164246
1 0.110483 0.493438 0.068738 0.201346
4 0.110957 0.489923 0.0691184 0.196741
0 0.515341 0.291459 0.0691164 0.142333
0 0.910799 0.887457 0.151629 0.218429
4 0.627693 0.244065 0.0593265 0.11228
4 0.377207 0.398339 0.0825739 0.165856
1 0.704735 0.287813 0.0628 0.179334
0 0.98395 0.5017 0.0321001 0.20816
1 0.984672 0.507476 0.0306553 0.221196
0 0.376893 0.400916 0.084148 0.161911
