0 0.40649 0.350524 0.0662519 0.120538
4 0.534998 0.220145 0.0406824 0.0940891
4 0.0640056 0.351533 0.052205 0.114102
4 0.950924 0.474356 0.0865646 0.141661
4 0.122577 0.359858 0.0550768 0.151276
1 0.605921 0.378996 0.0625416 0.143212
1 0.691997 0.23385 0.0471296 0.0992328
0 0.515101 0.385175 0.067721 0.0999931
0 0.919818 0.340263 0.0723797 0.11917
0 0.485307 0.516811 0.0779123 0.124725
1 0.785619 0.605377 0.109399 0.216626
1 0.824817 0.305959 0.0588624 0.0959161
4 0.475085 0.266305 0.0463201 0.0933169
4 0.241047 0.412087 0.0500651 0.131919
4 0.630326 0.216474 0.0477472 0.115527
4 0.295013 0.441496 0.057903 0.168162
4 0.491779 0.191313 0.0365444 0.0897955
0 0.543253 0.592945 0.0758661 0.1379
4 0.42284 0.235108 0.0403547 0.103072
0 0.346759 0.30985 0.0460578 0.11815
0 0.812533 0.447865 0.0874847 0.104457
4 0.947506 0.710264 0.104988 0.159199
4 0.179767 0.278326 0.0448679 0.118949
0 0.786396 0.603285 0.108601 0.214428
4 0.348046 0.184387 0.0340693 0.0870661
1 0.421932 0.233811 0.0403372 0.102251
4 0.316165 0.217441 0.039026 0.101077
1 0.382053 0.18407 0.0318954 0.0882576
4 0.230771 0.279638 0.052254 0.118944
1 0.27097 0.221564 0.0386668 0.0947986
0 0.668516 0.317511 0.0528276 0.0901321
1 0.316702 0.215078 0.035542 0.0999824
1 0.230313 0.277509 0.0498774 0.115831
