4 0.948681 0.650246 0.102637 0.234995
4 0.0661643 0.351581 0.0516242 0.11091
4 0.12196 0.360069 0.0521211 0.151145
4 0.535384 0.22082 0.0439209 0.092311
0 0.487931 0.521107 0.0792278 0.130179
1 0.517587 0.368072 0.0661005 0.125873
0 0.407976 0.348818 0.0596219 0.123752
1 0.786941 0.600914 0.108351 0.224813
4 0.243806 0.412 0.0660533 0.140456
0 0.351512 0.312528 0.0443772 0.123749
1 0.475801 0.259917 0.0451001 0.0963027
1 0.631492 0.213885 0.0485579 0.112676
1 0.606231 0.380863 0.0624339 0.141121
4 0.382194 0.183716 0.0323772 0.0869504
4 0.419074 0.229184 0.0423472 0.110815
4 0.827811 0.310186 0.0656206 0.108992
4 0.180421 0.273748 0.0425152 0.11816
0 0.927909 0.333263 0.0716705 0.107674
0 0.693483 0.235539 0.0444059 0.0964127
1 0.95012 0.455118 0.0981012 0.13829
1 0.270165 0.219018 0.0374313 0.101572
0 0.787136 0.599384 0.108263 0.222459
1 0.229895 0.279513 0.0490642 0.120086
4 0.228282 0.278007 0.0459854 0.119967
4 0.315545 0.219573 0.0376448 0.105124
4 0.477199 0.262671 0.0460744 0.0947694
1 0.316894 0.21479 0.035653 0.100675
4 0.347605 0.184308 0.0326764 0.087309
1 0.382822 0.185416 0.0313749 0.0911751
0 0.943756 0.457506 0.108915 0.142617
0 0.606174 0.380702 0.0638748 0.14083
0 0.668291 0.315407 0.0555337 0.0955398
