4 0.902474 0.432566 0.0693647 0.164319
4 0.809671 0.429634 0.087005 0.147705
4 0.538543 0.525298 0.0714718 0.200291
4 0.784006 0.608393 0.110452 0.192919
1 0.60662 0.376671 0.0624648 0.144011
4 0.402407 0.343305 0.0560274 0.113469
4 0.356816 0.313307 0.0383865 0.129136
1 0.45855 0.483385 0.073222 0.172356
4 0.951223 0.653084 0.0951666 0.231618
4 0.473006 0.261332 0.0493488 0.0973137
1 0.293188 0.43694 0.0560907 0.155418
1 0.531496 0.354979 0.0534398 0.11563
1 0.535978 0.213627 0.0423288 0.104922
0 0.237838 0.423674 0.0538705 0.12547
4 0.630534 0.215327 0.0439409 0.101149
0 0.0932097 0.382019 0.0643592 0.0945448
4 0.844512 0.315498 0.0596724 0.101993
1 0.599619 0.270443 0.0464449 0.0759249
4 0.315564 0.22356 0.0381248 0.100628
1 0.272236 0.222605 0.0387513 0.0992964
4 0.225774 0.279514 0.0436029 0.125383
4 0.186725 0.274603 0.038046 0.121694
0 0.667198 0.302473 0.0452222 0.0979944
4 0.271603 0.221091 0.0370908 0.096086
1 0.225797 0.279447 0.0438752 0.124533
1 0.184976 0.274384 0.0405548 0.122718
