4 0.78412 0.601214 0.110082 0.206478
4 0.541463 0.533945 0.0750372 0.217237
1 0.601392 0.367696 0.0605228 0.138178
4 0.931455 0.448761 0.104375 0.141934
4 0.409729 0.340196 0.0526711 0.117543
4 0.950108 0.650988 0.0997849 0.229271
0 0.13787 0.373271 0.0526847 0.13243
4 0.474478 0.257184 0.0495298 0.0976809
0 0.240395 0.424058 0.0518804 0.125096
4 0.0644725 0.347369 0.060357 0.108212
0 0.82311 0.429864 0.0854746 0.133797
4 0.834169 0.311932 0.0566409 0.104762
1 0.53664 0.216943 0.0416144 0.0920922
1 0.949628 0.652531 0.0995293 0.227535
1 0.41899 0.228355 0.0411203 0.105466
1 0.663587 0.298115 0.0447538 0.104069
4 0.628551 0.206233 0.042139 0.0948214
4 0.294267 0.438052 0.0551691 0.159442
1 0.271069 0.218663 0.0367097 0.0975034
1 0.464052 0.469539 0.0577396 0.193884
1 0.223229 0.284063 0.0492566 0.119814
1 0.518988 0.351132 0.0541994 0.111653
0 0.463749 0.469466 0.0578651 0.19456
0 0.377513 0.206044 0.0345414 0.0767743
4 0.171152 0.274593 0.045793 0.105137
4 0.420433 0.228383 0.0410419 0.104712
1 0.345739 0.178307 0.0330606 0.0900212
1 0.0631805 0.346456 0.0616734 0.109045
4 0.27181 0.219314 0.0378281 0.100779
1 0.294713 0.440095 0.0575681 0.162497
4 0.367006 0.315574 0.0335406 0.123856
