1 0.919721 0.808937 0.0934675 0.180269
1 0.820802 0.763349 0.0763393 0.256027
1 0.692233 0.779192 0.0698566 0.221053
1 0.352306 0.828938 0.0737836 0.21908
1 0.185474 0.755102 0.0785031 0.20828
1 0.382973 0.662079 0.0624285 0.120499
1 0.474247 0.810707 0.0711151 0.245458
3 0.0857494 0.712615 0.0876874 0.115638
1 0.471644 0.643241 0.0689676 0.100305
1 0.268003 0.924619 0.0772017 0.1505
2 0.342694 0.494071 0.0767866 0.289007
1 0.687763 0.616206 0.0772249 0.109218
1 0.0772774 0.868787 0.0684802 0.184533
0 0.0170353 0.826202 0.0340097 0.151232
1 0.0169259 0.83092 0.0336618 0.162315
