4 0.895676 0.602997 0.0855572 0.229316
4 0.671895 0.443462 0.0686276 0.145275
4 0.315839 0.709449 0.0683754 0.199971
4 0.92305 0.367361 0.0622177 0.175911
4 0.549994 0.561554 0.0712883 0.203437
4 0.769166 0.369204 0.0739307 0.143019
2 0.466623 0.319082 0.0688929 0.343428
4 0.0942006 0.59327 0.0957806 0.264353
1 0.404147 0.364652 0.0562116 0.166347
4 0.580771 0.386305 0.065313 0.165245
4 0.458402 0.547027 0.0712423 0.172647
1 0.334463 0.364772 0.0579065 0.154764
4 0.870443 0.434893 0.0668858 0.111357
1 0.764091 0.579416 0.0697571 0.19017
4 0.981039 0.48002 0.0379217 0.178771
4 0.0193719 0.571661 0.0387438 0.191941
1 0.193127 0.441424 0.0578218 0.184744
4 0.687604 0.312667 0.0521654 0.139602
2 0.51294 0.286764 0.0499769 0.23601
4 0.260578 0.490011 0.0683798 0.168916
4 0.401245 0.731629 0.0853763 0.24435
4 0.193852 0.438137 0.0585328 0.183519
