1 0.469396 0.469885 0.0617825 0.197119
1 0.175681 0.404771 0.068985 0.314829
4 0.948241 0.655499 0.101495 0.218479
1 0.608631 0.368201 0.0512299 0.142844
4 0.93315 0.328398 0.0693275 0.104486
1 0.407281 0.330033 0.0435426 0.118948
1 0.356133 0.309971 0.0428987 0.109248
1 0.667347 0.299711 0.0464534 0.102992
1 0.31591 0.418546 0.0533598 0.158404
1 0.951111 0.458546 0.0940392 0.148768
1 0.834291 0.325719 0.0692949 0.141376
1 0.235382 0.290423 0.0450817 0.126738
1 0.117662 0.347169 0.0399148 0.140352
1 0.696134 0.231991 0.040042 0.109122
1 0.597699 0.261172 0.0434134 0.0730503
1 0.270351 0.21533 0.034972 0.0976259
4 0.483656 0.189657 0.0398317 0.0846783
1 0.418699 0.225772 0.0389733 0.100559
1 0.06036 0.349807 0.0531569 0.103107
1 0.629554 0.209736 0.0405846 0.10469
4 0.47239 0.268616 0.0472906 0.0930612
1 0.53547 0.221199 0.0452069 0.0984153
2 0.548092 0.469954 0.0715076 0.286941
4 0.377835 0.185112 0.0331103 0.0901425
1 0.777425 0.633898 0.114102 0.158254
4 0.314519 0.221319 0.0402765 0.10581
1 0.377676 0.185568 0.0333047 0.0900307
4 0.346668 0.188792 0.0280837 0.0885835
1 0.259176 0.424902 0.0618685 0.11783
1 0.313584 0.224602 0.0395675 0.108395
1 0.484405 0.189279 0.0393829 0.0830022
