3 0.95971 0.888094 0.0805796 0.200515
0 0.10797 0.682739 0.0816754 0.230655
1 0.202864 0.816369 0.0795555 0.206294
1 0.321669 0.851779 0.0850764 0.261999
0 0.82594 0.884812 0.11034 0.209944
1 0.84131 0.630429 0.0798119 0.166239
0 0.893587 0.770382 0.0640553 0.183787
0 0.511434 0.87564 0.120302 0.21952
2 0.448535 0.372431 0.0677012 0.215865
1 0.649647 0.865456 0.0879034 0.223997
0 0.522452 0.692428 0.0810448 0.129241
1 0.627117 0.684873 0.0854218 0.12716
0 0.13528 0.495698 0.0746794 0.151943
1 0.324165 0.579991 0.0701843 0.163066
1 0.52544 0.573767 0.0762346 0.11731
1 0.970404 0.575807 0.0589859 0.164989
1 0.0164453 0.731242 0.0328906 0.221374
1 0.734634 0.62489 0.07596 0.141435
1 0.62636 0.582206 0.064838 0.0879822
0 0.262067 0.695492 0.0573747 0.184182
1 0.42113 0.600045 0.0741902 0.236148
2 0.219144 0.538098 0.0684746 0.247876
1 0.385781 0.729332 0.0521991 0.182581
0 0.322591 0.5785 0.0708182 0.163407
1 0.771427 0.754627 0.0645981 0.147299
