2 0.834071 0.483387 0.079299 0.408728
2 0.165476 0.568228 0.138102 0.270995
1 0.750751 0.709435 0.0748721 0.108114
0 0.370628 0.742276 0.0832459 0.120481
1 0.291397 0.820053 0.0957079 0.102504
1 0.535653 0.715223 0.0807322 0.107165
1 0.137216 0.737102 0.078739 0.0983482
1 0.0679752 0.478649 0.0594586 0.0820348
1 0.556514 0.82508 0.106616 0.105917
1 0.374309 0.591614 0.0656594 0.0854345
1 0.281198 0.4865 0.0529616 0.0754796
1 0.982807 0.525605 0.0342571 0.0730743
1 0.707443 0.648136 0.0631338 0.0850472
1 0.254365 0.556699 0.0495168 0.071934
0 0.983282 0.644366 0.0334208 0.0903956
1 0.551545 0.536642 0.0474176 0.0618767
1 0.709157 0.53132 0.0527124 0.0725708
1 0.0211526 0.531537 0.042229 0.0757116
1 0.806324 0.825735 0.105339 0.0878656
0 0.926536 0.510167 0.0441505 0.0696569
1 0.406879 0.532973 0.0542587 0.0745558
1 0.676686 0.505834 0.0443811 0.0691789
1 0.668502 0.456018 0.0414284 0.0616074
0 0.542485 0.638169 0.0670162 0.0736514
