3 0.955894 0.87764 0.0882118 0.213309
1 0.32089 0.582897 0.0653417 0.167841
0 0.645267 0.879212 0.107256 0.215751
2 0.140289 0.641061 0.0765985 0.359068
1 0.468667 0.889795 0.111159 0.21436
1 0.840856 0.635213 0.0735689 0.16768
1 0.326037 0.846678 0.0792678 0.262181
2 0.723944 0.402877 0.0706171 0.228875
1 0.968736 0.583333 0.061034 0.161887
0 0.517344 0.693839 0.0992796 0.135794
1 0.731432 0.607091 0.0825131 0.160752
1 0.838503 0.882482 0.0976213 0.208954
1 0.514862 0.570418 0.0694098 0.108348
1 0.616043 0.588055 0.0747048 0.11291
1 0.381184 0.70369 0.0673696 0.156438
1 0.624427 0.703725 0.0763895 0.122947
1 0.194591 0.816085 0.0619269 0.200691
0 0.417066 0.566235 0.0571261 0.152782
4 0.220589 0.523018 0.0569443 0.18702
1 0.0236279 0.725341 0.0472559 0.209737
0 0.245332 0.703796 0.0574419 0.174278
1 0.764836 0.751813 0.0695603 0.155533
1 0.245338 0.701776 0.0596404 0.171068
1 0.220433 0.525747 0.0542916 0.195291
