1 0.536738 0.713335 0.0786914 0.106059
0 0.370055 0.744636 0.083865 0.117346
2 0.166133 0.573844 0.137213 0.289087
1 0.288524 0.821097 0.0962338 0.103668
2 0.784949 0.443935 0.10107 0.287569
1 0.371154 0.592158 0.0670094 0.0852488
1 0.067579 0.478573 0.0588818 0.0811192
1 0.554007 0.824568 0.107781 0.109242
1 0.0211928 0.528311 0.0423476 0.0795325
1 0.750834 0.709821 0.0749591 0.110965
1 0.28167 0.487559 0.0523899 0.0768239
0 0.1509 0.749836 0.0692024 0.0920943
1 0.0384123 0.816589 0.0747987 0.0993753
1 0.254805 0.556383 0.0518986 0.0697295
1 0.982463 0.52556 0.0349861 0.0745405
1 0.806381 0.826844 0.104202 0.0904118
0 0.984241 0.642478 0.0314583 0.0899345
1 0.705968 0.532329 0.0488776 0.0676584
1 0.408424 0.53645 0.0532889 0.0753098
1 0.553498 0.535964 0.0481276 0.0683599
0 0.706393 0.649158 0.0580234 0.0838811
1 0.150192 0.749471 0.0720276 0.088544
1 0.171405 0.489269 0.0732086 0.120602
0 0.926642 0.510787 0.0451141 0.0700292
1 0.665797 0.45562 0.041701 0.0588902
1 0.70571 0.649566 0.0609098 0.08592
1 0.675164 0.504478 0.0429934 0.0685081
