1 0.0837152 0.769326 0.112666 0.311534
1 0.219036 0.70733 0.0947441 0.236995
1 0.324114 0.649382 0.0702118 0.204735
4 0.123908 0.485323 0.0949394 0.259343
4 0.882744 0.598119 0.058461 0.119599
2 0.590771 0.615128 0.112334 0.575487
1 0.977827 0.809349 0.0443452 0.370479
4 0.920542 0.776873 0.0788101 0.306739
1 0.922132 0.770262 0.0813609 0.292758
3 0.705223 0.751859 0.15415 0.284832
1 0.0234635 0.663625 0.0467084 0.187788
3 0.703087 0.590797 0.0868271 0.130181
4 0.883055 0.620328 0.0577999 0.108095
