2 0.170853 0.56182 0.137081 0.268982
1 0.374691 0.728705 0.084788 0.126894
1 0.286447 0.818997 0.0984158 0.101962
1 0.0435011 0.801162 0.0855365 0.107915
1 0.544111 0.714202 0.0774327 0.11512
1 0.355888 0.585375 0.0693553 0.0834129
1 0.935179 0.497653 0.0538841 0.077791
1 0.161066 0.729828 0.0794597 0.11277
1 0.695343 0.602314 0.0609933 0.0868849
1 0.751445 0.710993 0.073315 0.0988419
1 0.82463 0.819039 0.100941 0.0994445
1 0.260319 0.55075 0.0562552 0.0772068
1 0.751299 0.626493 0.0745637 0.0876144
1 0.98114 0.521438 0.03772 0.0817969
1 0.0679964 0.476802 0.0591959 0.0831752
2 0.920148 0.373582 0.0705404 0.175423
1 0.0166044 0.526835 0.0332089 0.0757113
1 0.280023 0.483584 0.0519901 0.0710318
1 0.702258 0.53086 0.0514506 0.0709902
1 0.408591 0.527789 0.0553547 0.0754465
1 0.540034 0.596412 0.0560542 0.0757106
1 0.551496 0.535737 0.0479664 0.0634107
1 0.668306 0.456156 0.0438074 0.0635595
1 0.554821 0.826302 0.0945692 0.092789
1 0.90181 0.46589 0.0436157 0.0677353
