2 0.107519 0.680104 0.140453 0.639792
1 0.902125 0.722744 0.109823 0.212273
1 0.667367 0.886488 0.135279 0.212454
1 0.518388 0.780259 0.128114 0.268307
1 0.941494 0.550598 0.0815819 0.134888
1 0.643683 0.571425 0.0747837 0.176076
1 0.706211 0.481985 0.0577105 0.119835
0 0.315279 0.42695 0.0748882 0.122383
1 0.560695 0.330031 0.045791 0.097244
1 0.749663 0.38114 0.0471186 0.090038
1 0.393736 0.461195 0.0560567 0.147871
1 0.703148 0.224459 0.0389248 0.0893205
1 0.26945 0.609216 0.0790651 0.236406
1 0.614014 0.283217 0.0368731 0.0989713
1 0.762385 0.626371 0.0871854 0.176629
1 0.939919 0.44182 0.0719574 0.0846478
1 0.548357 0.243271 0.0389898 0.0766644
1 0.451033 0.202323 0.0352425 0.0798165
1 0.248915 0.306657 0.0467041 0.10038
1 0.843386 0.427027 0.0670771 0.0882431
1 0.409527 0.337109 0.0519638 0.0947841
1 0.473113 0.374633 0.0512002 0.127326
1 0.654941 0.252326 0.0326454 0.0841765
1 0.508279 0.297446 0.0323509 0.0891939
1 0.0926398 0.324278 0.0394665 0.0790452
1 0.386482 0.231144 0.035931 0.0828269
1 0.970214 0.317729 0.0531258 0.075893
1 0.0239738 0.422583 0.0446569 0.109724
1 0.201025 0.28201 0.0447719 0.090704
1 0.193839 0.519805 0.0572337 0.154905
1 0.779614 0.317594 0.0404448 0.076771
1 0.861691 0.35394 0.0532078 0.0645001
1 0.882742 0.292837 0.0425448 0.0698449
1 0.331039 0.276749 0.0484234 0.094852
1 0.804 0.499583 0.0700637 0.0980124
1 0.420147 0.190457 0.0257461 0.069897
1 0.950123 0.37746 0.0595577 0.056436
4 0.3305 0.277616 0.048008 0.0943798
1 0.285178 0.246204 0.0364642 0.0834178
1 0.606526 0.215394 0.0272774 0.0582659
