4 0.681567 0.885181 0.120496 0.213151
1 0.943537 0.544386 0.0872208 0.121623
1 0.703679 0.222689 0.0369687 0.0875835
4 0.263893 0.576578 0.0852566 0.184048
1 0.570428 0.320723 0.0467194 0.0977225
1 0.395761 0.450058 0.0554 0.168185
3 0.406803 0.327644 0.0606833 0.0860632
1 0.508963 0.29594 0.0338495 0.0810552
1 0.449189 0.201574 0.038365 0.0837577
1 0.248869 0.305391 0.0476981 0.10357
1 0.476024 0.375139 0.0540812 0.124777
0 0.529272 0.766443 0.108531 0.257097
3 0.646022 0.565284 0.0837199 0.166964
3 0.775189 0.610894 0.0952385 0.176199
1 0.936329 0.435937 0.0757973 0.0944483
1 0.656708 0.247821 0.038165 0.0829669
1 0.19863 0.279958 0.0439038 0.0947936
1 0.754325 0.361889 0.0438609 0.0976506
1 0.548428 0.241899 0.0402493 0.0811921
1 0.529846 0.768143 0.108796 0.253866
1 0.853066 0.417743 0.0518053 0.106847
1 0.790491 0.323996 0.0364304 0.0854436
1 0.331833 0.264874 0.0430241 0.0934775
1 0.611746 0.273452 0.0364695 0.0846567
4 0.329477 0.406833 0.0602795 0.137316
4 0.034442 0.432338 0.0604621 0.13165
1 0.135412 0.352356 0.0512697 0.110107
1 0.389378 0.236401 0.0358051 0.0780709
4 0.911933 0.69136 0.115199 0.167107
3 0.396217 0.448644 0.0571304 0.172351
1 0.865475 0.344378 0.0433365 0.0627997
1 0.286462 0.243591 0.0332556 0.0854967
2 0.648028 0.474077 0.109602 0.34777
0 0.797411 0.465653 0.0703002 0.123676
1 0.26594 0.571567 0.0866877 0.175847
2 0.329896 0.407587 0.062115 0.134295
