1 0.192224 0.778887 0.0490346 0.0700216
2 0.403733 0.546883 0.0442461 0.110922
1 0.290466 0.709687 0.0434013 0.0685752
2 0.586828 0.727151 0.089662 0.268485
1 0.368542 0.827831 0.0547069 0.0759579
1 0.313844 0.774319 0.0482115 0.0678059
1 0.0781351 0.80707 0.0593874 0.0849386
1 0.0532404 0.743 0.053489 0.0683245
1 0.472515 0.690397 0.0372509 0.0525375
1 0.443796 0.636304 0.0337199 0.0503616
4 0.684774 0.759995 0.057921 0.0756185
1 0.411129 0.626821 0.0291505 0.0452891
1 0.532012 0.633811 0.038772 0.0530146
1 0.00871903 0.645515 0.0174381 0.0597449
1 0.244228 0.604141 0.0311113 0.0433601
1 0.465495 0.595954 0.0262148 0.0411451
1 0.0721141 0.699093 0.0407392 0.0622259
1 0.482581 0.624105 0.0299992 0.0465809
1 0.280896 0.651014 0.0386271 0.0505146
1 0.0859491 0.656547 0.0377477 0.0509375
1 0.223884 0.848117 0.0734165 0.0664843
1 0.167436 0.608002 0.0277266 0.0398532
