3 0.531226 0.754605 0.119902 0.235366
3 0.704627 0.591523 0.115447 0.25148
3 0.204654 0.516663 0.0642415 0.17409
3 0.913954 0.67938 0.0881229 0.176065
3 0.664989 0.888488 0.107529 0.205622
3 0.386908 0.4504 0.0730826 0.172749
0 0.815442 0.525028 0.0796417 0.13635
3 0.276189 0.548227 0.0735609 0.183319
3 0.925622 0.422674 0.0785923 0.10738
3 0.46602 0.370022 0.0695547 0.135805
3 0.387418 0.322841 0.0638964 0.0972756
3 0.919597 0.52637 0.0879578 0.117499
3 0.446678 0.202697 0.0415245 0.0868826
4 0.0485639 0.430559 0.0618319 0.154817
3 0.323439 0.259929 0.0428532 0.0910894
3 0.599782 0.210691 0.0409398 0.0720141
1 0.890996 0.301428 0.0386747 0.0855276
3 0.319538 0.400256 0.0533598 0.109143
3 0.218042 0.273015 0.0366388 0.0937755
1 0.764314 0.361415 0.0421118 0.102515
0 0.834717 0.372283 0.06376 0.165666
1 0.559958 0.328583 0.0551632 0.094257
3 0.546436 0.238301 0.0439343 0.082861
3 0.391078 0.225901 0.0448004 0.0841223
0 0.133044 0.364467 0.0595809 0.126948
3 0.604705 0.206702 0.0332538 0.0640109
1 0.250252 0.304214 0.0493767 0.10551
1 0.975453 0.31881 0.0413765 0.0981077
1 0.607297 0.278134 0.039761 0.0934661
3 0.253308 0.303848 0.0538252 0.108364
1 0.698742 0.209109 0.035194 0.0653703
