2 0.267201 0.681516 0.125711 0.636969
4 0.518912 0.792092 0.133347 0.296411
1 0.636184 0.564086 0.0821187 0.171902
1 0.470671 0.383171 0.0507496 0.128426
4 0.786718 0.627695 0.105637 0.1925
1 0.707215 0.226806 0.0397686 0.0863708
2 0.823551 0.37925 0.0522189 0.177567
1 0.936924 0.538197 0.0956978 0.150168
1 0.250301 0.299904 0.0470391 0.0987141
1 0.660374 0.251736 0.0356834 0.0925
1 0.168577 0.493166 0.084822 0.156149
1 0.401798 0.450374 0.05614 0.161492
1 0.326901 0.268731 0.0453671 0.0888123
1 0.141686 0.34445 0.042431 0.108561
1 0.406439 0.326675 0.0533111 0.0869884
1 0.200141 0.278622 0.0447019 0.0965208
4 0.0590485 0.443051 0.0528084 0.150385
1 0.451113 0.203044 0.0399181 0.082928
1 0.386963 0.237587 0.039218 0.0737622
1 0.613267 0.283804 0.0372181 0.105751
1 0.517028 0.301717 0.036668 0.0827078
1 0.750839 0.367169 0.0544359 0.086703
1 0.721597 0.46749 0.0586086 0.124663
1 0.338661 0.405303 0.0475262 0.139247
1 0.937094 0.699453 0.105018 0.165986
1 0.015527 0.367795 0.0310541 0.122342
4 0.924017 0.418963 0.0756643 0.0949161
4 0.936419 0.698939 0.103232 0.168135
1 0.968454 0.30655 0.0517811 0.082505
1 0.10274 0.331526 0.0331766 0.0877133
1 0.868914 0.348412 0.036507 0.0936459
3 0.786631 0.483096 0.0613105 0.103727
2 0.571761 0.382354 0.0454297 0.298353
1 0.414963 0.188464 0.0251852 0.0679004
