4 0.929195 0.692843 0.0862601 0.161166
2 0.387516 0.64576 0.121116 0.587235
1 0.535869 0.788117 0.100084 0.284495
0 0.693612 0.4841 0.0677563 0.128577
1 0.568088 0.325469 0.0509708 0.08951
1 0.187057 0.515173 0.0834765 0.181902
1 0.696897 0.219805 0.039679 0.0853476
2 0.60884 0.50994 0.0895195 0.275615
1 0.250252 0.304258 0.046117 0.102069
1 0.450397 0.202802 0.0388366 0.0814637
1 0.540634 0.250065 0.0377268 0.0861339
4 0.792943 0.596314 0.0880278 0.207217
1 0.610001 0.283696 0.0372286 0.092396
1 0.26642 0.580929 0.0718639 0.166904
1 0.748879 0.389306 0.0634468 0.112364
1 0.654161 0.251883 0.0379011 0.0854198
3 0.471066 0.371389 0.0503006 0.130963
1 0.936036 0.528076 0.0956266 0.147272
1 0.843318 0.420772 0.0758446 0.09836
1 0.0838963 0.320024 0.0426233 0.0868858
1 0.606784 0.510569 0.0893349 0.273506
1 0.132891 0.358132 0.0553293 0.0953452
3 0.0545523 0.430509 0.0556205 0.134148
1 0.388162 0.237191 0.039192 0.0814912
1 0.505929 0.296914 0.0304525 0.0820151
3 0.936918 0.526859 0.0956223 0.146596
3 0.187743 0.51559 0.0836427 0.179574
3 0.0800845 0.319255 0.0494864 0.0916444
0 0.842157 0.42284 0.0745171 0.0976942
1 0.858634 0.34667 0.055587 0.0671114
1 0.90295 0.309114 0.0354727 0.0826184
1 0.317602 0.266482 0.0450378 0.0915318
1 0.211535 0.280743 0.0360662 0.0882522
1 0.956125 0.374528 0.0582905 0.074548
1 0.355476 0.21763 0.0270466 0.0701091
0 0.0150873 0.388944 0.0301746 0.112156
1 0.299989 0.412754 0.0722281 0.12228
1 0.966246 0.30964 0.0527569 0.0611907
