2 0.0583754 0.388575 0.0945965 0.336568
2 0.299503 0.367787 0.0523308 0.214409
4 0.386863 0.448381 0.0540401 0.156179
1 0.931121 0.702436 0.0879275 0.158598
1 0.569515 0.328138 0.0518069 0.102952
1 0.41809 0.334006 0.0431896 0.0925741
1 0.697353 0.216797 0.0428141 0.0844986
4 0.547742 0.776802 0.0914704 0.263135
4 0.274202 0.585643 0.0651625 0.213839
1 0.473575 0.379278 0.051858 0.138671
0 0.944012 0.556064 0.108406 0.1316
1 0.206946 0.285688 0.040533 0.0806898
1 0.855281 0.424235 0.0629169 0.0964959
1 0.547841 0.245992 0.0377842 0.0735585
1 0.448577 0.203057 0.0404078 0.0801566
4 0.206205 0.52863 0.0707364 0.158313
1 0.965703 0.308113 0.055752 0.0706649
1 0.747009 0.380176 0.05278 0.110201
1 0.60853 0.287222 0.0353052 0.0847324
1 0.861549 0.341148 0.0555779 0.071216
1 0.507352 0.29708 0.0335697 0.0858125
3 0.651176 0.532556 0.0797806 0.23577
1 0.142587 0.375474 0.0547021 0.139989
1 0.384889 0.23946 0.0421035 0.0835756
4 0.708825 0.890037 0.106905 0.192895
4 0.652691 0.561633 0.0756306 0.179542
1 0.784585 0.320248 0.0476489 0.0917492
1 0.648627 0.250965 0.039094 0.0829874
1 0.250665 0.29852 0.0387736 0.0880637
1 0.961274 0.385611 0.0607662 0.0797214
0 0.143984 0.377761 0.055735 0.145579
3 0.758642 0.617559 0.0825103 0.170319
4 0.760124 0.618187 0.0821398 0.17378
1 0.810378 0.502099 0.0632736 0.107351
1 0.547721 0.776331 0.094376 0.265079
1 0.334806 0.262141 0.0321972 0.0989768
4 0.927592 0.4432 0.0670925 0.0909319
0 0.206156 0.528676 0.071878 0.162103
0 0.930267 0.444163 0.0714925 0.0849195
