2 0.399775 0.586074 0.099551 0.629634
4 0.548721 0.778765 0.0908625 0.250743
4 0.669834 0.892233 0.10299 0.180594
1 0.633362 0.573618 0.0786022 0.147592
0 0.933269 0.702498 0.0903202 0.157876
1 0.277767 0.571785 0.067542 0.191122
1 0.477326 0.378965 0.0473546 0.133034
1 0.568358 0.330595 0.0482577 0.0986761
1 0.74071 0.377736 0.0592494 0.113679
1 0.856022 0.418098 0.0629926 0.106784
1 0.956291 0.386249 0.0642419 0.0776457
1 0.200479 0.507423 0.0640308 0.149939
1 0.252022 0.308331 0.0485379 0.0967471
1 0.701426 0.226963 0.0411644 0.0862849
1 0.609751 0.285469 0.0361702 0.0825183
1 0.54677 0.250836 0.0385531 0.0749954
1 0.654178 0.25902 0.0377888 0.0836642
1 0.507263 0.299739 0.0334553 0.0806196
1 0.381947 0.237148 0.0362724 0.0778832
1 0.944643 0.543862 0.0927357 0.148635
1 0.201154 0.291237 0.0388421 0.0754341
1 0.450144 0.203338 0.0386784 0.080184
1 0.967358 0.31419 0.0565242 0.067839
1 0.326832 0.265194 0.0463164 0.101732
1 0.872661 0.30053 0.0598759 0.0806007
4 0.0411667 0.438011 0.0594554 0.140068
1 0.695671 0.473731 0.0627399 0.106465
1 0.0853237 0.3198 0.0381431 0.0849694
1 0.806696 0.492579 0.054845 0.127212
3 0.945171 0.543291 0.0885143 0.149743
4 0.130048 0.368107 0.0609761 0.104439
3 0.75366 0.61682 0.0870605 0.179732
1 0.78239 0.321275 0.0521689 0.0982237
0 0.694439 0.474245 0.0586841 0.106968
1 0.0419135 0.436439 0.0591438 0.135487
0 0.316207 0.405893 0.0579279 0.108032
1 0.13169 0.367621 0.0594069 0.106404
