0 0.526877 0.805201 0.135775 0.234096
4 0.938811 0.54103 0.0829594 0.135786
1 0.650669 0.566566 0.0687794 0.17204
4 0.28612 0.599225 0.0733066 0.183014
4 0.708181 0.46932 0.0498688 0.131543
4 0.755589 0.380497 0.0545208 0.10996
0 0.774379 0.656283 0.102354 0.156609
4 0.935802 0.429529 0.072414 0.0887709
4 0.132979 0.363926 0.0593209 0.107065
1 0.56746 0.324501 0.0438955 0.0956375
1 0.704469 0.225137 0.0426795 0.0955909
2 0.630773 0.386731 0.073854 0.426695
1 0.512393 0.289588 0.034299 0.0789821
1 0.800141 0.511351 0.0885459 0.116537
4 0.0557508 0.433082 0.0504632 0.148531
0 0.919126 0.698293 0.10055 0.147027
1 0.193416 0.522338 0.0789171 0.153616
1 0.451379 0.204415 0.0387283 0.0777178
0 0.847582 0.421548 0.072496 0.103394
1 0.968854 0.315937 0.0580168 0.077465
1 0.255025 0.308134 0.0480078 0.0998962
1 0.383992 0.241128 0.0385326 0.0774056
0 0.381229 0.446767 0.0617095 0.140395
1 0.5514 0.247864 0.0345308 0.0679203
1 0.874103 0.289162 0.0632797 0.063268
4 0.919663 0.698915 0.0997074 0.146358
1 0.328558 0.267648 0.0449123 0.101645
0 0.31019 0.427425 0.0662194 0.117045
1 0.665133 0.880045 0.101479 0.211404
4 0.665582 0.87751 0.104423 0.2108
1 0.212425 0.278134 0.03903 0.090327
3 0.477889 0.384547 0.0527287 0.129528
1 0.0562051 0.430047 0.0521462 0.15569
3 0.0836802 0.333801 0.0409238 0.0837582
0 0.0127754 0.393105 0.0254426 0.123011
4 0.213002 0.281085 0.0416644 0.093875
