4 0.665651 0.876764 0.151249 0.226097
4 0.250123 0.592439 0.0896686 0.189746
2 0.0392122 0.381748 0.0784245 0.333121
0 0.952899 0.706642 0.0942013 0.177921
2 0.324062 0.258231 0.0442884 0.211087
1 0.474878 0.386189 0.0550253 0.142666
1 0.574747 0.332995 0.0522582 0.103601
1 0.702574 0.224648 0.0404446 0.0912948
1 0.748692 0.384388 0.0627572 0.113138
1 0.142848 0.362247 0.0535378 0.122338
1 0.252251 0.308875 0.046695 0.10098
1 0.546362 0.251027 0.0367003 0.075445
1 0.841883 0.412879 0.0755878 0.0990983
1 0.449636 0.204954 0.0400475 0.0819712
4 0.326976 0.42999 0.0610645 0.123481
1 0.420134 0.347194 0.040932 0.0928089
1 0.514275 0.770036 0.104752 0.236289
4 0.392684 0.4485 0.0527915 0.14738
1 0.655209 0.251507 0.0399757 0.0918841
4 0.641019 0.570188 0.0835304 0.168026
1 0.610922 0.2763 0.0356464 0.0988312
1 0.392806 0.240968 0.0390095 0.0884666
1 0.89114 0.312125 0.0401264 0.0779583
4 0.93464 0.547001 0.110854 0.125725
1 0.942924 0.435945 0.0799994 0.0901471
1 0.640543 0.569267 0.0830067 0.16436
4 0.770286 0.621137 0.0868604 0.1642
1 0.931424 0.545679 0.111486 0.125799
1 0.206295 0.281789 0.0460598 0.0957869
4 0.225136 0.467424 0.0727334 0.084434
1 0.507276 0.307563 0.0323346 0.0758443
0 0.67385 0.453503 0.0704824 0.097369
1 0.780088 0.31393 0.040627 0.0681221
4 0.513443 0.769736 0.105644 0.234728
1 0.39081 0.450768 0.0509256 0.14525
1 0.965816 0.315389 0.0528133 0.0616892
1 0.956355 0.362184 0.0527252 0.0571993
