4 0.766463 0.624633 0.0897132 0.160761
4 0.664492 0.871054 0.134592 0.249022
4 0.282686 0.61732 0.0763104 0.250895
2 0.112028 0.38794 0.110993 0.347655
0 0.949906 0.699511 0.0991001 0.178791
0 0.842494 0.416371 0.0753602 0.108349
4 0.637141 0.568196 0.0801134 0.162056
2 0.324516 0.26102 0.0435253 0.205374
0 0.208646 0.52614 0.0700301 0.149433
1 0.57037 0.327563 0.0556712 0.0977709
1 0.253776 0.310281 0.0457172 0.104637
1 0.323678 0.42594 0.0631301 0.106802
0 0.497068 0.796112 0.141769 0.243666
1 0.453418 0.205268 0.0358611 0.0765047
1 0.418416 0.343783 0.0461075 0.0920404
1 0.705496 0.465639 0.0571267 0.127741
1 0.212027 0.284937 0.037515 0.0921546
1 0.700419 0.225623 0.0421501 0.0915263
1 0.545814 0.250684 0.0375246 0.0734148
1 0.65252 0.253703 0.0397516 0.0854531
1 0.474509 0.384892 0.0519062 0.13262
1 0.611035 0.288063 0.0342598 0.0837016
1 0.394128 0.24572 0.0433439 0.0759621
1 0.392852 0.455253 0.0584837 0.144734
1 0.506474 0.308753 0.0356182 0.0825671
1 0.922262 0.547299 0.0975655 0.120169
1 0.869355 0.2991 0.0641094 0.0793744
1 0.966302 0.317203 0.0544514 0.067378
4 0.929926 0.433263 0.0700602 0.10375
4 0.393758 0.453582 0.0580508 0.146114
1 0.928838 0.433334 0.0710133 0.104996
1 0.0158425 0.381203 0.0316851 0.139912
1 0.753321 0.380546 0.0493371 0.0981274
1 0.764699 0.307937 0.0486767 0.0568432
4 0.754551 0.38192 0.0487436 0.100881
1 0.598997 0.221955 0.0321424 0.064631
