2 0.145106 0.375999 0.0865847 0.389808
4 0.764296 0.624127 0.0929958 0.161146
4 0.665452 0.871556 0.130946 0.246002
4 0.282954 0.61525 0.0753181 0.251345
4 0.639092 0.569736 0.0818804 0.161655
0 0.501626 0.796969 0.146999 0.268907
4 0.948886 0.692634 0.0993576 0.191402
4 0.0606606 0.43877 0.0531277 0.170615
0 0.842168 0.418241 0.0780403 0.109336
1 0.571211 0.329392 0.0556611 0.0988414
2 0.326519 0.261655 0.0448132 0.209143
0 0.706387 0.46501 0.055798 0.126515
1 0.252895 0.310407 0.0458893 0.100302
1 0.327305 0.422412 0.0598324 0.109727
1 0.453465 0.2054 0.0372145 0.0792241
1 0.418418 0.346508 0.0471665 0.0943696
1 0.212111 0.284897 0.0357081 0.0926333
1 0.473548 0.387132 0.0519412 0.135369
1 0.546092 0.250689 0.0383223 0.0736712
1 0.700297 0.22268 0.0423137 0.0940413
1 0.930953 0.438848 0.0731892 0.0986971
1 0.61114 0.289278 0.0354488 0.0835072
1 0.506624 0.311465 0.0353184 0.082839
1 0.653271 0.255901 0.0397054 0.0831513
4 0.392643 0.456875 0.0584423 0.143029
1 0.869363 0.298256 0.0647738 0.080099
1 0.393826 0.244409 0.0420908 0.0794539
0 0.925755 0.542389 0.0977604 0.104866
1 0.966488 0.315557 0.0557739 0.0654601
4 0.754504 0.38251 0.0518977 0.104356
0 0.277438 0.247351 0.0340168 0.0828113
1 0.753177 0.381393 0.0523505 0.102255
4 0.010574 0.379277 0.0211479 0.115154
1 0.599348 0.221934 0.0332108 0.0646088
1 0.969714 0.388032 0.0508591 0.0820568
1 0.76465 0.306638 0.0517001 0.0564138
