1 0.270907 0.836521 0.146593 0.326958
1 0.423533 0.804083 0.144598 0.391835
1 0.138716 0.76857 0.102697 0.389959
1 0.805625 0.846795 0.126548 0.291173
2 0.0738298 0.580738 0.0908293 0.371671
2 0.695122 0.369096 0.114509 0.364128
1 0.920266 0.64044 0.0950409 0.227425
1 0.555557 0.751944 0.109671 0.412555
1 0.370731 0.564572 0.061175 0.122184
1 0.266759 0.613461 0.0680411 0.110878
1 0.650367 0.714894 0.0744896 0.302408
1 0.718803 0.700419 0.0717767 0.329256
1 0.210354 0.590795 0.0521462 0.147534
1 0.289221 0.533493 0.0644547 0.10244
