2 0.633627 0.417219 0.111045 0.312169
1 0.280697 0.82708 0.134995 0.344527
2 0.0909355 0.592596 0.0888995 0.36272
1 0.409028 0.791065 0.0998143 0.407448
1 0.508056 0.737608 0.0919619 0.38526
1 0.553671 0.481416 0.0542885 0.173608
1 0.163995 0.746309 0.0839005 0.349675
1 0.677153 0.826852 0.123003 0.328419
1 0.349289 0.579185 0.0446437 0.139571
1 0.288918 0.537819 0.054492 0.101747
1 0.223516 0.580619 0.0484835 0.133848
1 0.580234 0.681714 0.0614704 0.240469
1 0.799214 0.61397 0.0881793 0.181625
1 0.744884 0.688336 0.0640545 0.174446
1 0.0180842 0.810134 0.0360354 0.352566
