1 0.41039 0.783595 0.103078 0.389235
1 0.281543 0.825611 0.128178 0.323302
2 0.0928265 0.591102 0.0923194 0.36053
2 0.690803 0.418613 0.138608 0.320769
1 0.558439 0.484673 0.0651018 0.18688
1 0.510171 0.739866 0.0899072 0.391361
1 0.175439 0.730994 0.0746574 0.345043
1 0.682059 0.822135 0.112009 0.316527
1 0.348941 0.587732 0.0467784 0.152253
1 0.260223 0.615441 0.0577476 0.0946851
4 0.28838 0.540059 0.0567738 0.105056
1 0.746326 0.697541 0.0668161 0.192062
1 0.0199916 0.808657 0.0398255 0.349866
1 0.579899 0.692793 0.0616745 0.231747
1 0.798777 0.617674 0.0814392 0.177721
1 0.288433 0.539794 0.0562234 0.101743
