2 0.393651 0.448861 0.0710512 0.182348
1 0.821537 0.83164 0.107804 0.31361
1 0.330002 0.848329 0.142532 0.266821
0 0.287907 0.636917 0.0869095 0.157323
1 0.0538579 0.661339 0.0616679 0.198705
0 0.63264 0.673485 0.0659157 0.165273
0 0.158955 0.800456 0.120389 0.334517
0 0.894095 0.604508 0.0435635 0.153765
0 0.581722 0.585746 0.0542706 0.111889
0 0.961011 0.646508 0.0710537 0.15873
0 0.353673 0.663403 0.0606439 0.111906
0 0.737169 0.754976 0.0889042 0.245444
0 0.327799 0.847195 0.138506 0.267546
1 0.815388 0.583395 0.047606 0.103667
4 0.10645 0.559629 0.0410722 0.0902927
4 0.405242 0.647459 0.0602307 0.135273
1 0.772883 0.56802 0.0480909 0.100505
4 0.170833 0.553512 0.052068 0.0838165
1 0.735005 0.756287 0.0875731 0.248963
