2 0.14167 0.359794 0.0700138 0.20362
1 0.901779 0.613312 0.0696009 0.116881
1 0.445331 0.559063 0.0707029 0.111775
1 0.310348 0.527612 0.0565374 0.0865098
1 0.107997 0.453182 0.0494418 0.0734894
1 0.718226 0.597805 0.0724491 0.116181
1 0.196479 0.473837 0.0494314 0.0725596
1 0.794596 0.512644 0.0493309 0.0849084
1 0.910785 0.341518 0.0370899 0.0579431
1 0.607812 0.410895 0.0380642 0.0647015
1 0.0840732 0.373886 0.0392158 0.0552141
1 0.529735 0.449667 0.0465302 0.0741468
1 0.716859 0.276957 0.0271791 0.0466668
1 0.849241 0.431178 0.0424229 0.0716342
1 0.662933 0.29306 0.0281944 0.0446679
1 0.324069 0.409331 0.0417411 0.06343
1 0.508553 0.376589 0.0385907 0.0601723
1 0.67954 0.34898 0.0349002 0.0561695
1 0.960192 0.513107 0.0585514 0.0971087
1 0.57374 0.337373 0.0309702 0.0537093
1 0.714401 0.327779 0.029768 0.0525608
1 0.328656 0.291958 0.0254352 0.0435535
1 0.217981 0.329771 0.0353951 0.0643622
1 0.779329 0.28242 0.0309497 0.0566125
1 0.424956 0.281149 0.0263031 0.0451261
1 0.240214 0.413486 0.0422272 0.0626336
0 0.416493 0.44805 0.0483942 0.0785363
1 0.437014 0.365334 0.0349525 0.0545183
1 0.626168 0.318881 0.0268865 0.0493455
1 0.370375 0.301906 0.0302852 0.0439362
1 0.254211 0.325583 0.0351082 0.0516851
1 0.348342 0.351508 0.0346828 0.0526805
1 0.549201 0.275299 0.0277964 0.0436979
1 0.880979 0.38937 0.0323915 0.0583632
1 0.609701 0.277667 0.0299982 0.0466557
1 0.966953 0.443888 0.0500944 0.0612386
1 0.514961 0.330778 0.0306622 0.0450677
1 0.751362 0.30074 0.028835 0.0485335
0 0.0124703 0.412094 0.0248967 0.0617192
1 0.324734 0.331941 0.0293257 0.0460201
1 0.0151908 0.411461 0.0293171 0.0651702
