1 0.967664 0.791375 0.0646723 0.311568
1 0.556806 0.716869 0.075631 0.194534
0 0.295456 0.820829 0.115347 0.350659
1 0.394274 0.731102 0.0704735 0.281108
1 0.0646085 0.757766 0.101355 0.275759
2 0.556938 0.432202 0.0707741 0.214388
1 0.288722 0.593258 0.0469931 0.0954953
1 0.892789 0.731167 0.0817543 0.194444
0 0.216318 0.676124 0.0669377 0.20041
1 0.341575 0.588545 0.0413929 0.105063
0 0.93753 0.593149 0.0436928 0.113328
1 0.51272 0.623159 0.0471529 0.169595
1 0.640859 0.577215 0.0587702 0.125677
1 0.456698 0.66886 0.060692 0.23637
1 0.379918 0.555539 0.035862 0.0787825
1 0.110848 0.526194 0.0851307 0.204511
0 0.456847 0.667356 0.0621757 0.238198
