2 0.947649 0.624243 0.104209 0.498077
2 0.0475376 0.439365 0.0918703 0.274735
1 0.808832 0.84217 0.145174 0.299125
1 0.448418 0.793418 0.108223 0.309279
1 0.589316 0.845253 0.129375 0.292705
3 0.0505669 0.767564 0.101107 0.267472
1 0.707656 0.622083 0.0799055 0.203902
1 0.56922 0.566589 0.0527201 0.118686
1 0.428077 0.569862 0.0476215 0.109819
1 0.373685 0.715998 0.0670444 0.158193
0 0.819774 0.606453 0.0971595 0.131547
1 0.522955 0.634265 0.0541863 0.13148
4 0.0495425 0.745544 0.0990777 0.223843
0 0.476909 0.597888 0.043548 0.0916233
1 0.295703 0.56659 0.053983 0.124474
1 0.36398 0.610737 0.0504907 0.0942915
