1 0.282753 0.809884 0.119046 0.356561
1 0.40188 0.719944 0.0798333 0.267038
1 0.951832 0.788793 0.0957825 0.307919
2 0.566571 0.44365 0.0766621 0.204017
1 0.545176 0.876332 0.132711 0.220699
1 0.077879 0.748092 0.0998158 0.268976
1 0.579546 0.679837 0.0840972 0.163839
1 0.882432 0.704273 0.0682205 0.16512
1 0.638023 0.582343 0.0581261 0.136061
1 0.341303 0.582632 0.0473116 0.110668
0 0.925428 0.561352 0.0612312 0.115064
1 0.50144 0.624678 0.0457601 0.1709
0 0.82372 0.591875 0.0452614 0.119618
2 0.229497 0.56649 0.0909443 0.388084
1 0.456016 0.632256 0.0550787 0.196402
