2 0.303041 0.595476 0.0496257 0.103733
1 0.318143 0.774397 0.0482992 0.0664574
2 0.422399 0.590696 0.0565 0.178514
1 0.18685 0.730321 0.0507936 0.0639351
1 0.441517 0.749044 0.0462868 0.0689079
1 0.200931 0.798292 0.0540508 0.0742828
1 0.20831 0.68265 0.0418796 0.0575013
1 0.0349627 0.807416 0.0571221 0.073024
1 0.407637 0.72104 0.0408304 0.0570609
1 0.499562 0.835605 0.0585819 0.0652092
1 0.583742 0.699051 0.0379263 0.0502032
1 0.0707841 0.741597 0.0458327 0.0651098
1 0.648834 0.639059 0.0390852 0.0528311
1 0.645986 0.718251 0.0409927 0.0566567
1 0.128748 0.633638 0.0421701 0.0519305
1 0.56616 0.637024 0.0350922 0.0453985
1 0.0854673 0.689376 0.0450462 0.0559628
1 0.528089 0.6253 0.0296551 0.0431074
1 0.687402 0.691864 0.0379381 0.0575523
0 0.698737 0.761733 0.0511436 0.0670474
1 0.699146 0.761821 0.0513319 0.0679512
4 0.808753 0.76072 0.0554558 0.0756462
0 0.740672 0.731791 0.0442067 0.0639089
1 0.582006 0.599818 0.0304729 0.0425804
1 0.30754 0.656144 0.0336606 0.0438975
1 0.808207 0.760568 0.0530415 0.0729061
