2 0.92522 0.574909 0.147096 0.478056
1 0.724849 0.605377 0.0670115 0.153298
1 0.180331 0.784419 0.10254 0.214475
2 0.126832 0.401285 0.113928 0.310482
1 0.530922 0.586708 0.0767392 0.182288
1 0.73955 0.840991 0.13667 0.285333
1 0.0690362 0.707002 0.0733341 0.243103
1 0.953057 0.898207 0.0934873 0.203587
1 0.296686 0.625279 0.0907857 0.209789
1 0.805361 0.675745 0.0733033 0.18787
1 0.675013 0.546131 0.0539341 0.125021
1 0.0152461 0.759651 0.0304442 0.365818
0 0.805551 0.677553 0.0725033 0.190909
1 0.148362 0.622935 0.0483937 0.145265
