2 0.54359 0.421477 0.0817485 0.194108
1 0.360985 0.631549 0.0782374 0.094732
1 0.37318 0.730061 0.0811198 0.108264
1 0.184632 0.636925 0.072055 0.101546
1 0.546815 0.702829 0.0782359 0.111026
1 0.747706 0.680615 0.0717561 0.100114
1 0.0467687 0.808285 0.0870475 0.104597
2 0.756263 0.435419 0.0909191 0.275401
1 0.0666461 0.478177 0.05782 0.0800585
1 0.129359 0.727957 0.0766053 0.106219
1 0.278568 0.486628 0.0594145 0.0747836
1 0.205812 0.559251 0.0585901 0.0750697
1 0.701596 0.635911 0.0562363 0.0878571
1 0.556132 0.822095 0.099066 0.105167
1 0.390831 0.562326 0.0658225 0.0864293
1 0.260527 0.54799 0.0537128 0.0722603
1 0.532135 0.592672 0.0563815 0.0779119
1 0.291176 0.821195 0.0996059 0.102796
1 0.934975 0.506306 0.0545412 0.0795249
1 0.983189 0.525551 0.0336219 0.0883667
1 0.822041 0.816043 0.104524 0.103547
0 0.0213934 0.529559 0.0423334 0.0752625
1 0.714743 0.529388 0.0487791 0.0673771
1 0.377331 0.575145 0.0804103 0.107525
