2 0.537928 0.422407 0.083121 0.192249
1 0.360612 0.631747 0.0779979 0.09568
1 0.375657 0.732763 0.0787768 0.111608
1 0.545717 0.703192 0.077417 0.110986
1 0.12937 0.729092 0.0768482 0.10665
2 0.754228 0.439537 0.0906233 0.283482
1 0.0475785 0.809287 0.0861566 0.10582
1 0.747228 0.683185 0.0727764 0.104904
1 0.184789 0.637855 0.0716691 0.101157
1 0.068283 0.478063 0.0585224 0.0807264
1 0.204935 0.559439 0.0597116 0.0752111
1 0.802847 0.815522 0.102931 0.105413
1 0.700369 0.635043 0.0561481 0.0907688
1 0.278723 0.486531 0.0580974 0.0745461
1 0.392324 0.562423 0.0648827 0.0870557
1 0.259361 0.548144 0.0529901 0.0733393
1 0.555496 0.822134 0.0992237 0.104945
1 0.933868 0.506193 0.052585 0.0809982
1 0.983729 0.523066 0.032523 0.0873577
1 0.021093 0.526594 0.042122 0.0782447
1 0.290382 0.821037 0.0975068 0.100984
1 0.533087 0.596485 0.0572058 0.0799291
1 0.55464 0.530758 0.045413 0.0628245
1 0.713163 0.529446 0.0471334 0.067515
