0 0.917849 0.815356 0.163348 0.369287
0 0.361407 0.768619 0.0784365 0.274984
1 0.685307 0.714196 0.0738706 0.278109
1 0.781741 0.771158 0.0965631 0.334568
1 0.258431 0.815933 0.130197 0.351366
1 0.30714 0.525044 0.0853333 0.167678
0 0.132828 0.765653 0.106199 0.428445
1 0.422361 0.550106 0.0903013 0.208207
0 0.93912 0.538427 0.0813121 0.116155
2 0.427553 0.577175 0.081812 0.264269
2 0.551087 0.578657 0.0532787 0.144425
0 0.826326 0.553931 0.0617842 0.112554
1 0.0629883 0.674946 0.0642562 0.141866
1 0.553578 0.574801 0.0554169 0.139604
1 0.134523 0.768486 0.101874 0.43989
