2 0.539979 0.425287 0.0812412 0.187808
2 0.792243 0.456852 0.0968916 0.327448
1 0.370621 0.73159 0.0815794 0.110631
1 0.360238 0.630777 0.0766769 0.0960501
1 0.181677 0.637957 0.0708458 0.100149
1 0.542701 0.704656 0.0806005 0.110235
1 0.0684364 0.478564 0.0595754 0.0804427
1 0.768114 0.682466 0.0822802 0.103063
1 0.701391 0.643502 0.0645442 0.0944319
1 0.124912 0.725956 0.0773011 0.107637
1 0.037647 0.808115 0.0752939 0.107207
1 0.278378 0.485617 0.0596118 0.0764816
1 0.204729 0.561729 0.0564699 0.0760376
1 0.809628 0.817896 0.106227 0.104871
1 0.93574 0.505985 0.0544001 0.0799521
1 0.291346 0.82199 0.0996484 0.0998825
1 0.254768 0.546614 0.0518675 0.0731009
1 0.983947 0.521761 0.032053 0.0858027
1 0.378559 0.560591 0.0629066 0.0824356
1 0.550042 0.821676 0.092314 0.103949
1 0.0216073 0.525915 0.0432146 0.0794858
1 0.535524 0.590146 0.0556711 0.0671658
1 0.55522 0.529715 0.0449224 0.0628098
1 0.704062 0.529592 0.0508461 0.0677825
