2 0.792358 0.454221 0.0849725 0.342375
2 0.540162 0.42443 0.0798553 0.183982
1 0.372238 0.732157 0.0825605 0.110779
1 0.761375 0.674443 0.0766728 0.108861
1 0.36023 0.630347 0.076695 0.0957617
1 0.125244 0.72306 0.0748678 0.104278
1 0.544457 0.704069 0.0779802 0.106066
1 0.698734 0.642468 0.0650911 0.094202
1 0.0432389 0.80743 0.0842673 0.102893
1 0.184217 0.638927 0.0709895 0.106299
1 0.279162 0.485779 0.0584713 0.0751412
1 0.0686882 0.477771 0.0587234 0.079786
1 0.809441 0.816697 0.101137 0.104388
1 0.205215 0.559746 0.0569261 0.0742394
1 0.257147 0.547994 0.0525583 0.0706861
1 0.0208736 0.524584 0.041681 0.0774564
1 0.98318 0.5211 0.033601 0.0848462
1 0.93385 0.507764 0.0516029 0.0793451
1 0.381436 0.560757 0.0616067 0.084376
1 0.557913 0.820012 0.0981089 0.107984
1 0.539053 0.595263 0.0615246 0.0768342
1 0.289377 0.818239 0.101113 0.102855
1 0.556187 0.53028 0.0454914 0.0626809
1 0.703907 0.529767 0.051816 0.0655903
