0 0.69222 0.791975 0.0821549 0.299008
0 0.863431 0.843039 0.150507 0.305436
0 0.390342 0.727657 0.0724252 0.15383
0 0.101795 0.673614 0.0572631 0.112347
0 0.429281 0.676185 0.0434658 0.13659
1 0.292676 0.82909 0.121714 0.310886
0 0.812612 0.6483 0.0679454 0.111704
1 0.633639 0.657558 0.0446047 0.15759
0 0.294768 0.82972 0.120954 0.305357
0 0.976731 0.750363 0.046538 0.319182
0 0.182779 0.612737 0.0717501 0.0874903
1 0.25584 0.553208 0.0619608 0.155255
0 0.0245994 0.808955 0.0488894 0.242165
1 0.0246751 0.808993 0.0493466 0.245369
