1 0.828664 0.780475 0.10972 0.280388
0 0.440435 0.684631 0.115914 0.168128
0 0.0782141 0.420293 0.0653363 0.123116
1 0.936429 0.890865 0.113522 0.196144
0 0.208062 0.868352 0.104774 0.204089
1 0.0407338 0.609592 0.0761228 0.237915
0 0.135037 0.357668 0.0554597 0.122592
0 0.121028 0.561025 0.0818862 0.158559
0 0.272898 0.700362 0.0977019 0.19201
1 0.917209 0.663527 0.0599613 0.181686
1 0.362389 0.513365 0.059739 0.139637
2 0.259142 0.246878 0.0703315 0.276881
0 0.514654 0.3726 0.0803414 0.10931
1 0.491752 0.505607 0.0880026 0.139688
1 0.425504 0.87799 0.120498 0.21279
4 0.0408502 0.613778 0.0797659 0.242858
1 0.402665 0.454117 0.0498623 0.13311
1 0.218142 0.378059 0.0564802 0.100292
1 0.968971 0.712812 0.0620579 0.162891
0 0.183026 0.474154 0.0762721 0.135422
1 0.309995 0.571112 0.0531919 0.102352
0 0.425175 0.877701 0.12276 0.212287
4 0.0166831 0.7227 0.0333662 0.244103
4 0.935115 0.892378 0.110045 0.197811
0 0.684739 0.431494 0.0829769 0.153827
4 0.492868 0.505403 0.0868383 0.145824
