2 0.595296 0.295387 0.0860174 0.283634
1 0.435673 0.533572 0.0649799 0.118484
2 0.529269 0.682335 0.106904 0.479076
4 0.951559 0.682741 0.0923482 0.13588
1 0.948422 0.491659 0.0577894 0.113663
1 0.425383 0.408956 0.0589631 0.0952557
1 0.322478 0.517441 0.0650582 0.121564
1 0.169117 0.341931 0.041007 0.0760863
1 0.254759 0.378051 0.0480483 0.0807596
1 0.101965 0.485918 0.0581059 0.0948372
1 0.820615 0.370584 0.0434755 0.0761522
1 0.36114 0.303692 0.0384526 0.0641848
1 0.815975 0.469042 0.0612462 0.11404
1 0.0401202 0.353837 0.0432966 0.07303
1 0.184422 0.231045 0.0333157 0.0591554
1 0.843236 0.305487 0.0361027 0.0726163
1 0.0889023 0.281172 0.0443941 0.0690347
1 0.43207 0.261222 0.0371209 0.0700928
1 0.282069 0.295453 0.0344078 0.0655437
1 0.506576 0.317808 0.0478664 0.0876165
1 0.0184534 0.473297 0.0363884 0.0839095
1 0.240447 0.244502 0.0329299 0.0594633
1 0.546792 0.408304 0.0418546 0.072629
1 0.664578 0.286518 0.0396982 0.0735023
1 0.754949 0.61325 0.0816889 0.144184
1 0.328821 0.229657 0.0329005 0.0560889
1 0.271497 0.202712 0.0341003 0.0586287
1 0.94019 0.390181 0.0461778 0.078259
1 0.155907 0.282421 0.0369952 0.0627439
1 0.00820788 0.29611 0.0163488 0.0699446
