2 0.462897 0.603859 0.0530368 0.222424
1 0.657321 0.638483 0.0368365 0.052571
2 0.374165 0.586244 0.0577449 0.104929
1 0.209723 0.79751 0.0524499 0.0739815
1 0.323531 0.774903 0.0506557 0.0726346
1 0.194493 0.73254 0.0452774 0.0639064
1 0.458681 0.762537 0.0471553 0.0684873
1 0.0453105 0.80344 0.0551585 0.0716726
1 0.210048 0.681198 0.0416928 0.0569761
1 0.0765529 0.740277 0.0459478 0.0624189
1 0.650215 0.721166 0.0430673 0.0591123
1 0.141579 0.634564 0.0382604 0.0517375
1 0.593171 0.699884 0.0371925 0.0473633
1 0.499837 0.838597 0.0595062 0.0628685
1 0.423302 0.722918 0.0411419 0.0589303
1 0.572951 0.636582 0.033185 0.0500376
0 0.807343 0.764129 0.0476994 0.0737203
1 0.534658 0.627234 0.0296023 0.0444478
1 0.751952 0.724259 0.0398308 0.0565394
1 0.704422 0.762957 0.0518392 0.0686179
1 0.694929 0.697083 0.0391931 0.0577176
1 0.0910307 0.688471 0.0432719 0.0548396
1 0.125397 0.680244 0.0353681 0.0513746
1 0.313005 0.658077 0.0344599 0.0420803
1 0.406165 0.690591 0.0403979 0.0511436
1 0.771822 0.748812 0.0272723 0.047245
1 0.607468 0.634411 0.0310848 0.0454049
1 0.591453 0.598203 0.0301495 0.0392525
