4 0.0579913 0.603859 0.0873804 0.278605
2 0.613055 0.580912 0.106889 0.629675
3 0.229584 0.398293 0.0773834 0.148354
1 0.209897 0.849796 0.127395 0.213519
1 0.447636 0.665667 0.110103 0.147283
1 0.849688 0.763985 0.123086 0.28856
1 0.250888 0.667246 0.0929973 0.1478
4 0.79419 0.415965 0.0585533 0.14092
1 0.0710758 0.396474 0.0547092 0.118289
1 0.954455 0.891954 0.0903973 0.196924
1 0.131869 0.358789 0.0567441 0.120493
1 0.432315 0.873303 0.125787 0.232578
4 0.882131 0.516329 0.0684206 0.150155
3 0.508616 0.376914 0.0803316 0.121761
1 0.701583 0.395617 0.0627251 0.124468
4 0.396643 0.436445 0.0530757 0.14086
1 0.752311 0.533723 0.0510101 0.159643
1 0.472134 0.540947 0.0750507 0.0995092
4 0.976156 0.71217 0.0476501 0.176924
1 0.369216 0.509567 0.0615062 0.140302
4 0.372139 0.510343 0.0671719 0.149266
1 0.314882 0.581794 0.0611127 0.143267
4 0.0135314 0.726766 0.0270628 0.264218
1 0.0143769 0.493146 0.0287538 0.155076
1 0.880715 0.52021 0.0663082 0.152391
1 0.840047 0.452082 0.0401121 0.141338
