1 0.65745 0.63771 0.037669 0.0524147
2 0.474912 0.610703 0.0550228 0.235411
1 0.323604 0.774878 0.0505897 0.0728945
1 0.209961 0.797378 0.0529005 0.0739356
1 0.194338 0.732544 0.0463545 0.0639366
1 0.0448449 0.80367 0.0554638 0.0711174
1 0.458211 0.763115 0.0483533 0.06975
1 0.209758 0.68107 0.0419139 0.0566144
1 0.0773227 0.740117 0.0457905 0.0628754
1 0.50091 0.83854 0.0596808 0.062773
1 0.650128 0.720736 0.043034 0.0590978
1 0.141101 0.634662 0.0385316 0.051543
1 0.592713 0.699744 0.0377625 0.0489151
2 0.382893 0.580733 0.0535714 0.110052
1 0.424361 0.721705 0.0389219 0.0581139
0 0.807338 0.764925 0.0492188 0.0748266
1 0.695188 0.696121 0.0404257 0.0586714
1 0.752059 0.722794 0.04102 0.056601
1 0.573633 0.637712 0.0348768 0.052227
1 0.0910016 0.688565 0.0425262 0.0546288
0 0.70459 0.763799 0.0534147 0.0694658
1 0.535499 0.626373 0.0304266 0.0455592
1 0.125091 0.679112 0.0354416 0.0512576
1 0.406359 0.689679 0.0399997 0.050808
1 0.31309 0.658116 0.0350798 0.0413539
1 0.704735 0.763749 0.0539065 0.0702377
