2 0.599674 0.496501 0.0927002 0.538987
1 0.847801 0.768636 0.117566 0.286972
1 0.0618795 0.605145 0.0820642 0.292538
1 0.952455 0.891014 0.0915714 0.198567
3 0.229859 0.385683 0.07876 0.128683
2 0.350889 0.374467 0.0860074 0.199914
1 0.133594 0.355955 0.0605169 0.123845
1 0.313747 0.623225 0.0716876 0.219233
1 0.0743104 0.397012 0.0524943 0.110368
1 0.879625 0.518007 0.0619259 0.151946
1 0.466984 0.543248 0.0836998 0.109197
2 0.181522 0.660815 0.094537 0.445951
1 0.392833 0.860722 0.1126 0.240017
1 0.516937 0.380845 0.0628162 0.12777
1 0.428268 0.408397 0.0591812 0.146041
1 0.750046 0.539839 0.0578474 0.169271
1 0.976109 0.711479 0.0477824 0.171245
1 0.0161395 0.492453 0.0322791 0.150421
1 0.794659 0.410275 0.0566808 0.131005
1 0.449786 0.669185 0.100936 0.138825
1 0.930229 0.635414 0.0622551 0.159747
1 0.685014 0.437129 0.0653763 0.174497
1 0.839737 0.449731 0.0444805 0.138058
1 0.180114 0.66 0.0921383 0.433773
4 0.793524 0.411498 0.0563699 0.130809
