1 0.845891 0.772871 0.122589 0.288647
2 0.632121 0.454399 0.0759714 0.51044
1 0.412618 0.867472 0.124677 0.231558
1 0.445541 0.668075 0.103593 0.142805
1 0.250715 0.667003 0.0948024 0.157847
1 0.222421 0.863183 0.137139 0.216466
1 0.956587 0.88984 0.0862476 0.203752
1 0.130181 0.361674 0.0565274 0.116917
1 0.878846 0.517161 0.0582378 0.148074
4 0.0586597 0.601305 0.0752006 0.285737
1 0.475775 0.544871 0.0812775 0.0990795
1 0.0763014 0.401159 0.0500387 0.10709
1 0.223418 0.385956 0.064965 0.127615
1 0.796695 0.410646 0.0540535 0.129414
1 0.927617 0.636036 0.0653786 0.169914
1 0.363715 0.508676 0.0523374 0.139754
1 0.839606 0.451702 0.0443256 0.140496
1 0.313443 0.60082 0.0554649 0.174009
1 0.753542 0.537873 0.0536276 0.164472
1 0.979539 0.707753 0.0408722 0.191588
1 0.175275 0.462475 0.0703427 0.130244
1 0.701676 0.399 0.0597799 0.118004
1 0.0586286 0.603136 0.0738903 0.285362
1 0.0156198 0.491953 0.0312397 0.146275
1 0.405991 0.490416 0.0487294 0.134177
4 0.124595 0.563655 0.0724692 0.15773
