2 0.760179 0.540248 0.0697358 0.192731
4 0.310734 0.886541 0.0942343 0.198792
0 0.0762746 0.765328 0.0689153 0.197055
0 0.825267 0.851712 0.109291 0.185736
0 0.198767 0.68265 0.0677329 0.119671
1 0.248703 0.577956 0.0623546 0.120479
0 0.677574 0.833269 0.109599 0.166096
2 0.32722 0.582245 0.058674 0.232968
1 0.128896 0.641657 0.0557874 0.141265
1 0.8479 0.685959 0.080418 0.122914
0 0.0204451 0.719661 0.0408902 0.164245
0 0.733653 0.685508 0.0857903 0.136386
0 0.530489 0.663975 0.0814571 0.126557
1 0.445508 0.752019 0.0893345 0.195321
3 0.188746 0.853058 0.096413 0.196373
1 0.817651 0.501989 0.040085 0.124654
1 0.390233 0.565125 0.0466615 0.0972123
0 0.444849 0.750997 0.0895259 0.198452
0 0.350249 0.724143 0.0777039 0.140702
3 0.599271 0.60198 0.0678078 0.110674
0 0.519376 0.563362 0.0610541 0.0801505
1 0.537955 0.468252 0.0362101 0.0734456
0 0.188295 0.853163 0.0981745 0.197621
3 0.49045 0.489179 0.0448431 0.0783409
1 0.577316 0.443175 0.0334884 0.0658205
1 0.441831 0.521264 0.0453926 0.0866852
3 0.657809 0.539539 0.0538269 0.104442
1 0.893359 0.491005 0.0476143 0.0746333
1 0.658401 0.54084 0.0514748 0.109024
1 0.659046 0.450662 0.0313471 0.074745
1 0.583964 0.51026 0.0466543 0.0756478
3 0.582684 0.511119 0.0491505 0.0789039
