0 0.687186 0.852942 0.115491 0.186728
0 0.337546 0.737664 0.0773575 0.135359
2 0.309453 0.57127 0.064734 0.207756
2 0.756505 0.543274 0.0684017 0.190876
4 0.282666 0.889189 0.0770877 0.198614
0 0.826706 0.852151 0.104139 0.181642
0 0.0744616 0.76513 0.070058 0.192663
0 0.186169 0.842802 0.0919906 0.228814
0 0.127059 0.642768 0.0617981 0.13849
1 0.241061 0.584275 0.0579309 0.1269
0 0.198729 0.673321 0.0661659 0.10182
1 0.44104 0.751836 0.092136 0.203063
0 0.0201051 0.722581 0.0402103 0.152246
4 0.603734 0.60328 0.0618661 0.107479
1 0.847578 0.685866 0.084206 0.129876
0 0.734812 0.688116 0.0866757 0.142408
1 0.495482 0.461924 0.0443234 0.105992
1 0.8176 0.499282 0.0412783 0.123768
0 0.531454 0.660026 0.0792311 0.125775
0 0.603884 0.602449 0.0623013 0.109102
0 0.391055 0.53004 0.0610273 0.146975
1 0.542676 0.463892 0.0339083 0.0750324
1 0.578629 0.447485 0.0335915 0.0679447
0 0.583206 0.518686 0.0470612 0.0756841
4 0.521168 0.553198 0.0600267 0.085306
4 0.654981 0.540259 0.0481006 0.0950646
1 0.734001 0.688809 0.0862948 0.137862
1 0.622439 0.485874 0.0347082 0.0848395
0 0.441518 0.751364 0.0927596 0.202131
