0 0.339712 0.725462 0.0847061 0.112574
0 0.188857 0.851037 0.102293 0.203109
0 0.678157 0.855799 0.123753 0.175283
0 0.19808 0.682254 0.0698081 0.118135
4 0.319339 0.883577 0.0830351 0.203763
0 0.826185 0.851182 0.100754 0.176573
0 0.239958 0.588357 0.0580321 0.118409
2 0.751764 0.545029 0.0695997 0.179496
2 0.39623 0.544696 0.0510495 0.195184
2 0.308773 0.572855 0.0663746 0.194356
0 0.0731717 0.770916 0.0740161 0.184877
0 0.441021 0.749104 0.0907729 0.201047
1 0.440746 0.748573 0.0892426 0.201337
2 0.532929 0.461123 0.0450366 0.159224
1 0.847199 0.685449 0.0827255 0.126359
0 0.606025 0.602306 0.0594098 0.109067
0 0.127108 0.642497 0.0598754 0.151408
4 0.535805 0.657818 0.0763008 0.132841
0 0.582926 0.520064 0.0432747 0.0777249
4 0.907462 0.426447 0.0533646 0.0804552
1 0.729417 0.69124 0.0897574 0.144092
0 0.731039 0.691318 0.089901 0.146445
3 0.534981 0.657284 0.0762842 0.133096
1 0.127622 0.642415 0.0591516 0.145128
1 0.577826 0.45181 0.0335561 0.0737023
1 0.816975 0.502639 0.0435061 0.121197
1 0.622934 0.486042 0.0345439 0.0862319
1 0.848979 0.442466 0.0356647 0.0800023
1 0.01919 0.707503 0.0379224 0.146039
4 0.815637 0.503951 0.0461144 0.118659
1 0.656832 0.540704 0.0514819 0.0978324
