0 0.687241 0.858218 0.114186 0.191208
0 0.441267 0.757157 0.0911528 0.188501
2 0.759163 0.55257 0.0662178 0.183733
0 0.826497 0.852992 0.105625 0.181266
0 0.190838 0.840899 0.0997164 0.218416
0 0.0695886 0.76957 0.0788455 0.182129
2 0.39927 0.545897 0.0507587 0.200864
2 0.307485 0.573567 0.0646703 0.196077
0 0.340764 0.732312 0.0878782 0.142833
0 0.239136 0.589652 0.0591005 0.120863
0 0.126268 0.643835 0.0627285 0.150179
0 0.199001 0.674513 0.0676581 0.103092
0 0.844716 0.694613 0.0825254 0.124247
4 0.605294 0.602342 0.0608323 0.111451
4 0.298165 0.897888 0.0837972 0.191508
1 0.818319 0.506536 0.0413612 0.133513
1 0.521129 0.553149 0.0593166 0.0829945
1 0.730075 0.690841 0.0832451 0.133876
2 0.597939 0.414491 0.0433565 0.123729
1 0.53226 0.659385 0.0795002 0.130492
0 0.731488 0.69147 0.0847891 0.137172
0 0.584583 0.519117 0.0449404 0.0795344
0 0.29823 0.900057 0.0823245 0.186151
0 0.538454 0.460297 0.0413095 0.0752222
1 0.688117 0.443787 0.0310571 0.0706089
3 0.490495 0.484007 0.043892 0.0811649
