0 0.340932 0.731992 0.0876609 0.127098
0 0.191876 0.843472 0.0974001 0.216143
0 0.0720409 0.769689 0.0729729 0.195797
0 0.818302 0.862799 0.122487 0.190863
0 0.12426 0.645268 0.0644375 0.144864
2 0.757233 0.541857 0.0658118 0.19555
2 0.310716 0.572353 0.0710185 0.194846
1 0.44144 0.757744 0.090504 0.183009
4 0.300248 0.895858 0.0822435 0.194107
0 0.240197 0.589136 0.0567948 0.119434
2 0.566399 0.423375 0.0422663 0.12244
0 0.844961 0.696977 0.0823395 0.122634
0 0.199041 0.675086 0.0672873 0.107952
0 0.532917 0.660978 0.0802208 0.126504
0 0.606399 0.601194 0.0584429 0.109446
1 0.817279 0.506753 0.040634 0.131565
0 0.733067 0.689469 0.0761145 0.132216
0 0.0184106 0.72331 0.0368211 0.141378
1 0.522069 0.55662 0.0583117 0.0803282
1 0.671805 0.845526 0.115026 0.206154
1 0.656858 0.538719 0.0486444 0.100127
2 0.39299 0.540037 0.0508992 0.171043
4 0.893911 0.490446 0.0525593 0.0740894
4 0.444273 0.615602 0.0650638 0.0931217
0 0.584445 0.525933 0.0415264 0.0775976
2 0.71855 0.464932 0.0392528 0.191609
0 0.673202 0.848627 0.116304 0.211855
1 0.526579 0.45181 0.0304033 0.0737049
0 0.446631 0.518721 0.0430624 0.0942144
3 0.489748 0.488485 0.0444599 0.0792614
