1 0.84867 0.774901 0.120862 0.286641
2 0.630682 0.439012 0.0767189 0.49465
1 0.441378 0.667342 0.0991322 0.138086
1 0.436994 0.868244 0.116409 0.229533
1 0.234544 0.860384 0.139777 0.208748
1 0.252406 0.670724 0.0949322 0.153293
1 0.761801 0.554176 0.0907312 0.270506
1 0.953449 0.892511 0.0904465 0.195827
1 0.877033 0.528506 0.0788286 0.149069
1 0.22046 0.382355 0.0624475 0.11857
1 0.483297 0.545089 0.0802056 0.104642
1 0.37566 0.50209 0.0601188 0.128698
1 0.175855 0.470248 0.0808145 0.156921
1 0.941493 0.626992 0.063015 0.171141
1 0.32272 0.581819 0.0641838 0.148336
1 0.132349 0.351391 0.0490811 0.122741
1 0.0254054 0.844402 0.0508109 0.3029
1 0.981359 0.717056 0.0372816 0.18353
1 0.985626 0.757962 0.0285603 0.287759
1 0.700153 0.409773 0.0490267 0.141152
1 0.839274 0.443674 0.0483013 0.130677
2 0.0776595 0.506631 0.0852783 0.294726
1 0.429931 0.388901 0.0490023 0.119859
