2 0.626502 0.427353 0.0931121 0.464636
1 0.433098 0.86393 0.119131 0.210296
1 0.842647 0.77541 0.119962 0.288749
1 0.442377 0.666905 0.101167 0.141791
1 0.211243 0.858936 0.137706 0.211101
1 0.250264 0.668197 0.0928882 0.151836
1 0.951757 0.891634 0.0877459 0.20091
1 0.759273 0.55149 0.0929253 0.263493
1 0.873906 0.524957 0.0738518 0.146195
1 0.127791 0.355313 0.0562282 0.124053
1 0.326055 0.607473 0.0663792 0.19659
1 0.376002 0.504324 0.0623528 0.136251
1 0.935031 0.636033 0.0656368 0.176187
1 0.223023 0.385667 0.0641042 0.1239
1 0.031759 0.848382 0.063518 0.301377
1 0.177236 0.465401 0.0783255 0.143831
1 0.699709 0.414025 0.0485243 0.141965
1 0.840375 0.448083 0.0486639 0.133097
1 0.985437 0.781628 0.0290089 0.345178
1 0.983219 0.71532 0.0335615 0.18341
