2 0.613904 0.624224 0.107617 0.65792
1 0.434456 0.879153 0.11547 0.219852
1 0.844477 0.77013 0.112827 0.284598
1 0.444639 0.672804 0.111422 0.15983
1 0.9557 0.890744 0.0883019 0.20087
1 0.248684 0.662546 0.0893727 0.15174
4 0.0591217 0.607621 0.0741928 0.278473
4 0.435548 0.397629 0.0559654 0.129497
2 0.948791 0.443324 0.0899017 0.233198
4 0.697645 0.403497 0.0597054 0.13819
4 0.131207 0.354137 0.0557357 0.122173
1 0.329879 0.615866 0.0678594 0.197524
0 0.216783 0.851834 0.148665 0.21517
1 0.225176 0.387446 0.062059 0.127321
1 0.931023 0.627617 0.0658665 0.177942
1 0.37066 0.506792 0.0555116 0.1346
1 0.0154246 0.489859 0.0308491 0.144173
1 0.849885 0.482964 0.0678963 0.186128
1 0.983707 0.714106 0.0325861 0.217081
4 0.801446 0.413672 0.0488012 0.139103
1 0.755758 0.526814 0.0505343 0.150451
1 0.175006 0.461693 0.0764219 0.146631
1 0.216912 0.850792 0.15134 0.210639
