2 0.634889 0.692974 0.112561 0.583677
1 0.43185 0.877057 0.109883 0.224404
0 0.874698 0.813673 0.13327 0.372654
1 0.446169 0.670063 0.113263 0.163318
2 0.945149 0.442269 0.0912235 0.232646
1 0.248506 0.663035 0.0821988 0.14867
4 0.0678965 0.610345 0.0834122 0.273307
1 0.130449 0.355602 0.0567202 0.1237
1 0.849249 0.482572 0.0683563 0.192136
3 0.323467 0.616464 0.0931605 0.226461
1 0.223661 0.387214 0.0603844 0.125633
1 0.469678 0.548176 0.0681244 0.090224
1 0.216502 0.849952 0.152423 0.212469
1 0.702393 0.40107 0.0508532 0.12778
1 0.179579 0.466848 0.0747046 0.144344
4 0.979494 0.751943 0.0409184 0.262138
1 0.753081 0.524079 0.0500666 0.150966
4 0.179537 0.466597 0.0731204 0.144082
0 0.217043 0.84959 0.149725 0.210526
1 0.371583 0.504351 0.0580798 0.123404
1 0.979056 0.779843 0.0417393 0.319601
1 0.402825 0.453818 0.0466302 0.114585
4 0.325495 0.613559 0.0899519 0.208979
