1 0.193281 0.732769 0.0469034 0.0644318
2 0.374669 0.586786 0.0560174 0.119092
1 0.65783 0.636445 0.0361866 0.0514333
1 0.210764 0.797436 0.0531574 0.0731595
1 0.322477 0.772193 0.0509305 0.071848
1 0.044149 0.803771 0.0553033 0.0725787
1 0.455795 0.762974 0.0466501 0.072381
1 0.0786721 0.740874 0.0468408 0.0648046
1 0.707675 0.760852 0.0498295 0.0631505
0 0.804647 0.766221 0.0496735 0.0740611
1 0.420452 0.722408 0.0425682 0.0601858
1 0.649086 0.716217 0.0408712 0.0598298
1 0.593123 0.69838 0.0370523 0.0476765
1 0.500099 0.839454 0.0614306 0.0636864
1 0.209004 0.68105 0.0420099 0.0575024
1 0.750369 0.724 0.0424229 0.0560673
1 0.141195 0.631509 0.0364262 0.0540695
1 0.696278 0.697754 0.0385057 0.0580943
2 0.479321 0.600275 0.0535166 0.219136
1 0.608348 0.634482 0.0332954 0.0463336
1 0.572764 0.635764 0.0325422 0.0499969
1 0.0874383 0.686962 0.0452363 0.053581
1 0.313706 0.658677 0.0353606 0.042246
1 0.593385 0.597852 0.0303853 0.0395526
1 0.124803 0.680433 0.0353082 0.0520128
1 0.536762 0.625462 0.0301895 0.0451476
1 0.405177 0.690424 0.040554 0.052344
