2 0.605465 0.486582 0.112798 0.517607
1 0.95539 0.896617 0.08922 0.200715
1 0.846729 0.770672 0.120256 0.292541
4 0.06362 0.609437 0.0809978 0.284424
1 0.205632 0.853526 0.124112 0.212611
1 0.256657 0.669903 0.0890558 0.155528
1 0.751251 0.540783 0.0544714 0.165468
1 0.331444 0.628013 0.0611736 0.211477
1 0.220918 0.391664 0.0651854 0.127479
1 0.799941 0.418183 0.0546707 0.134296
1 0.932113 0.631127 0.0688265 0.182742
1 0.43178 0.78301 0.121996 0.370865
0 0.0711733 0.3987 0.0568456 0.118494
1 0.0135588 0.490438 0.0271177 0.140971
1 0.13001 0.348962 0.0553838 0.120778
1 0.843292 0.45505 0.0458944 0.140713
1 0.703643 0.397171 0.0637018 0.113919
4 0.130334 0.350626 0.0541162 0.119594
1 0.881637 0.527637 0.0583797 0.139243
1 0.982416 0.698594 0.035088 0.198123
1 0.400867 0.440873 0.0494321 0.153419
4 0.173548 0.46073 0.0728793 0.132271
