1 0.657691 0.63736 0.0367989 0.0514488
1 0.211088 0.796917 0.0519325 0.0741661
1 0.191855 0.731805 0.0462498 0.0660853
1 0.322268 0.774554 0.0494702 0.070269
1 0.0452127 0.802719 0.0546557 0.0703534
0 0.805463 0.766209 0.0502722 0.0743052
2 0.373668 0.584281 0.0551006 0.11333
1 0.45407 0.765227 0.0470604 0.0714279
1 0.077102 0.741057 0.047538 0.064003
1 0.708086 0.760894 0.0508825 0.0651062
1 0.650775 0.715965 0.0413721 0.0602008
1 0.592692 0.699267 0.0380136 0.0492273
1 0.423178 0.72088 0.0409673 0.0591546
1 0.214139 0.683371 0.0420714 0.0590116
1 0.501003 0.837689 0.0594291 0.0619366
1 0.139981 0.632693 0.038513 0.051593
1 0.0876435 0.688214 0.0459268 0.053495
2 0.480887 0.59464 0.0504978 0.202334
1 0.695933 0.697931 0.0399465 0.0576523
1 0.572533 0.63617 0.0334076 0.0507731
1 0.607685 0.634264 0.0340778 0.0472286
1 0.31294 0.65792 0.0350335 0.0427495
1 0.750375 0.729737 0.0446724 0.0617004
1 0.593418 0.597453 0.0300722 0.0391983
1 0.124971 0.673797 0.0349229 0.0533056
1 0.535839 0.62459 0.0309088 0.045936
