2 0.6245 0.615378 0.0991501 0.65199
1 0.43787 0.672863 0.105674 0.164991
4 0.0634419 0.610859 0.0908242 0.276816
1 0.435221 0.878969 0.126984 0.222059
1 0.24234 0.872483 0.134956 0.213091
1 0.225566 0.391572 0.0674891 0.132656
1 0.254017 0.675055 0.100496 0.168173
1 0.133792 0.350382 0.0508266 0.116132
3 0.709804 0.403761 0.0717537 0.120194
2 0.526449 0.531367 0.0884942 0.328516
4 0.837326 0.458197 0.0521709 0.134808
3 0.438307 0.404817 0.0631268 0.145051
3 0.88998 0.522573 0.0690468 0.145102
3 0.253246 0.674752 0.102619 0.168683
1 0.372151 0.496409 0.0593107 0.11548
3 0.94812 0.584275 0.0947369 0.118308
1 0.082177 0.40103 0.0537397 0.120019
4 0.977783 0.768402 0.0443916 0.284898
1 0.978213 0.766033 0.0433773 0.265823
3 0.17798 0.46554 0.0690553 0.139827
4 0.783682 0.621257 0.0724041 0.160376
3 0.0636944 0.6123 0.0919327 0.27898
3 0.314547 0.562098 0.0936092 0.123301
