2 0.625795 0.573162 0.0935925 0.624242
2 0.527317 0.533985 0.09259 0.324623
1 0.433507 0.674606 0.104245 0.171207
1 0.434376 0.882474 0.122944 0.20936
1 0.263022 0.680712 0.111635 0.170368
1 0.211796 0.873175 0.128341 0.201527
1 0.12651 0.352234 0.0576921 0.121147
1 0.174263 0.458909 0.0627249 0.148588
4 0.792466 0.409077 0.0584246 0.128019
1 0.70322 0.408115 0.057832 0.138297
1 0.75564 0.531117 0.0536806 0.152924
1 0.362592 0.527136 0.0731193 0.173289
1 0.221792 0.386011 0.0542079 0.118735
1 0.0572146 0.60846 0.0746571 0.272596
4 0.0575123 0.606566 0.0728248 0.27531
1 0.27115 0.498005 0.0813025 0.17323
1 0.0672919 0.408134 0.0556789 0.123884
1 0.877219 0.812657 0.122795 0.374686
4 0.06696 0.407291 0.0569472 0.123687
4 0.978151 0.768014 0.0436234 0.278926
1 0.841339 0.455551 0.047327 0.155034
1 0.885082 0.527819 0.0581188 0.14491
4 0.877549 0.811424 0.121248 0.377151
1 0.977896 0.765732 0.0440376 0.272542
4 0.935486 0.615289 0.0636887 0.175675
4 0.885451 0.529757 0.0568396 0.136102
