2 0.611571 0.505461 0.106775 0.564526
1 0.850525 0.765948 0.106925 0.283432
1 0.437529 0.667884 0.107706 0.153569
1 0.957933 0.893461 0.0841336 0.197367
1 0.214802 0.852463 0.116694 0.211251
1 0.252873 0.667772 0.0948682 0.152703
1 0.807944 0.431792 0.0609498 0.143526
1 0.935417 0.627356 0.0697117 0.203482
1 0.168233 0.457373 0.0641315 0.148526
1 0.222607 0.389165 0.0649575 0.128562
1 0.0676189 0.3996 0.0615103 0.134114
1 0.0596021 0.608368 0.0746061 0.272482
1 0.429646 0.870587 0.12338 0.234009
1 0.71924 0.488712 0.0590697 0.125948
4 0.0590678 0.608869 0.07369 0.269061
1 0.879862 0.530787 0.0593895 0.144944
1 0.758361 0.534437 0.0549721 0.148414
1 0.517775 0.374035 0.0726682 0.128084
1 0.371803 0.506744 0.0620162 0.123454
1 0.0135357 0.504151 0.0270714 0.176408
1 0.70136 0.397159 0.0587202 0.123511
1 0.986316 0.710554 0.0273685 0.186817
1 0.477778 0.539252 0.0760937 0.102338
1 0.12814 0.370732 0.045936 0.106609
1 0.402255 0.449075 0.0529261 0.141428
