2 0.639421 0.641786 0.105423 0.576449
1 0.957546 0.89855 0.0849089 0.192507
4 0.97303 0.716326 0.0538422 0.165977
1 0.442547 0.66845 0.108835 0.156803
1 0.0709021 0.411942 0.0552982 0.116654
1 0.317734 0.629454 0.0811201 0.21712
1 0.220432 0.381052 0.0678793 0.118862
1 0.434378 0.869503 0.121657 0.231107
1 0.0692491 0.612121 0.0915421 0.269582
1 0.758455 0.533136 0.0571444 0.154509
4 0.0686306 0.614009 0.0887743 0.264376
1 0.125367 0.359209 0.0535255 0.11894
1 0.372003 0.511342 0.0619844 0.123433
1 0.17847 0.602417 0.0917351 0.316235
1 0.0157597 0.492906 0.0315195 0.146298
4 0.93048 0.617472 0.0703907 0.173551
4 0.848651 0.765876 0.115158 0.287522
1 0.849135 0.767336 0.112999 0.290011
1 0.844865 0.454195 0.0474041 0.137846
3 0.408018 0.380872 0.0841252 0.133501
1 0.800154 0.425546 0.0490906 0.130875
1 0.481084 0.544738 0.0707365 0.0957431
1 0.881185 0.521871 0.0489704 0.120026
1 0.245818 0.863391 0.148969 0.227346
1 0.700177 0.407545 0.0511024 0.128201
