1 0.845152 0.773606 0.115363 0.285136
1 0.953304 0.896676 0.0933914 0.196016
1 0.439456 0.671935 0.115602 0.156071
1 0.435676 0.877857 0.128862 0.219372
4 0.0606942 0.606277 0.0846834 0.274683
1 0.250066 0.657035 0.0917828 0.140976
1 0.758948 0.535457 0.0547946 0.155364
1 0.0722943 0.392877 0.0524831 0.119945
1 0.888964 0.514992 0.0537258 0.138095
2 0.787113 0.326649 0.064039 0.237021
3 0.240493 0.83076 0.188244 0.20802
1 0.690564 0.404581 0.0660561 0.12898
1 0.22272 0.38481 0.0640559 0.12926
1 0.326025 0.603103 0.0728827 0.185297
1 0.177473 0.465041 0.0695278 0.13683
1 0.131479 0.350564 0.0559091 0.121828
1 0.930173 0.630416 0.0664284 0.186172
4 0.523144 0.378079 0.0752245 0.125597
1 0.377169 0.509 0.0644977 0.12903
1 0.985183 0.724629 0.0296326 0.193168
1 0.0135499 0.492316 0.027055 0.152819
4 0.131215 0.351664 0.0553828 0.120893
1 0.483892 0.544978 0.0782253 0.0926552
1 0.84911 0.339692 0.0614719 0.131517
4 0.0174348 0.720546 0.0348696 0.230685
1 0.21188 0.853001 0.138597 0.229365
