2 0.613805 0.445316 0.0843388 0.491419
1 0.84348 0.769831 0.114401 0.284463
1 0.440135 0.67149 0.109814 0.154415
1 0.43496 0.875918 0.12592 0.217091
1 0.209206 0.859281 0.116449 0.219293
1 0.957931 0.899806 0.0841373 0.190502
2 0.3615 0.346554 0.0666436 0.186194
1 0.261331 0.668742 0.088568 0.15994
4 0.0588339 0.606821 0.0796343 0.287525
1 0.124993 0.348751 0.0507669 0.112068
1 0.171668 0.451405 0.0687995 0.137757
1 0.696518 0.406072 0.063298 0.135387
1 0.891381 0.51152 0.0643566 0.142519
1 0.967765 0.70822 0.0644695 0.184623
1 0.224542 0.387847 0.0631687 0.13253
1 0.801786 0.410329 0.0546295 0.127215
1 0.0155445 0.503523 0.031089 0.175925
1 0.842718 0.451525 0.0451376 0.1386
1 0.375143 0.508579 0.063591 0.129854
1 0.759884 0.528897 0.0548653 0.15744
1 0.0739728 0.393737 0.0526768 0.112985
1 0.516852 0.379327 0.0692102 0.129693
1 0.484248 0.547179 0.0758505 0.0931975
1 0.323236 0.592019 0.0629701 0.163088
4 0.516645 0.378448 0.0687468 0.12906
1 0.0600752 0.606733 0.0777644 0.28804
3 0.463936 0.438269 0.0891298 0.132579
1 0.927768 0.630785 0.0586689 0.179067
