2 0.64133 0.44682 0.0718811 0.498494
1 0.840489 0.770136 0.118923 0.281614
1 0.431456 0.668696 0.0980052 0.147675
2 0.551332 0.590428 0.08417 0.542617
1 0.260726 0.662775 0.0980145 0.158688
1 0.229468 0.864517 0.122242 0.231187
1 0.436835 0.863418 0.116833 0.212778
1 0.94316 0.899635 0.102702 0.191835
4 0.797058 0.415248 0.0571419 0.130074
4 0.975505 0.721351 0.0488302 0.179909
1 0.757084 0.539406 0.0629471 0.157556
1 0.329671 0.613064 0.0621071 0.192425
4 0.132636 0.354579 0.0519947 0.116156
1 0.377156 0.508342 0.0631395 0.122389
1 0.847202 0.455225 0.0458023 0.148185
4 0.176104 0.460985 0.0753911 0.13509
4 0.0559913 0.607208 0.079047 0.274216
1 0.0555686 0.607745 0.0817092 0.276486
1 0.22657 0.385497 0.0675457 0.132855
1 0.0120074 0.489675 0.0239621 0.144318
4 0.0785049 0.390712 0.0503659 0.105672
4 0.926663 0.633744 0.0631277 0.177178
1 0.0772824 0.38884 0.0528674 0.111562
0 0.893594 0.512196 0.0568584 0.137581
1 0.13186 0.351045 0.0528382 0.117538
1 0.176088 0.462686 0.0752619 0.136759
