2 0.611133 0.498192 0.0927282 0.547782
3 0.441488 0.665925 0.121476 0.142887
1 0.44083 0.859808 0.117458 0.239991
1 0.88575 0.541273 0.0608555 0.147426
1 0.759367 0.539448 0.0580421 0.167628
1 0.263641 0.670622 0.100572 0.179996
4 0.838333 0.454047 0.0576538 0.13981
4 0.0602752 0.617705 0.0813331 0.253167
2 0.521352 0.375689 0.088019 0.189125
4 0.13218 0.35771 0.0656285 0.120638
1 0.694047 0.424162 0.0560581 0.148213
3 0.946604 0.634386 0.0763157 0.187601
1 0.0610352 0.616111 0.0814625 0.254249
1 0.0655811 0.412997 0.0571683 0.13591
4 0.0653587 0.41399 0.0559659 0.133714
1 0.224228 0.872494 0.117496 0.217899
1 0.835383 0.774476 0.111344 0.274056
1 0.37674 0.506015 0.0754876 0.133473
1 0.499713 0.512391 0.0661205 0.139999
1 0.94395 0.632302 0.0750088 0.195104
0 0.223945 0.873015 0.119749 0.221912
1 0.948814 0.898662 0.102045 0.190686
4 0.226773 0.389904 0.0686763 0.124788
0 0.179748 0.46924 0.0790949 0.130021
4 0.428152 0.39442 0.0512592 0.117664
1 0.985883 0.713093 0.0282336 0.212667
1 0.328191 0.626132 0.0597261 0.190892
4 0.017171 0.498264 0.0338168 0.145146
4 0.393587 0.402931 0.0530719 0.100652
1 0.13168 0.353257 0.0671282 0.120906
