2 0.748069 0.514213 0.103612 0.586593
1 0.22723 0.878743 0.117645 0.213252
1 0.696253 0.881167 0.120799 0.190674
1 0.450459 0.736044 0.085599 0.130897
1 0.622265 0.572939 0.0786109 0.129216
1 0.876942 0.613625 0.0955565 0.221202
1 0.337166 0.616599 0.0677622 0.174254
0 0.591068 0.724161 0.0752155 0.205038
1 0.666802 0.735335 0.0697889 0.117515
1 0.960039 0.695441 0.0751772 0.241658
3 0.0408802 0.7185 0.0817604 0.260167
1 0.447677 0.895781 0.102257 0.170836
1 0.492194 0.579334 0.0673763 0.110936
1 0.987438 0.77392 0.0251236 0.280559
