0 0.356057 0.66162 0.126035 0.203059
0 0.722708 0.488024 0.0990496 0.168914
0 0.467083 0.525491 0.0872231 0.13864
0 0.399526 0.447226 0.0667945 0.178043
0 0.540459 0.446898 0.0822056 0.121812
0 0.313412 0.45206 0.085644 0.102758
0 0.0834371 0.469111 0.0824839 0.117866
0 0.283958 0.344417 0.0661329 0.0987491
0 0.364937 0.295655 0.053767 0.0909942
0 0.608609 0.37945 0.072697 0.102349
0 0.523368 0.283681 0.0579931 0.0829299
0 0.794156 0.443141 0.0510259 0.0936189
0 0.184983 0.382713 0.080362 0.0923498
0 0.576846 0.253049 0.0495205 0.0844665
0 0.431405 0.266643 0.060393 0.0791636
0 0.17048 0.507066 0.0745914 0.165329
0 0.821934 0.292921 0.0499306 0.0741976
0 0.798411 0.694878 0.134954 0.13645
0 0.671097 0.339689 0.0555069 0.0916026
0 0.879733 0.459205 0.0786707 0.0848472
0 0.661596 0.657466 0.10527 0.163235
3 0.246496 0.55376 0.10097 0.167246
0 0.0197428 0.43786 0.03944 0.101522
0 0.227188 0.329201 0.0476773 0.0924155
0 0.467529 0.335924 0.0563978 0.0674403
0 0.856714 0.558816 0.103546 0.11893
0 0.676739 0.23542 0.038763 0.0690403
0 0.467537 0.403322 0.0592032 0.0948217
0 0.636439 0.263724 0.0385094 0.0744386
0 0.111617 0.370687 0.0544172 0.0823713
0 0.910037 0.379871 0.0623102 0.0996838
0 0.314139 0.275463 0.046694 0.0849938
0 0.808621 0.362463 0.0541084 0.0860538
0 0.703267 0.283751 0.0438799 0.0774897
0 0.544448 0.351498 0.0616953 0.0673642
2 0.745764 0.290989 0.0621833 0.217454
