0 0.551739 0.796767 0.17328 0.276541
3 0.793009 0.641597 0.118039 0.214624
3 0.65434 0.574156 0.107974 0.196768
3 0.883229 0.41111 0.0724175 0.115185
0 0.262426 0.555145 0.0919023 0.179488
0 0.469027 0.36842 0.0678309 0.103778
0 0.478701 0.515946 0.087398 0.181241
0 0.366749 0.29483 0.05785 0.0976441
0 0.266812 0.336354 0.0506425 0.0958925
0 0.706995 0.288309 0.0462925 0.0811059
0 0.31997 0.412159 0.0561626 0.125398
0 0.387 0.424334 0.0786283 0.126202
0 0.735487 0.462827 0.0683403 0.126895
0 0.545942 0.424092 0.0669039 0.132897
4 0.364175 0.603345 0.118057 0.233311
0 0.193995 0.353916 0.0584374 0.0945397
0 0.450027 0.251328 0.0783464 0.13198
0 0.532406 0.252877 0.0435591 0.0768696
1 0.795629 0.292561 0.0412386 0.0653482
0 0.610724 0.356958 0.0693334 0.13659
1 0.681138 0.217602 0.0377833 0.0694634
0 0.734336 0.235006 0.0388043 0.081278
0 0.66848 0.327444 0.0458075 0.119706
4 0.610422 0.357029 0.0710482 0.139447
4 0.667809 0.327862 0.0449848 0.121591
1 0.918851 0.292707 0.0542789 0.0712454
0 0.544735 0.321129 0.0521639 0.0681004
1 0.640884 0.249767 0.030161 0.0636991
0 0.138703 0.342068 0.0438952 0.100564
0 0.843499 0.299289 0.0442574 0.0806174
0 0.183924 0.492865 0.0751329 0.183297
1 0.8429 0.296673 0.0490152 0.0787288
