4 0.80123 0.828379 0.100157 0.319539
4 0.454646 0.513914 0.0849382 0.175276
4 0.3629 0.604733 0.069725 0.255674
0 0.11073 0.44806 0.0640775 0.175841
0 0.561724 0.423143 0.0540987 0.127812
0 0.739408 0.468669 0.051309 0.15807
0 0.879482 0.532376 0.0749508 0.177267
0 0.800043 0.434551 0.0563921 0.138265
0 0.662671 0.32035 0.0547701 0.103583
0 0.179635 0.375638 0.0684467 0.116496
0 0.0545461 0.400462 0.0540194 0.140305
0 0.319502 0.420403 0.0480679 0.096761
0 0.659389 0.579815 0.0944122 0.164163
0 0.561962 0.260574 0.0386014 0.0890297
0 0.424613 0.349223 0.0413577 0.108775
0 0.288592 0.559404 0.0754078 0.184581
0 0.316584 0.316207 0.0539106 0.0957926
2 0.393188 0.293814 0.0484539 0.192681
0 0.706733 0.296221 0.0406255 0.0890524
0 0.809014 0.335125 0.0419497 0.0705839
0 0.273656 0.298794 0.0405019 0.0957405
0 0.528912 0.323596 0.0440512 0.0892398
0 0.246848 0.455021 0.0641065 0.102426
0 0.787026 0.621996 0.0871601 0.0992122
0 0.577165 0.764009 0.126901 0.240965
0 0.494322 0.38205 0.0528601 0.103798
0 0.606975 0.351647 0.0524757 0.121898
4 0.57787 0.765381 0.124618 0.239516
0 0.919218 0.334978 0.0561131 0.10435
