1 0.657582 0.636831 0.0360739 0.0502902
1 0.324265 0.774573 0.0502906 0.0693955
2 0.372075 0.584923 0.0518802 0.112307
1 0.212055 0.797486 0.0533109 0.0727993
1 0.194088 0.732558 0.0480536 0.0651118
0 0.810625 0.76792 0.0535186 0.0827067
1 0.0439971 0.80475 0.055025 0.0712934
1 0.077264 0.74182 0.0461038 0.0643623
1 0.654098 0.714352 0.039373 0.0575752
1 0.593686 0.700206 0.0401102 0.0493685
1 0.420676 0.720658 0.0413877 0.0597426
0 0.703503 0.765316 0.0541155 0.0715607
1 0.138926 0.633672 0.0406081 0.0538195
1 0.498268 0.837326 0.0590529 0.0609267
1 0.209732 0.681547 0.0427549 0.0573855
1 0.0912368 0.690011 0.0451732 0.0549753
2 0.479443 0.590212 0.050392 0.196028
1 0.750149 0.723394 0.0422874 0.0600997
1 0.695657 0.695746 0.0389631 0.0577475
1 0.573561 0.636864 0.0345836 0.0512131
1 0.451473 0.764291 0.0449685 0.0691912
1 0.312832 0.656497 0.0333235 0.0416194
1 0.593836 0.595851 0.0299927 0.0399485
1 0.609248 0.633539 0.032122 0.0476673
0 0.533064 0.627202 0.0331774 0.0471451
