4 0.360891 0.599972 0.0745484 0.261421
4 0.804078 0.832364 0.112648 0.316123
0 0.1152 0.45487 0.0667056 0.178918
0 0.873925 0.527458 0.0743681 0.17463
0 0.617873 0.751472 0.157172 0.308034
0 0.737707 0.473494 0.0598187 0.166348
0 0.669784 0.317866 0.0602533 0.128047
0 0.793988 0.414714 0.0489557 0.126143
0 0.186259 0.382252 0.0640304 0.13463
0 0.77797 0.625287 0.0922667 0.122459
0 0.419282 0.35565 0.0508092 0.124366
3 0.270481 0.5371 0.0966498 0.1921
0 0.831004 0.321637 0.0550842 0.087464
4 0.455178 0.522214 0.0850649 0.1746
0 0.907606 0.342779 0.0577139 0.0730711
0 0.837398 0.328357 0.0477623 0.0959564
0 0.353768 0.290155 0.0369349 0.0932725
0 0.478308 0.374855 0.0583077 0.106745
0 0.323028 0.421279 0.0475656 0.0952045
0 0.548094 0.409953 0.0588249 0.136657
0 0.545637 0.252114 0.0445656 0.0719469
0 0.661713 0.563758 0.076643 0.106542
1 0.257722 0.292691 0.0411932 0.125782
0 0.455289 0.521573 0.0839411 0.169561
1 0.0571968 0.388411 0.0604832 0.152304
3 0.305313 0.32563 0.0510329 0.117175
