4 0.567074 0.772429 0.112314 0.380054
0 0.192534 0.503039 0.0946785 0.190169
0 0.662316 0.566224 0.0791061 0.216033
3 0.0807271 0.391046 0.0546367 0.0928665
0 0.781084 0.409353 0.051814 0.135858
1 0.475503 0.509708 0.0815973 0.176665
2 0.0897397 0.694974 0.15409 0.499782
1 0.715356 0.280445 0.0383768 0.108324
1 0.240269 0.304543 0.0427977 0.102252
0 0.138192 0.343821 0.0541647 0.118464
1 0.725887 0.460783 0.0518365 0.129611
0 0.782171 0.59284 0.101164 0.12818
1 0.550599 0.304454 0.0495653 0.0792806
1 0.869663 0.39248 0.0550655 0.0782931
1 0.833612 0.303954 0.0304228 0.0776364
0 0.287551 0.393808 0.0638487 0.0907412
1 0.925096 0.308108 0.0517456 0.123301
1 0.796345 0.299619 0.0400342 0.0774486
1 0.442324 0.226876 0.0369513 0.0753947
3 0.331694 0.569585 0.11915 0.183684
0 0.463706 0.370651 0.0567308 0.10074
1 0.887852 0.337403 0.0360767 0.071229
1 0.644008 0.243021 0.0300003 0.0702844
1 0.680157 0.216259 0.0350555 0.0681007
1 0.740325 0.236494 0.0338904 0.0907843
1 0.86461 0.256634 0.0350571 0.0881177
3 0.0579693 0.379258 0.0866934 0.109368
1 0.573199 0.234994 0.0364695 0.0775922
3 0.0300891 0.37824 0.054756 0.104398
1 0.669131 0.297219 0.0370674 0.0929671
1 0.197505 0.352591 0.0541651 0.109618
4 0.853846 0.495352 0.0677284 0.126722
1 0.295068 0.303537 0.0514375 0.078664
0 0.573387 0.234142 0.0363144 0.0764379
1 0.526982 0.255478 0.0403059 0.0784628
