1 0.194111 0.732495 0.0473168 0.0659195
1 0.656879 0.63691 0.0362597 0.0508769
2 0.373249 0.584238 0.0528405 0.111773
1 0.214885 0.79745 0.0527804 0.0731009
1 0.324371 0.774716 0.0493155 0.0706641
1 0.710513 0.760121 0.0514343 0.0642802
1 0.452209 0.763547 0.0455368 0.0711089
0 0.812454 0.767677 0.0541445 0.0835601
1 0.077655 0.741369 0.0470815 0.0636609
1 0.0462519 0.804944 0.0524224 0.0663141
1 0.593253 0.699685 0.0393162 0.0490568
1 0.422027 0.723046 0.0405707 0.0573778
2 0.479823 0.596195 0.0512655 0.205158
1 0.140436 0.630746 0.0372875 0.0528417
1 0.649697 0.715939 0.0419003 0.058401
1 0.0925162 0.689844 0.0455546 0.057888
1 0.497808 0.839506 0.0593637 0.0587263
1 0.206422 0.680437 0.042273 0.0543185
1 0.572415 0.637142 0.0336276 0.0499263
1 0.610207 0.633546 0.0327106 0.0460645
1 0.759255 0.726256 0.0467381 0.0583715
1 0.124308 0.679981 0.0341982 0.0552378
1 0.405083 0.692452 0.0408724 0.0534644
1 0.312548 0.65635 0.0340937 0.043867
1 0.686961 0.693592 0.0377289 0.0592433
1 0.593572 0.596433 0.0292553 0.0398848
