1 0.631176 0.577477 0.0735783 0.115635
2 0.559873 0.386644 0.101958 0.375202
4 0.967135 0.808444 0.0656707 0.311647
1 0.33968 0.612419 0.0622735 0.152775
1 0.425951 0.69907 0.0768848 0.206615
1 0.87624 0.622002 0.0973236 0.197862
1 0.214623 0.862729 0.0959647 0.183014
1 0.0793838 0.556792 0.0648641 0.104463
1 0.497961 0.769087 0.0873117 0.154023
1 0.283558 0.76704 0.0676333 0.131585
0 0.64313 0.717099 0.101852 0.162398
1 0.642882 0.715586 0.0984027 0.151899
1 0.664569 0.892743 0.14873 0.199955
1 0.0219772 0.723749 0.0439544 0.257543
