0 0.563567 0.488263 0.0732738 0.209903
0 0.363027 0.559327 0.0923686 0.236885
0 0.803044 0.403819 0.0555119 0.189921
0 0.244991 0.620003 0.0807457 0.209555
0 0.863376 0.339086 0.0600582 0.126743
0 0.499112 0.440985 0.0557663 0.176166
0 0.204456 0.359903 0.0679239 0.104924
0 0.714424 0.345574 0.0538929 0.145191
0 0.631893 0.403215 0.0584538 0.160537
0 0.405901 0.321204 0.0444298 0.117642
0 0.268203 0.333291 0.0534805 0.0989452
0 0.612046 0.2419 0.049054 0.107619
0 0.565416 0.275549 0.0414301 0.145413
0 0.672583 0.288953 0.0409618 0.104958
0 0.287391 0.422088 0.0362601 0.0918978
0 0.184161 0.515424 0.0793408 0.175366
0 0.507296 0.251209 0.0472806 0.14154
0 0.460686 0.278623 0.0383092 0.0908363
0 0.373526 0.284043 0.0344692 0.103844
0 0.410329 0.232719 0.0280698 0.0627583
0 0.192841 0.264944 0.0554063 0.07675
