2 0.369905 0.408842 0.0833422 0.558362
0 0.270884 0.313857 0.0719622 0.132923
0 0.552111 0.370228 0.0639896 0.108935
0 0.788119 0.444941 0.0740094 0.142559
1 0.578025 0.167307 0.0399426 0.10984
1 0.433855 0.229571 0.0423843 0.125056
0 0.48372 0.499657 0.107468 0.209845
0 0.606486 0.526698 0.0849374 0.228598
1 0.757945 0.291875 0.0443652 0.113071
2 0.690123 0.288722 0.0689943 0.26384
0 0.024774 0.32674 0.0493943 0.134723
0 0.673373 0.418806 0.0623748 0.162698
1 0.73559 0.203066 0.0273877 0.0755746
0 0.616715 0.326628 0.0412491 0.102821
0 0.535346 0.173607 0.0385868 0.106989
1 0.832953 0.18939 0.0306473 0.0810702
1 0.0960922 0.33704 0.0672786 0.169437
4 0.833855 0.188332 0.0303753 0.0785047
1 0.865711 0.18918 0.0351326 0.063151
0 0.0957648 0.341284 0.0688111 0.175617
1 0.489113 0.212081 0.0490601 0.119911
