1 0.125714 0.884087 0.0668975 0.187521
1 0.640798 0.557196 0.0747452 0.172395
0 0.27785 0.882338 0.0719074 0.167051
1 0.126299 0.707668 0.0497093 0.126123
0 0.220657 0.71643 0.0536923 0.134907
0 0.735311 0.669639 0.0651172 0.139261
0 0.741035 0.868633 0.093181 0.236242
1 0.741025 0.869454 0.0899575 0.249132
0 0.647009 0.732442 0.0699851 0.174734
0 0.185452 0.804831 0.0561084 0.163914
1 0.841052 0.675092 0.0664869 0.0923687
1 0.0236924 0.890918 0.0473847 0.178691
0 0.0739272 0.804873 0.063727 0.174631
1 0.870931 0.875652 0.06418 0.184439
1 0.97784 0.844556 0.0441128 0.163342
0 0.296879 0.763648 0.0706916 0.0824961
1 0.304805 0.694866 0.0653337 0.0894354
1 0.0749433 0.802492 0.063301 0.165115
1 0.184251 0.802934 0.0555948 0.162611
