1 0.752989 0.878341 0.0705198 0.226839
1 0.214553 0.724739 0.0491991 0.150057
1 0.098909 0.710666 0.0563683 0.137547
1 0.116848 0.894196 0.0684194 0.181087
1 0.755991 0.689069 0.0566813 0.129866
1 0.903466 0.736967 0.0610275 0.119917
1 0.0209493 0.896936 0.0418985 0.190883
1 0.874832 0.876606 0.0662125 0.177619
0 0.265572 0.882334 0.0759575 0.128441
1 0.677213 0.807095 0.0671623 0.199031
2 0.291896 0.706822 0.0933262 0.240147
1 0.81284 0.783122 0.0511612 0.159602
1 0.0568033 0.794118 0.0509169 0.182775
1 0.847949 0.686663 0.0486694 0.109776
2 0.670526 0.579969 0.0594024 0.222262
1 0.171291 0.804455 0.0550156 0.170974
1 0.981652 0.849699 0.0366745 0.253095
