1 0.758069 0.69972 0.077726 0.103479
1 0.181453 0.641207 0.0697254 0.100512
1 0.0685322 0.478915 0.0593045 0.0806256
1 0.384049 0.724481 0.0867013 0.115679
1 0.694645 0.652671 0.0649223 0.0961029
1 0.128477 0.731331 0.0753032 0.0999476
1 0.0423885 0.81106 0.084195 0.105225
2 0.585537 0.718942 0.160897 0.324094
1 0.806114 0.806697 0.0971664 0.114047
2 0.885121 0.396903 0.0760513 0.213966
1 0.370517 0.628862 0.0791742 0.0923428
1 0.284521 0.490096 0.0579793 0.0768873
1 0.0241767 0.537309 0.0482325 0.0783371
1 0.210253 0.563091 0.0584959 0.0787633
1 0.260313 0.555524 0.0491611 0.0693195
1 0.708224 0.527512 0.0526644 0.0671766
1 0.37641 0.558092 0.0659794 0.0781909
1 0.935615 0.509542 0.0532391 0.0772812
1 0.29914 0.819512 0.088204 0.0984201
1 0.984918 0.520348 0.0301636 0.0829194
1 0.6673 0.470282 0.0458099 0.0624482
