1 0.829628 0.715633 0.0613365 0.112005
1 0.039053 0.896682 0.0654179 0.183175
1 0.122917 0.887834 0.0682055 0.188967
1 0.902506 0.77725 0.0632496 0.141709
0 0.188057 0.806571 0.052654 0.142212
0 0.0708818 0.777762 0.050437 0.124829
1 0.972169 0.873397 0.0543466 0.214406
0 0.278977 0.911348 0.0820228 0.153011
1 0.743069 0.713453 0.0599821 0.115309
0 0.715946 0.890668 0.0843247 0.174751
0 0.743196 0.714121 0.0617552 0.118642
1 0.634847 0.732766 0.0750205 0.136542
1 0.854499 0.838913 0.0504559 0.143639
1 0.311271 0.722803 0.0910098 0.116495
0 0.634686 0.736183 0.0756631 0.142849
0 0.0385273 0.897157 0.0670738 0.182464
