2 0.15842 0.26655 0.0634046 0.267836
2 0.636944 0.225405 0.057022 0.220234
3 0.278259 0.572755 0.106414 0.206823
1 0.83882 0.371486 0.0501526 0.173335
1 0.548199 0.571554 0.0956801 0.204708
1 0.890162 0.421864 0.0497967 0.153951
1 0.156199 0.562264 0.0964 0.210801
1 0.931603 0.326202 0.0435383 0.0999952
1 0.102495 0.366816 0.0477575 0.130046
1 0.326362 0.297852 0.0351619 0.0912817
1 0.293147 0.347148 0.0369228 0.102491
1 0.258402 0.385441 0.0399962 0.127597
1 0.625002 0.386671 0.0425181 0.120701
1 0.0526985 0.411684 0.0489663 0.176116
1 0.885542 0.296904 0.0434391 0.107176
1 0.0183399 0.477962 0.0366799 0.212157
1 0.940062 0.474537 0.0612896 0.19786
1 0.668332 0.575628 0.100183 0.230994
1 0.535994 0.383145 0.0556621 0.104629
1 0.355435 0.393375 0.0455269 0.121129
1 0.986026 0.547858 0.0279486 0.236147
3 0.403219 0.312493 0.0582598 0.110101
