0 0.664978 0.580658 0.101436 0.225555
0 0.532004 0.570757 0.0993246 0.194831
0 0.919415 0.484934 0.0621822 0.18306
0 0.28221 0.594809 0.0951514 0.210161
0 0.10745 0.377357 0.0519424 0.128691
0 0.054105 0.415706 0.0508207 0.163969
0 0.155858 0.317734 0.046553 0.121572
0 0.829654 0.369591 0.0528618 0.155585
0 0.226866 0.467133 0.0559674 0.141817
2 0.658252 0.250224 0.0427909 0.257899
0 0.921196 0.337236 0.0500088 0.105497
0 0.524781 0.39411 0.0624573 0.107168
0 0.621506 0.394431 0.0481882 0.119856
0 0.324956 0.320476 0.0387124 0.11183
0 0.983999 0.400878 0.0320016 0.114859
1 0.327082 0.454245 0.0540998 0.10064
0 0.0177597 0.473065 0.0351421 0.193607
1 0.150169 0.574361 0.0924299 0.219787
0 0.26238 0.394698 0.0385462 0.11159
0 0.976589 0.562411 0.0465889 0.211535
0 0.150329 0.572286 0.0952949 0.217093
0 0.289485 0.352644 0.0337693 0.103348
1 0.876927 0.298318 0.0413933 0.100531
0 0.979177 0.394562 0.0412262 0.117437
0 0.364965 0.397804 0.0420712 0.13927
0 0.874957 0.424315 0.0416969 0.142419
1 0.596997 0.300562 0.0394094 0.0820165
