1 0.591451 0.637267 0.0373722 0.0522135
1 0.388185 0.763501 0.0449352 0.0664908
1 0.15164 0.796626 0.0535758 0.0795481
1 0.292093 0.728393 0.0590061 0.0905126
2 0.448351 0.555009 0.0494149 0.119252
0 0.639491 0.766752 0.0467657 0.0674138
1 0.0663327 0.637792 0.0391051 0.0529816
1 0.583017 0.712823 0.0396533 0.0623505
1 0.416913 0.83139 0.0577948 0.0733271
1 0.138528 0.735418 0.0519531 0.061144
1 0.52862 0.699041 0.0368293 0.0495115
1 0.0134414 0.753525 0.0268829 0.0746946
1 0.512544 0.635255 0.0354998 0.0478593
1 0.35138 0.724241 0.0423099 0.0613879
1 0.627621 0.689603 0.0399136 0.0597525
1 0.138635 0.68427 0.0438127 0.0540415
1 0.0216746 0.697156 0.0426796 0.0580345
1 0.684304 0.725164 0.0411339 0.0604097
1 0.749499 0.760108 0.0492795 0.073819
1 0.525586 0.597062 0.0280886 0.0367976
1 0.347082 0.648715 0.0337966 0.0522802
1 0.24248 0.706569 0.0400141 0.0554718
1 0.472005 0.625937 0.0271467 0.0401319
4 0.307556 0.614983 0.0309261 0.0454885
