2 0.706652 0.28803 0.0590662 0.354943
1 0.152768 0.310896 0.0573482 0.142888
1 0.157662 0.556354 0.100911 0.196758
1 0.928516 0.328209 0.0443058 0.089662
1 0.841356 0.369117 0.0502325 0.16045
1 0.666843 0.577617 0.100069 0.223161
1 0.284049 0.582944 0.0976864 0.218175
1 0.055748 0.402527 0.0491291 0.153628
1 0.606001 0.295178 0.0484426 0.0957268
1 0.260102 0.393548 0.0414046 0.134571
1 0.937988 0.471186 0.0662193 0.187621
1 0.327459 0.305153 0.0367566 0.10415
1 0.222269 0.45521 0.0488703 0.161547
1 0.885282 0.293176 0.038929 0.101408
1 0.543603 0.579373 0.106879 0.209312
1 0.294109 0.351444 0.0346654 0.105075
1 0.360973 0.398827 0.0468725 0.130738
1 0.552637 0.371608 0.0570221 0.081665
1 0.625359 0.387949 0.0461273 0.115006
1 0.102978 0.371629 0.0480281 0.127607
1 0.883462 0.413408 0.0484594 0.140898
1 0.0200245 0.472357 0.0400491 0.202331
1 0.383698 0.340438 0.0411893 0.106294
1 0.986286 0.384843 0.0274287 0.137603
1 0.989813 0.546235 0.0203741 0.214889
