2 0.951983 0.457 0.0958054 0.583982
1 0.293927 0.866992 0.14047 0.253361
1 0.056886 0.845625 0.112727 0.307322
1 0.151565 0.713687 0.0929453 0.273028
1 0.712385 0.686218 0.0995556 0.135688
1 0.660967 0.617784 0.0638463 0.212361
1 0.738016 0.485979 0.062487 0.200265
1 0.695687 0.876333 0.143201 0.239501
1 0.244615 0.540545 0.054507 0.170988
1 0.377405 0.618381 0.0709605 0.205418
1 0.298852 0.48343 0.061697 0.214395
1 0.848342 0.730436 0.0669626 0.276803
1 0.809627 0.606619 0.0542647 0.207323
2 0.300238 0.485966 0.0597827 0.21571
1 0.41529 0.44562 0.0554688 0.130457
3 0.899359 0.862419 0.142914 0.247338
1 0.299773 0.667104 0.0874968 0.125211
1 0.850053 0.661902 0.0639057 0.145157
1 0.192299 0.579449 0.0546077 0.185076
