0 0.712039 0.86597 0.119498 0.226238
0 0.673954 0.57819 0.095756 0.116385
1 0.741526 0.47343 0.0546867 0.155722
0 0.910843 0.880065 0.143463 0.213712
3 0.614603 0.464542 0.0900669 0.146499
0 0.68074 0.692458 0.114197 0.123993
3 0.0872016 0.833075 0.174403 0.315592
0 0.863062 0.689352 0.116444 0.17965
1 0.185194 0.57057 0.0634196 0.131975
3 0.806189 0.514681 0.0825953 0.121734
3 0.600679 0.472799 0.058885 0.14381
2 0.0964681 0.447911 0.125974 0.455356
1 0.0842823 0.841723 0.166499 0.305007
2 0.293584 0.493386 0.0565423 0.209963
3 0.327762 0.466267 0.0333768 0.161567
