0 0.679436 0.490169 0.0676342 0.17235
0 0.847409 0.500636 0.065905 0.141051
0 0.270342 0.541248 0.0633002 0.160609
0 0.58864 0.503347 0.0826529 0.178863
0 0.110263 0.589453 0.0595543 0.1474
0 0.761243 0.489496 0.061254 0.149714
2 0.455516 0.443989 0.0557549 0.415185
0 0.170817 0.522885 0.0497339 0.147827
0 0.342495 0.529781 0.0702587 0.151449
0 0.316928 0.361512 0.0515541 0.123413
0 0.773433 0.354204 0.0464062 0.105823
0 0.250173 0.378679 0.0508572 0.133223
0 0.20212 0.376304 0.0383251 0.102922
0 0.630211 0.248617 0.0484261 0.0780314
1 0.159755 0.402658 0.0429065 0.0829012
1 0.834299 0.374563 0.051236 0.103275
0 0.710423 0.347796 0.0566257 0.116713
0 0.37859 0.369673 0.0609425 0.133154
1 0.405719 0.255734 0.0400142 0.08914
0 0.223866 0.506543 0.03767 0.165161
0 0.639902 0.344099 0.059343 0.109927
0 0.257129 0.270015 0.0365639 0.0777061
0 0.356349 0.258608 0.0439663 0.090034
0 0.577235 0.24804 0.0457897 0.0714012
1 0.562886 0.178 0.0324473 0.0736102
0 0.526779 0.248931 0.0437023 0.0779598
0 0.526375 0.182577 0.0341231 0.0661455
0 0.304667 0.2627 0.043415 0.0829392
0 0.631248 0.181814 0.0336084 0.0596087
0 0.481977 0.190985 0.0374512 0.0824092
0 0.722773 0.250585 0.0376651 0.072207
1 0.768097 0.269603 0.0366632 0.0654795
0 0.597431 0.185102 0.0293316 0.0682096
0 0.442163 0.197961 0.0347183 0.0788493
2 0.677247 0.171833 0.0354431 0.0973044
0 0.565452 0.347145 0.0688346 0.127229
0 0.674309 0.259793 0.0318213 0.0772312
1 0.564808 0.346192 0.0675634 0.128187
0 0.767308 0.271818 0.0357051 0.0662156
0 0.564708 0.180017 0.0326485 0.0711027
1 0.481788 0.192322 0.0356285 0.081546
