0 0.274312 0.538819 0.073409 0.143872
2 0.636411 0.631683 0.0605086 0.476742
0 0.761413 0.489722 0.0613392 0.137093
0 0.2465 0.38072 0.0503244 0.126316
1 0.566108 0.342267 0.0669117 0.119484
0 0.31362 0.367193 0.0564608 0.11857
0 0.171099 0.520249 0.0418012 0.141283
0 0.641375 0.338223 0.0642675 0.102799
1 0.710247 0.345194 0.0533134 0.114083
0 0.696706 0.479877 0.0481754 0.149432
0 0.201009 0.378969 0.0386303 0.111789
0 0.37392 0.365189 0.0551928 0.1078
1 0.834971 0.371644 0.0506443 0.10754
0 0.350781 0.532284 0.0697171 0.140575
0 0.354354 0.265636 0.0412074 0.0880975
0 0.213755 0.511048 0.0372408 0.140164
1 0.719026 0.251163 0.0375618 0.0685401
0 0.257534 0.272145 0.0396484 0.0806582
0 0.304577 0.270109 0.0424704 0.0819316
1 0.160396 0.405582 0.0416285 0.0836065
1 0.772103 0.349435 0.0491982 0.111956
0 0.595155 0.18664 0.0306273 0.0779861
1 0.112022 0.57054 0.0605412 0.171123
0 0.563354 0.189414 0.0302479 0.0713323
0 0.441949 0.201246 0.0372492 0.0889075
1 0.670564 0.198677 0.0324076 0.0543667
0 0.624978 0.252389 0.0409485 0.077431
1 0.482194 0.19941 0.0364292 0.0881148
1 0.844668 0.500632 0.0656406 0.137738
0 0.482838 0.19734 0.0346296 0.0873232
0 0.671405 0.252896 0.0357449 0.0672455
0 0.40457 0.263083 0.044255 0.0953151
1 0.579925 0.485165 0.0675499 0.142079
0 0.843094 0.500962 0.0678051 0.135228
0 0.772383 0.34874 0.0486546 0.113849
0 0.11248 0.573034 0.0607441 0.176562
0 0.214607 0.29167 0.0329842 0.0641547
