1 0.590594 0.637654 0.0401522 0.0551544
1 0.383914 0.765882 0.0446415 0.065052
1 0.139414 0.734913 0.04995 0.0605419
1 0.289084 0.729008 0.059935 0.0874924
1 0.148814 0.80342 0.0528889 0.0814115
1 0.642285 0.758259 0.0510149 0.0669132
2 0.455394 0.549992 0.0520545 0.108054
1 0.582611 0.710332 0.0400433 0.0611173
1 0.0630699 0.636622 0.0390703 0.0517553
1 0.0145029 0.753912 0.0290057 0.0713977
1 0.528017 0.698397 0.0369274 0.0502944
1 0.686778 0.72607 0.041147 0.0621239
1 0.420674 0.83318 0.0569371 0.0715823
1 0.628608 0.690568 0.0421038 0.062561
1 0.0212768 0.696096 0.0419342 0.0571035
1 0.513623 0.637407 0.035673 0.0503129
1 0.753642 0.758411 0.0494133 0.0723317
1 0.472291 0.627099 0.0284015 0.0410521
1 0.346043 0.724868 0.0396822 0.0529888
1 0.527438 0.599763 0.0317115 0.0451684
1 0.242956 0.703654 0.0390574 0.0546347
