0 0.276035 0.532136 0.0686868 0.131123
0 0.68025 0.491253 0.070053 0.130865
0 0.351127 0.506695 0.0728518 0.15703
0 0.588798 0.498715 0.0812279 0.148576
0 0.761889 0.490879 0.0676505 0.160735
0 0.247451 0.372266 0.0532259 0.131455
0 0.213033 0.517597 0.0435387 0.130103
0 0.313189 0.361309 0.056811 0.116086
0 0.376179 0.371808 0.0571454 0.104101
1 0.641284 0.344102 0.0597966 0.117318
1 0.711051 0.351258 0.0590687 0.120986
0 0.564529 0.348974 0.0722939 0.131843
1 0.836738 0.374345 0.0503662 0.0990767
0 0.304386 0.266059 0.0478409 0.0784379
1 0.119919 0.589428 0.0714835 0.226682
0 0.77386 0.351482 0.0490025 0.105358
1 0.482231 0.192297 0.0389244 0.0827259
0 0.847151 0.504746 0.0669512 0.132125
1 0.721273 0.253175 0.0400177 0.0692516
0 0.599618 0.190912 0.0316385 0.0651045
0 0.173072 0.51409 0.0403626 0.117487
0 0.62508 0.253238 0.0410839 0.0720496
0 0.573181 0.247795 0.043373 0.0734547
0 0.409903 0.267707 0.0443102 0.103083
0 0.43933 0.195921 0.0387032 0.0822188
1 0.1986 0.330196 0.0473307 0.184975
4 0.120607 0.586512 0.0719313 0.222724
0 0.526757 0.241591 0.038198 0.0867094
1 0.248434 0.26084 0.0374327 0.0785758
0 0.526661 0.171429 0.0320643 0.0632314
0 0.198124 0.329764 0.0465563 0.18384
1 0.673049 0.253625 0.0355406 0.0667028
1 0.769195 0.268057 0.0370995 0.0618481
1 0.773597 0.351606 0.049054 0.104092
0 0.565167 0.190526 0.0295398 0.060352
1 0.359913 0.257391 0.0433953 0.102773
0 0.360672 0.259522 0.0441514 0.103684
0 0.671182 0.199591 0.0338503 0.0527638
