0 0.848714 0.511867 0.0740286 0.123375
0 0.276963 0.539491 0.0725285 0.127093
0 0.25208 0.3766 0.0493179 0.134875
0 0.68122 0.478249 0.0689835 0.163667
0 0.175284 0.54258 0.047053 0.17514
0 0.112861 0.597701 0.0657186 0.141636
0 0.315698 0.366041 0.0499875 0.11367
0 0.63834 0.34181 0.060795 0.0955029
0 0.356983 0.518226 0.0673746 0.153512
0 0.7101 0.355173 0.0638493 0.102058
0 0.220787 0.509291 0.0396483 0.149214
0 0.565266 0.34814 0.0757502 0.100266
0 0.209739 0.372427 0.03703 0.108842
1 0.588891 0.498584 0.0840021 0.171441
0 0.575412 0.254093 0.046832 0.0782655
0 0.761461 0.498722 0.0578781 0.143468
0 0.305344 0.270485 0.043322 0.0831522
0 0.525167 0.247401 0.0437277 0.0887372
0 0.566379 0.182634 0.0326785 0.0710076
0 0.777848 0.352712 0.0500902 0.10271
0 0.625823 0.255163 0.0439089 0.0796857
0 0.673632 0.256668 0.0406469 0.0797418
0 0.254528 0.261366 0.0334727 0.0768363
1 0.840743 0.383978 0.0547119 0.110393
0 0.172238 0.41151 0.045963 0.087226
0 0.353483 0.261318 0.0415993 0.0927904
2 0.405657 0.275429 0.0445018 0.195597
0 0.719501 0.260908 0.0429239 0.0833201
0 0.598932 0.187354 0.0295143 0.0733899
0 0.527747 0.177338 0.035686 0.060993
0 0.590177 0.497453 0.0888955 0.167963
1 0.769577 0.268536 0.0372632 0.0647305
0 0.372617 0.362984 0.0531071 0.117074
0 0.673384 0.199979 0.0335815 0.0575949
2 0.467986 0.374701 0.0471387 0.389291
1 0.778012 0.352694 0.0517792 0.104291
1 0.485482 0.188537 0.0311734 0.0774131
0 0.767843 0.271684 0.0390917 0.0652139
