0 0.235523 0.518284 0.0504735 0.15682
0 0.259375 0.373533 0.0470892 0.121309
0 0.713446 0.356513 0.0590815 0.0886793
0 0.585516 0.502419 0.0811949 0.155684
0 0.767619 0.514822 0.0656214 0.150155
0 0.2852 0.514537 0.0472609 0.138944
0 0.349094 0.533804 0.0763535 0.140664
0 0.678995 0.510176 0.0860859 0.129541
0 0.360481 0.267686 0.0459051 0.0921416
0 0.779708 0.361661 0.0516497 0.0816791
0 0.172417 0.548936 0.0539732 0.160694
0 0.317453 0.372582 0.0538866 0.107792
0 0.569373 0.351831 0.0780144 0.110121
0 0.377458 0.378907 0.0595347 0.0938649
0 0.675715 0.283302 0.0447179 0.069778
0 0.11043 0.595915 0.0596935 0.143135
0 0.409055 0.277965 0.0441383 0.09144
0 0.643844 0.354489 0.0642997 0.0866434
0 0.173462 0.421203 0.0506414 0.0851432
0 0.626953 0.269407 0.0460054 0.0656221
0 0.841747 0.421908 0.0500298 0.0919057
0 0.442708 0.208994 0.0430521 0.0818991
0 0.21584 0.379948 0.0380973 0.10201
0 0.724335 0.2756 0.0424165 0.0721536
0 0.527253 0.273975 0.04886 0.072917
0 0.580309 0.25722 0.0499511 0.0748847
0 0.662328 0.218812 0.0371418 0.0620021
0 0.306017 0.279169 0.0496001 0.0833801
0 0.258246 0.262512 0.0352124 0.0764017
0 0.632065 0.194588 0.0311708 0.0637868
0 0.769048 0.289799 0.0414225 0.0606285
0 0.601311 0.197832 0.0341028 0.0611617
0 0.858589 0.534922 0.0580616 0.107691
0 0.564608 0.190267 0.0295258 0.0660285
0 0.481095 0.194411 0.0301369 0.0712978
0 0.530144 0.195736 0.0281854 0.0701291
