2 0.42151 0.576767 0.086256 0.495957
0 0.27711 0.532795 0.0617976 0.148628
0 0.342178 0.519442 0.0626827 0.148233
0 0.674702 0.478158 0.0585552 0.177361
0 0.59089 0.502816 0.0825033 0.180456
0 0.711274 0.359956 0.0602604 0.0810463
0 0.357156 0.264017 0.0405443 0.0957551
0 0.401454 0.248614 0.0450162 0.121428
0 0.16413 0.525296 0.0413136 0.147325
0 0.254745 0.382522 0.0505873 0.138705
0 0.318108 0.365167 0.0583048 0.117759
0 0.567084 0.345539 0.068312 0.120585
0 0.641121 0.354144 0.0676691 0.0865938
1 0.836281 0.377137 0.0527081 0.109567
0 0.66908 0.26406 0.0407518 0.096374
1 0.156466 0.409911 0.043863 0.0748191
0 0.206757 0.370013 0.0426596 0.0966059
0 0.30572 0.273119 0.0476927 0.0727015
0 0.441894 0.2036 0.0358737 0.0939182
0 0.75386 0.505892 0.0733248 0.160992
1 0.558582 0.182845 0.0307645 0.0713657
1 0.754582 0.507076 0.0723612 0.165167
0 0.719452 0.275007 0.0475796 0.0920694
1 0.591777 0.179402 0.0276085 0.0648963
0 0.775448 0.340193 0.0451606 0.101398
0 0.480843 0.190507 0.0356553 0.0795741
1 0.775831 0.340132 0.0446331 0.104283
1 0.114742 0.589679 0.0638978 0.158595
0 0.522573 0.246884 0.040329 0.0863658
0 0.253651 0.268211 0.0379794 0.0771878
0 0.573609 0.248015 0.0435509 0.0719777
1 0.66976 0.197911 0.0318783 0.0554822
0 0.210824 0.503776 0.0508647 0.168403
0 0.620727 0.245205 0.0415686 0.0990866
1 0.619418 0.244237 0.0398322 0.0969662
4 0.848426 0.51444 0.0739216 0.144848
1 0.52413 0.173658 0.0328605 0.0686377
0 0.116056 0.587248 0.0616383 0.159909
1 0.848223 0.514726 0.0728619 0.151438
1 0.635204 0.188044 0.0307589 0.0597608
