0 0.172315 0.533688 0.0497303 0.19212
1 0.757449 0.490661 0.0607967 0.147005
0 0.352068 0.507967 0.0729669 0.164833
0 0.223559 0.521969 0.0436932 0.153525
0 0.282911 0.537373 0.0644254 0.161779
0 0.592529 0.50154 0.0844734 0.165959
0 0.378785 0.360321 0.0534537 0.107082
2 0.493403 0.361573 0.0488642 0.367563
0 0.318507 0.367813 0.0542779 0.10519
0 0.564278 0.345302 0.0688079 0.114158
1 0.832831 0.367452 0.0517818 0.102797
0 0.842662 0.501974 0.0693501 0.148936
0 0.256643 0.383651 0.0561195 0.143443
0 0.255958 0.275192 0.0390159 0.0762083
0 0.360138 0.263907 0.042351 0.0866373
1 0.113293 0.587929 0.0637761 0.158991
0 0.623657 0.248774 0.0437276 0.0745465
1 0.410807 0.265436 0.0448889 0.100339
1 0.773758 0.347981 0.0473605 0.105738
0 0.681275 0.475143 0.0673899 0.161916
0 0.308862 0.269126 0.0463906 0.0853261
0 0.575386 0.251135 0.0427884 0.0712894
0 0.637628 0.343057 0.0652636 0.109813
1 0.558211 0.183022 0.0327747 0.073916
1 0.154901 0.403661 0.0466435 0.0695788
2 0.445099 0.193808 0.0347126 0.119236
1 0.527803 0.173579 0.0262932 0.0696397
1 0.680531 0.47453 0.0678151 0.154829
0 0.597883 0.191067 0.0311184 0.0652201
0 0.205414 0.377298 0.0431474 0.106996
0 0.634167 0.186716 0.0325583 0.0605672
1 0.205769 0.379128 0.0438736 0.10959
0 0.670034 0.255203 0.0383359 0.0804203
1 0.671451 0.195598 0.0315731 0.0518984
0 0.708023 0.344522 0.0599546 0.0993845
0 0.728118 0.26419 0.0386786 0.0690552
1 0.204198 0.292456 0.0369658 0.0602667
