1 0.415315 0.779691 0.0991678 0.336847
4 0.252138 0.742947 0.0930563 0.320538
1 0.582657 0.581429 0.0658355 0.100481
1 0.386291 0.545759 0.0512487 0.112008
1 0.169976 0.563859 0.0600682 0.169797
1 0.798017 0.656358 0.0794121 0.214648
1 0.300044 0.487685 0.0437497 0.0993574
1 0.239601 0.522838 0.052629 0.111251
1 0.728833 0.579092 0.0512366 0.136173
1 0.912092 0.535334 0.0532017 0.0888626
1 0.0511625 0.658662 0.0686467 0.245467
1 0.644273 0.50959 0.0416335 0.121992
1 0.454323 0.553195 0.0507991 0.107977
1 0.950884 0.752699 0.0982327 0.298025
1 0.321696 0.626348 0.0513996 0.19517
2 0.36899 0.409846 0.0486558 0.161831
0 0.596331 0.786946 0.108069 0.302693
1 0.682145 0.521207 0.0375835 0.112169
1 0.597153 0.787584 0.107538 0.307658
1 0.833668 0.524356 0.0488411 0.0977912
1 0.139665 0.48537 0.0395716 0.102197
1 0.969916 0.564629 0.0597296 0.0816646
1 0.552775 0.49815 0.0460783 0.078194
1 0.091169 0.500782 0.0345975 0.087189
