1 0.589282 0.637654 0.0393826 0.0534855
1 0.384085 0.766421 0.0459143 0.0674708
1 0.294153 0.732226 0.0573751 0.0855899
1 0.150483 0.802815 0.0530679 0.0778993
1 0.137901 0.735354 0.0509663 0.0597694
1 0.643164 0.75831 0.0508284 0.0668986
2 0.457408 0.549268 0.0532601 0.104843
1 0.0646966 0.639398 0.0408362 0.053361
1 0.427769 0.829082 0.0595751 0.0735341
1 0.0138951 0.754332 0.0277903 0.0739357
1 0.582885 0.711948 0.0407568 0.0629926
1 0.686954 0.725492 0.0409737 0.0614423
1 0.526812 0.698766 0.0381304 0.0512459
1 0.628762 0.689457 0.0422968 0.0607755
1 0.511599 0.636147 0.034326 0.0477206
1 0.0212906 0.695272 0.0418468 0.0567735
1 0.138572 0.686921 0.0411599 0.0489273
1 0.245031 0.704823 0.0406706 0.0530815
1 0.753925 0.757382 0.0496837 0.0701332
1 0.344732 0.645718 0.0358452 0.0525527
1 0.527238 0.597765 0.0284712 0.040078
1 0.34713 0.725505 0.0388553 0.0533115
1 0.323242 0.639498 0.0309818 0.0467621
1 0.315165 0.607485 0.0303106 0.0397611
