1 0.181755 0.829043 0.0979528 0.341914
4 0.681025 0.772474 0.0777912 0.222161
4 0.30081 0.677324 0.075142 0.202209
4 0.945193 0.918066 0.0994532 0.163869
2 0.824574 0.484235 0.0744093 0.40611
4 0.625445 0.671534 0.057999 0.17143
0 0.40036 0.761388 0.0830218 0.194355
4 0.767683 0.685027 0.0695423 0.220249
1 0.756506 0.91574 0.0818382 0.164539
4 0.848781 0.770668 0.0697853 0.122257
1 0.410139 0.613326 0.0658363 0.104867
0 0.40187 0.920587 0.0758567 0.124911
1 0.848247 0.83985 0.0682396 0.248015
1 0.848995 0.79838 0.0693269 0.175368
