2 0.181784 0.40241 0.0862438 0.340726
0 0.919158 0.650218 0.0949684 0.180901
0 0.356233 0.522887 0.0876437 0.13732
0 0.507974 0.702566 0.118776 0.1261
0 0.524318 0.527569 0.0702631 0.109313
0 0.194533 0.664257 0.102904 0.156697
0 0.320463 0.702934 0.123411 0.122703
0 0.492899 0.434462 0.0619445 0.0876585
0 0.625009 0.530202 0.0672025 0.0954152
1 0.894917 0.49202 0.0809418 0.126713
0 0.568118 0.425839 0.0642169 0.094854
0 0.643668 0.684985 0.108949 0.124345
0 0.485237 0.354413 0.0580309 0.0682387
0 0.810072 0.508651 0.06451 0.112622
0 0.745092 0.427225 0.0762224 0.0895306
0 0.27942 0.396709 0.051878 0.10575
1 0.391106 0.341183 0.0437416 0.088545
0 0.362092 0.408065 0.0652857 0.0913313
1 0.318262 0.342863 0.0376371 0.0914361
0 0.260633 0.498719 0.0499863 0.121232
0 0.56211 0.349542 0.0575217 0.0650951
