1 0.189409 0.694588 0.131789 0.479933
1 0.772696 0.571681 0.076318 0.257265
1 0.320692 0.56797 0.084202 0.30433
1 0.354929 0.342345 0.0473081 0.101809
2 0.509465 0.323418 0.0435852 0.142714
1 0.0797258 0.499369 0.0571802 0.200652
1 0.916396 0.401958 0.0423363 0.0945917
1 0.413434 0.508942 0.0560947 0.212369
1 0.920688 0.73172 0.155179 0.495162
1 0.254266 0.42598 0.0414843 0.111508
1 0.751894 0.394613 0.0303997 0.0678036
1 0.68969 0.455927 0.0358252 0.123863
1 0.466761 0.477562 0.0388729 0.124181
1 0.863062 0.490724 0.0452709 0.162714
1 0.0264703 0.481709 0.0527723 0.160774
1 0.811367 0.437593 0.0392728 0.104752
1 0.721849 0.497487 0.0404116 0.164073
1 0.933647 0.55896 0.117012 0.161029
1 0.0276315 0.520322 0.055263 0.230584
1 0.649367 0.427139 0.0357786 0.110691
1 0.863851 0.376521 0.0271317 0.0671486
1 0.721908 0.393745 0.0278175 0.0588435
