1 0.589799 0.639061 0.039072 0.0543991
1 0.384765 0.76588 0.0451831 0.0659761
1 0.643409 0.75816 0.0503331 0.0661639
1 0.149682 0.803069 0.0541461 0.0787655
1 0.292221 0.734134 0.0580234 0.0853485
1 0.137207 0.735406 0.0514483 0.0599818
1 0.0661082 0.639051 0.0407988 0.0540591
1 0.592306 0.714745 0.0454964 0.0618869
2 0.451253 0.552151 0.048947 0.114566
1 0.423883 0.830839 0.0598535 0.0739477
1 0.0139239 0.754524 0.0278477 0.0746984
1 0.528363 0.698969 0.0365111 0.0513041
1 0.686969 0.725781 0.0415805 0.0623024
1 0.629668 0.688934 0.040924 0.0616926
1 0.344307 0.648869 0.0361525 0.0555164
1 0.511077 0.635111 0.0349516 0.0477364
1 0.0214145 0.695556 0.0420593 0.0562505
1 0.350507 0.725312 0.0413361 0.0582513
1 0.527864 0.597086 0.0284765 0.0400983
1 0.318923 0.605094 0.0306376 0.0409686
1 0.244891 0.705698 0.0413591 0.0541415
1 0.138815 0.686951 0.0419926 0.0488757
1 0.755418 0.7584 0.0498875 0.0724066
