2 0.0981786 0.600713 0.108462 0.765044
1 0.395644 0.672503 0.0714488 0.292823
1 0.745196 0.534842 0.0580267 0.150885
1 0.969166 0.623791 0.0615044 0.178302
1 0.571069 0.717717 0.108805 0.401252
1 0.305539 0.551329 0.0680585 0.251037
1 0.817328 0.590982 0.0571342 0.173427
0 0.727096 0.791014 0.110155 0.328783
1 0.471095 0.554228 0.0467844 0.2091
1 0.902546 0.594089 0.0669754 0.222982
1 0.654131 0.572351 0.0570697 0.127091
0 0.401061 0.447849 0.0684604 0.151117
1 0.255079 0.511306 0.0371354 0.114299
1 0.966022 0.86208 0.0676594 0.275839
1 0.515014 0.536037 0.0351853 0.119772
4 0.966847 0.862843 0.0662628 0.274313
