4 0.321748 0.719241 0.120056 0.324892
1 0.949124 0.81293 0.101752 0.372208
1 0.955604 0.526906 0.0803577 0.208619
1 0.121432 0.624121 0.0938414 0.313572
1 0.635835 0.509457 0.0521234 0.177465
1 0.0340849 0.693558 0.0681698 0.428093
1 0.69784 0.548031 0.0616456 0.22272
4 0.949675 0.817114 0.0996767 0.365772
1 0.220763 0.81877 0.123693 0.350641
1 0.762671 0.607258 0.070562 0.286467
1 0.342794 0.507966 0.0610114 0.126684
2 0.876604 0.422203 0.0975783 0.416212
1 0.514352 0.385495 0.0777836 0.197763
1 0.415229 0.540213 0.0536111 0.166129
1 0.82764 0.754322 0.0986984 0.442836
