1 0.74417 0.644619 0.0943087 0.273861
1 0.840742 0.753878 0.104842 0.413803
1 0.63243 0.523222 0.0588191 0.178162
1 0.237149 0.815905 0.123725 0.368189
1 0.127729 0.633583 0.0762836 0.317948
1 0.949288 0.518021 0.091356 0.225022
1 0.951641 0.810554 0.096607 0.377173
4 0.312954 0.672908 0.111254 0.233763
2 0.0660821 0.495622 0.069539 0.344928
2 0.347101 0.313674 0.0960817 0.312923
4 0.950716 0.815616 0.09739 0.368769
1 0.0326058 0.724776 0.0652116 0.470809
1 0.694278 0.527765 0.0553984 0.168728
1 0.546251 0.53814 0.0848462 0.137848
4 0.198179 0.545136 0.0726288 0.192378
1 0.380211 0.509335 0.0584914 0.114242
1 0.198211 0.546915 0.0703814 0.191559
