1 0.110717 0.604726 0.0859296 0.288007
1 0.0340012 0.73299 0.0680024 0.458072
1 0.689579 0.565594 0.0713034 0.226042
1 0.94254 0.792898 0.114919 0.40018
1 0.948469 0.483219 0.0751958 0.216219
1 0.623864 0.516428 0.0606684 0.167627
1 0.393292 0.451836 0.0604882 0.232458
1 0.838575 0.738158 0.106538 0.422209
4 0.326862 0.692547 0.12036 0.284422
1 0.75481 0.500057 0.0616802 0.131045
4 0.197132 0.549439 0.081418 0.21049
1 0.197932 0.551202 0.0849123 0.200919
1 0.24405 0.81082 0.113268 0.351917
1 0.546441 0.524273 0.0793488 0.136032
