1 0.950516 0.805643 0.0989676 0.388714
1 0.628925 0.485068 0.0527898 0.196928
2 0.714822 0.326995 0.0847731 0.308114
1 0.0331492 0.709651 0.0662983 0.413514
1 0.68881 0.553531 0.064748 0.202595
1 0.201324 0.566286 0.0787867 0.221956
1 0.0949886 0.551159 0.0713868 0.173432
1 0.557021 0.574336 0.0731363 0.21959
0 0.386059 0.464532 0.0644964 0.132243
0 0.847936 0.763918 0.104967 0.418077
1 0.865013 0.500459 0.0580704 0.114063
1 0.846557 0.770702 0.10794 0.407816
1 0.955154 0.477006 0.0623524 0.201628
1 0.794589 0.566724 0.0694222 0.159859
