2 0.0752565 0.250539 0.0902692 0.358431
2 0.51594 0.16604 0.074604 0.218417
1 0.30159 0.384011 0.051236 0.112829
1 0.541079 0.317316 0.0499653 0.111003
1 0.622252 0.440251 0.0538795 0.131347
1 0.822641 0.446746 0.0550295 0.144648
1 0.457146 0.395726 0.0514847 0.1153
1 0.12084 0.257814 0.0332158 0.0770982
1 0.736044 0.25325 0.0369151 0.0952468
1 0.218556 0.213594 0.0362767 0.0754211
1 0.653821 0.21508 0.0324934 0.0785795
1 0.302299 0.239924 0.0324737 0.0722439
1 0.606139 0.241298 0.0371729 0.0907116
1 0.416556 0.288019 0.0454273 0.11323
1 0.150261 0.2019 0.0340571 0.0838127
1 0.674761 0.325108 0.0429315 0.11123
1 0.824691 0.315326 0.0474817 0.0885409
1 0.600458 0.146072 0.0333488 0.0785783
1 0.20463 0.293273 0.0381304 0.0824925
1 0.780376 0.172202 0.0298349 0.0673018
1 0.679518 0.173742 0.0272848 0.0711009
1 0.419152 0.178505 0.0310643 0.0663985
1 0.242229 0.161256 0.0313192 0.0698271
1 0.864443 0.156799 0.0279406 0.050439
1 0.868814 0.203787 0.0341209 0.0618736
1 0.300969 0.177986 0.0285125 0.0593971
1 0.365931 0.198626 0.0324343 0.0745262
1 0.562819 0.187636 0.02712 0.0745157
0 0.366354 0.199808 0.0340842 0.0804171
