1 0.623992 0.501548 0.0577465 0.164846
1 0.0395098 0.738322 0.0790196 0.47091
1 0.495902 0.464318 0.0612456 0.140527
1 0.684978 0.565833 0.0647316 0.240859
1 0.381407 0.481416 0.0691926 0.152467
1 0.947954 0.542516 0.084351 0.257631
1 0.809747 0.745629 0.116811 0.382334
4 0.804274 0.745328 0.137531 0.380794
4 0.515193 0.687798 0.106936 0.30791
0 0.325113 0.614175 0.120164 0.234129
0 0.620265 0.798643 0.126996 0.402714
1 0.619241 0.798332 0.11915 0.403336
3 0.223251 0.2932 0.13012 0.278139
1 0.945675 0.827382 0.108595 0.335715
0 0.328848 0.676232 0.127884 0.361577
1 0.0895325 0.561613 0.0689316 0.192455
1 0.336926 0.731783 0.138486 0.438514
2 0.223172 0.28773 0.130013 0.274096
