2 0.235656 0.322891 0.0706287 0.157532
0 0.804657 0.535256 0.056099 0.0925531
1 0.716695 0.278132 0.030495 0.0498085
0 0.240763 0.422101 0.0441771 0.0678701
0 0.897833 0.680178 0.106247 0.171797
0 0.846548 0.461242 0.0549484 0.0812909
0 0.416192 0.454376 0.0468101 0.0879825
0 0.188976 0.497761 0.0636624 0.0997505
0 0.170274 0.337119 0.0425741 0.0774527
0 0.609262 0.440199 0.0547071 0.0791742
0 0.946086 0.539143 0.0632496 0.109419
1 0.122824 0.446925 0.0521659 0.0810246
0 0.512786 0.385618 0.0453446 0.0716355
0 0.309056 0.527023 0.0570655 0.0883087
0 0.308632 0.446546 0.0544887 0.0691131
1 0.587703 0.268381 0.0282154 0.0507281
0 0.534997 0.475184 0.0594698 0.0912209
0 0.722003 0.632071 0.0876905 0.146957
1 0.349981 0.353454 0.0362677 0.0515031
0 0.676436 0.366251 0.0406609 0.0730749
0 0.877059 0.392962 0.0387745 0.074155
1 0.421288 0.282224 0.0295017 0.0501811
1 0.617024 0.287414 0.027324 0.0484549
0 0.366203 0.310695 0.0348299 0.0481022
1 0.714493 0.335195 0.0310537 0.0590705
0 0.781763 0.289588 0.0325357 0.0499057
1 0.0740124 0.381147 0.0350122 0.0572927
1 0.429655 0.373043 0.0423187 0.0603568
0 0.448592 0.578958 0.0732622 0.118781
0 0.985109 0.484347 0.0297817 0.0734704
0 0.640918 0.333055 0.0376389 0.0645171
0 0.912747 0.375579 0.0400835 0.0604074
0 0.544353 0.290807 0.0308922 0.0539326
0 0.3265 0.294742 0.0322853 0.0503628
0 0.982647 0.424099 0.0345902 0.0562803
0 0.743776 0.327684 0.0338517 0.0558956
0 0.651709 0.277159 0.0330153 0.0531893
0 0.315469 0.332059 0.0367187 0.0553567
1 0.575242 0.346087 0.0397342 0.0691238
0 0.0102624 0.426288 0.0205247 0.0741097
