1 0.938451 0.826439 0.118637 0.336365
1 0.273249 0.882221 0.133256 0.234158
1 0.0811097 0.722458 0.0894141 0.269279
1 0.51498 0.708651 0.0950708 0.255308
1 0.336054 0.679311 0.0887635 0.214509
1 0.816053 0.746161 0.118517 0.279675
1 0.789127 0.561479 0.0845776 0.112105
1 0.624211 0.814245 0.108756 0.226726
1 0.688305 0.658359 0.0841061 0.191615
2 0.227933 0.331481 0.118692 0.363141
1 0.164303 0.632283 0.0745516 0.209308
1 0.249176 0.577317 0.0642862 0.1882
1 0.395293 0.588656 0.0721432 0.153044
1 0.0183962 0.871723 0.0367924 0.256554
