1 0.941759 0.818065 0.111141 0.325971
1 0.81575 0.735269 0.114266 0.278129
1 0.503898 0.648721 0.0634625 0.175453
2 0.647252 0.357243 0.101795 0.404785
1 0.121904 0.705025 0.110505 0.227667
1 0.240099 0.583119 0.0855248 0.206331
1 0.589259 0.78982 0.0962186 0.196627
1 0.357397 0.730366 0.0785285 0.26274
1 0.68552 0.66415 0.085386 0.198796
1 0.284565 0.873204 0.0994617 0.225509
1 0.507814 0.52726 0.0732887 0.0890058
1 0.0277415 0.651137 0.0554831 0.187802
1 0.390032 0.595998 0.0682714 0.126374
1 0.422042 0.563801 0.0536075 0.117166
