4 0.141978 0.668299 0.0971031 0.248725
1 0.793631 0.819601 0.120379 0.339227
1 0.702998 0.66008 0.067253 0.229087
1 0.281204 0.570598 0.0633368 0.128443
1 0.258017 0.823347 0.116112 0.331551
1 0.225399 0.6096 0.0623774 0.147845
1 0.363002 0.676919 0.0677444 0.205502
1 0.833938 0.551521 0.0698632 0.168842
1 0.142473 0.667272 0.0991069 0.243207
1 0.0340618 0.548303 0.0666485 0.148666
1 0.939102 0.754098 0.103749 0.26029
1 0.404136 0.577387 0.0653294 0.156036
4 0.940403 0.756843 0.103033 0.265644
2 0.692824 0.406241 0.0750696 0.266669
1 0.646499 0.620777 0.0536268 0.179341
1 0.950583 0.577413 0.0835667 0.114209
0 0.951815 0.573791 0.0819611 0.108556
4 0.647986 0.616731 0.0567488 0.179477
