1 0.208302 0.705156 0.0697256 0.12896
1 0.0378111 0.685589 0.0742721 0.129881
1 0.879096 0.597991 0.0656155 0.122349
1 0.251609 0.62247 0.0600222 0.117182
1 0.927731 0.690642 0.0752335 0.133422
1 0.749084 0.715822 0.0726804 0.124422
1 0.122764 0.824683 0.0895548 0.166604
1 0.799178 0.84101 0.0792532 0.162481
1 0.112673 0.62804 0.05845 0.117352
2 0.329333 0.753006 0.115469 0.493989
1 0.40811 0.619434 0.0561908 0.106379
1 0.729993 0.624934 0.0649931 0.110191
1 0.990933 0.820729 0.0181332 0.132798
1 0.0808224 0.65224 0.0427701 0.10218
