2 0.519162 0.435347 0.0961729 0.339843
2 0.925438 0.574328 0.148154 0.851343
0 0.732925 0.45271 0.0835524 0.177308
0 0.425148 0.407588 0.0678131 0.154885
0 0.662924 0.708866 0.102446 0.236861
0 0.338939 0.576662 0.103573 0.2339
0 0.815566 0.417502 0.0628216 0.169594
0 0.443576 0.756024 0.11042 0.413137
0 0.605949 0.385329 0.0595253 0.170145
0 0.325333 0.344358 0.0691626 0.109525
0 0.443407 0.278403 0.0530909 0.0977177
0 0.728368 0.268358 0.0452122 0.10598
1 0.632542 0.235817 0.0373323 0.0935488
0 0.217911 0.373322 0.0752103 0.119305
0 0.676762 0.361588 0.0531013 0.129314
0 0.777978 0.264868 0.0440656 0.108003
0 0.165513 0.279447 0.0563403 0.11402
1 0.251457 0.251863 0.0433737 0.109054
0 0.578524 0.21427 0.0410562 0.0797485
0 0.833052 0.287819 0.0441315 0.0877256
1 0.215396 0.166638 0.0355918 0.0853197
1 0.685465 0.238139 0.0382309 0.0884058
1 0.315613 0.199527 0.0376432 0.0846715
0 0.392127 0.266513 0.0399766 0.14413
1 0.352015 0.237792 0.0382144 0.087732
0 0.350844 0.237341 0.0397799 0.088759
1 0.420936 0.197658 0.0328804 0.0866039
