0 0.283137 0.815817 0.119609 0.367847
4 0.589737 0.564593 0.0663854 0.199603
2 0.851448 0.534856 0.0886913 0.38211
0 0.715269 0.664082 0.0723452 0.299713
0 0.122671 0.558762 0.0918823 0.205098
0 0.376642 0.457138 0.0733266 0.116183
0 0.94009 0.521837 0.0642086 0.189467
1 0.468164 0.77675 0.0942089 0.248612
1 0.458157 0.480951 0.0557953 0.165724
0 0.580287 0.393247 0.0508833 0.11115
1 0.290352 0.396458 0.0494701 0.118338
1 0.0521719 0.290902 0.0392764 0.0931369
0 0.365349 0.627995 0.0696777 0.171866
0 0.103429 0.372429 0.0412411 0.091259
0 0.0172097 0.396693 0.0344195 0.108049
1 0.51943 0.470689 0.0542293 0.154826
0 0.218254 0.510406 0.0586991 0.164264
0 0.668854 0.516414 0.0556363 0.124762
1 0.678191 0.403384 0.0417616 0.0968063
0 0.200278 0.361845 0.0375584 0.0902168
0 0.0502367 0.400433 0.0344601 0.0873128
0 0.518826 0.472275 0.0548298 0.155853
1 0.247143 0.38897 0.0439279 0.113492
1 0.350259 0.377318 0.0390205 0.0835024
0 0.350754 0.376988 0.0402889 0.0823959
0 0.246982 0.387112 0.0435025 0.111627
1 0.169952 0.326698 0.0326537 0.0866952
4 0.501128 0.342971 0.0403824 0.0820637
0 0.641022 0.42219 0.0399802 0.107516
