4 0.659476 0.540254 0.0604971 0.169247
4 0.584843 0.564564 0.0666447 0.20418
1 0.475736 0.771255 0.0836252 0.241778
0 0.127207 0.550014 0.0813177 0.239331
1 0.378098 0.609246 0.0743781 0.193644
0 0.510021 0.477842 0.0555943 0.161442
0 0.886265 0.570332 0.0550674 0.227341
0 0.4385 0.494318 0.0583075 0.153942
0 0.578506 0.392183 0.0539312 0.107352
1 0.725697 0.645084 0.0637136 0.310188
0 0.0566775 0.436346 0.0495736 0.143068
2 0.426599 0.301734 0.0586698 0.146416
0 0.294236 0.799765 0.110209 0.359893
0 0.0977827 0.371836 0.0418288 0.106175
0 0.367362 0.447479 0.0614901 0.110595
1 0.845847 0.458183 0.0379437 0.116493
1 0.678296 0.410487 0.0442517 0.0965491
1 0.791508 0.591949 0.0718262 0.264744
1 0.294987 0.389795 0.0488474 0.124791
0 0.195409 0.364374 0.0385838 0.0886312
0 0.941142 0.521354 0.0526881 0.19206
1 0.355999 0.359439 0.0427711 0.0822601
0 0.244587 0.388718 0.04332 0.108933
1 0.632416 0.42664 0.0422998 0.104258
1 0.293238 0.794897 0.107248 0.349525
0 0.490967 0.352406 0.0473717 0.0911441
1 0.233053 0.643734 0.067576 0.224289
0 0.724579 0.643761 0.0663971 0.300802
1 0.941757 0.521535 0.0534557 0.193998
1 0.0198331 0.393488 0.038971 0.111788
1 0.660074 0.538645 0.0626541 0.15727
