1 0.474472 0.776582 0.0857245 0.245761
1 0.330644 0.81723 0.113815 0.36554
4 0.254664 0.599535 0.0849236 0.188906
0 0.584839 0.399747 0.053863 0.0977181
0 0.885579 0.571759 0.0569645 0.229559
0 0.94455 0.527814 0.055415 0.189563
0 0.658664 0.540729 0.0635176 0.178558
1 0.292663 0.393631 0.04609 0.11972
1 0.463724 0.492685 0.0506538 0.156574
0 0.844339 0.45962 0.0391369 0.115062
0 0.387581 0.587597 0.0585716 0.135025
0 0.805134 0.478184 0.0391962 0.13409
1 0.685939 0.406471 0.0469702 0.101644
0 0.246831 0.399272 0.0474235 0.137593
4 0.581502 0.561485 0.0667436 0.196305
2 0.276996 0.272865 0.0560431 0.133515
1 0.366336 0.448723 0.0673667 0.124914
1 0.169722 0.537097 0.0651961 0.205561
1 0.511648 0.477066 0.0462717 0.142532
0 0.774417 0.59569 0.0593609 0.250735
1 0.484266 0.364487 0.0368752 0.0920803
0 0.722852 0.636608 0.0573394 0.288209
0 0.169523 0.537431 0.0639711 0.208113
0 0.51255 0.477627 0.0459576 0.14508
1 0.0904422 0.480394 0.0667131 0.156441
4 0.021349 0.394657 0.0404785 0.113623
0 0.197445 0.365946 0.0392866 0.0992223
1 0.10072 0.356675 0.0371218 0.0765442
0 0.582749 0.561514 0.0674629 0.195517
1 0.0209678 0.394748 0.0414488 0.115054
1 0.198538 0.366664 0.0399829 0.101158
1 0.43 0.424741 0.0427895 0.112912
4 0.33096 0.813812 0.110599 0.365908
0 0.428813 0.337008 0.0357376 0.0702818
0 0.0906655 0.47897 0.0669099 0.154555
