2 0.574873 0.634875 0.178625 0.503512
1 0.637725 0.271132 0.0352194 0.0633167
1 0.66253 0.314943 0.0363551 0.0674969
1 0.789762 0.237634 0.040097 0.0656746
1 0.718047 0.397017 0.058386 0.0998486
1 0.888034 0.307544 0.0437069 0.0742748
0 0.953921 0.273486 0.042123 0.0724404
1 0.853863 0.261133 0.034865 0.0641427
1 0.570174 0.304765 0.039143 0.0627602
1 0.987261 0.236533 0.0254782 0.0716637
1 0.957719 0.356998 0.0521673 0.0846577
2 0.778952 0.687966 0.161883 0.395653
1 0.895867 0.242816 0.0402298 0.0708914
0 0.989418 0.444026 0.0211648 0.126769
