2 0.182323 0.529928 0.107383 0.690004
1 0.65372 0.870514 0.112374 0.258972
0 0.780263 0.658254 0.11466 0.235769
0 0.480694 0.614632 0.0748705 0.164903
1 0.900204 0.487581 0.0682896 0.126082
1 0.309337 0.783773 0.101912 0.181799
0 0.901789 0.742255 0.0893084 0.245845
2 0.364123 0.338044 0.0957091 0.294623
0 0.528351 0.810011 0.13762 0.250375
1 0.504791 0.47229 0.0578619 0.117534
1 0.684168 0.506677 0.0489889 0.111171
1 0.962893 0.851442 0.0742146 0.283855
0 0.722706 0.540454 0.0510211 0.125354
4 0.823575 0.477277 0.0621028 0.124384
0 0.824096 0.480804 0.0640732 0.133387
1 0.447809 0.509542 0.0517159 0.111306
0 0.962661 0.849059 0.0746304 0.285613
0 0.318248 0.618205 0.091223 0.139252
