2 0.575143 0.624737 0.179064 0.494428
1 0.637885 0.269961 0.0364174 0.0634724
1 0.887012 0.307249 0.0428831 0.071356
1 0.79052 0.23613 0.0385481 0.0630386
1 0.719833 0.396503 0.0574684 0.0948727
1 0.662682 0.320459 0.0383973 0.0708366
1 0.853732 0.261656 0.0348654 0.0635976
2 0.830122 0.686837 0.186748 0.367424
1 0.950326 0.26023 0.0392998 0.0692338
1 0.569212 0.303297 0.0432873 0.0659824
1 0.987308 0.236287 0.0253838 0.0710875
1 0.895614 0.242655 0.0397474 0.0700385
1 0.957924 0.357716 0.0535568 0.0861137
0 0.988707 0.441758 0.0225866 0.135404
0 0.981496 0.439117 0.0369106 0.150381
