2 0.538499 0.40998 0.0870179 0.324409
1 0.644742 0.87027 0.12248 0.254181
2 0.218995 0.508976 0.101756 0.657129
0 0.47879 0.617931 0.0725063 0.179707
1 0.362413 0.921634 0.11285 0.156732
0 0.878168 0.523912 0.0686176 0.17383
1 0.532488 0.811032 0.110384 0.269873
1 0.326892 0.413425 0.0656015 0.103232
0 0.955091 0.855453 0.0894774 0.271622
1 0.325868 0.629046 0.0784809 0.147035
0 0.767639 0.665203 0.0892929 0.263025
1 0.440663 0.536883 0.0624521 0.160836
0 0.686466 0.510115 0.0559003 0.122298
1 0.766968 0.665059 0.0885777 0.264632
0 0.821329 0.486704 0.0524189 0.141022
0 0.730932 0.531096 0.0489563 0.11419
1 0.955484 0.850511 0.0890314 0.271051
1 0.922719 0.721507 0.0892284 0.25122
1 0.281237 0.817721 0.109758 0.249335
0 0.319961 0.506974 0.0676799 0.0931342
4 0.822908 0.486902 0.055607 0.133551
