1 0.655017 0.871229 0.116654 0.25601
2 0.528397 0.473268 0.0917949 0.321737
1 0.442241 0.574697 0.0644136 0.177802
0 0.529288 0.807171 0.136144 0.255176
0 0.880835 0.488396 0.0653118 0.145332
0 0.769286 0.657853 0.0924925 0.254214
0 0.825426 0.489171 0.0505619 0.129348
2 0.578127 0.430745 0.0565785 0.484553
0 0.893425 0.736974 0.109877 0.30226
1 0.319838 0.617797 0.0778047 0.159667
1 0.68981 0.509404 0.0565077 0.110309
1 0.962204 0.846948 0.0755926 0.283789
1 0.281969 0.828057 0.111558 0.266697
1 0.893609 0.735542 0.109224 0.300134
0 0.960871 0.84852 0.0782591 0.282823
0 0.745369 0.506626 0.0503916 0.10683
0 0.688691 0.509291 0.0571355 0.10955
0 0.326079 0.503915 0.0621292 0.0930848
