3 0.0755951 0.644722 0.11528 0.199677
3 0.207636 0.615841 0.0754687 0.121981
0 0.172088 0.78848 0.0927882 0.275134
1 0.832221 0.730794 0.061895 0.210665
1 0.93064 0.795069 0.0851669 0.225926
3 0.919057 0.615199 0.0689786 0.147975
1 0.465793 0.77586 0.0706044 0.296269
1 0.744437 0.689763 0.0549526 0.146056
2 0.562264 0.545494 0.0716386 0.197338
1 0.359634 0.703908 0.0675427 0.161798
4 0.621122 0.782676 0.0858072 0.222327
1 0.69314 0.663658 0.0442098 0.11593
3 0.783506 0.548443 0.068494 0.133477
1 0.576029 0.675104 0.0544466 0.094427
