2 0.33075 0.574992 0.099104 0.677121
2 0.730714 0.475857 0.0512743 0.23479
1 0.477498 0.514483 0.0687919 0.134308
2 0.239925 0.451479 0.0446255 0.194351
1 0.0661393 0.49008 0.0529454 0.111111
1 0.119793 0.468071 0.0441861 0.102759
0 0.787953 0.532914 0.0945112 0.158557
1 0.786666 0.416995 0.0478316 0.0840644
1 0.432412 0.473776 0.0405437 0.0830091
2 0.636006 0.379886 0.0383135 0.154573
1 0.407218 0.399596 0.030645 0.0738671
3 0.547225 0.482803 0.046167 0.130479
1 0.640788 0.508674 0.0475179 0.116751
1 0.547351 0.482409 0.0456881 0.130682
1 0.593183 0.543866 0.0524599 0.100255
0 0.963042 0.384367 0.0598287 0.0989303
1 0.666053 0.463201 0.0392029 0.0862387
1 0.596008 0.454176 0.0365875 0.0805864
1 0.210881 0.493087 0.0360473 0.116635
