4 0.171368 0.716333 0.086169 0.135762
2 0.676331 0.238108 0.0678885 0.147361
2 0.694825 0.608118 0.135846 0.493627
3 0.853059 0.627096 0.0965103 0.151775
0 0.370982 0.559099 0.0699749 0.116795
1 0.409842 0.662684 0.0804501 0.123027
3 0.571412 0.426725 0.0628375 0.127339
1 0.611232 0.239374 0.0319743 0.0547447
1 0.931194 0.391208 0.0500175 0.0776484
1 0.291546 0.43543 0.0540876 0.0890569
0 0.46014 0.353895 0.0527267 0.0890122
1 0.237109 0.348917 0.0396523 0.0682097
0 0.519258 0.394645 0.0615364 0.104132
0 0.973499 0.480483 0.0530026 0.0970669
1 0.209296 0.306425 0.0363954 0.0603454
3 0.825397 0.481548 0.0960012 0.132007
0 0.202527 0.599314 0.0629632 0.0982536
1 0.133698 0.344894 0.0480446 0.0705751
1 0.137333 0.451679 0.0628463 0.106805
1 0.736368 0.343806 0.0401854 0.0622859
1 0.460579 0.261427 0.0349671 0.0673354
1 0.848714 0.321567 0.0405758 0.0675682
1 0.413542 0.280419 0.0359441 0.0721811
0 0.372809 0.27411 0.0386691 0.0693469
0 0.566578 0.329812 0.0437106 0.0672137
1 0.538037 0.254978 0.0301243 0.0591721
1 0.501899 0.276589 0.0301188 0.0585784
0 0.665178 0.334735 0.0445133 0.0717028
1 0.98831 0.285866 0.0233802 0.0638126
0 0.579145 0.280403 0.0353318 0.0485956
0 0.904097 0.291673 0.0443047 0.0765034
1 0.816861 0.38134 0.0528576 0.0794875
4 0.136134 0.465143 0.0780851 0.141443
0 0.817431 0.37958 0.0514748 0.0787331
1 0.903712 0.291058 0.0439201 0.0745232
4 0.136716 0.452086 0.0654603 0.111384
