3 0.291487 0.350031 0.0689122 0.153136
4 0.28069 0.143776 0.0848842 0.213035
0 0.384572 0.70672 0.240743 0.447495
0 0.198229 0.570802 0.154511 0.2885
3 0.186141 0.307834 0.0720057 0.159592
0 0.784713 0.435186 0.122754 0.20305
3 0.473852 0.36843 0.130814 0.265044
3 0.0812693 0.355274 0.115273 0.216305
3 0.366757 0.363324 0.0716681 0.18751
1 0.644243 0.461394 0.128871 0.369935
3 0.948017 0.310065 0.0502891 0.189179
1 0.885117 0.348752 0.0837888 0.23358
3 0.780105 0.222023 0.0693293 0.143486
3 0.884986 0.341782 0.0843321 0.24159
1 0.630211 0.204839 0.0383918 0.0748351
0 0.558587 0.252217 0.0478491 0.0979545
1 0.502451 0.214453 0.0384449 0.0778017
3 0.976656 0.298314 0.0457474 0.169903
1 0.359523 0.229911 0.0503597 0.0937112
3 0.824983 0.278028 0.0517364 0.126069
