2 0.658333 0.432443 0.0878145 0.15817
0 0.363663 0.743319 0.0831666 0.113245
1 0.527841 0.711432 0.0864718 0.109663
1 0.748839 0.705528 0.0750458 0.10611
1 0.383684 0.582564 0.0707759 0.0927171
1 0.0710996 0.478194 0.059696 0.0809133
1 0.707661 0.648506 0.0645731 0.0875707
1 0.279362 0.488971 0.0607956 0.0790477
1 0.565438 0.823279 0.107336 0.0963712
1 0.135782 0.729757 0.0744571 0.102004
1 0.29305 0.816037 0.0958273 0.106726
1 0.935283 0.50427 0.0486177 0.0729722
1 0.0197461 0.535107 0.0394923 0.0712789
1 0.802693 0.814927 0.0983982 0.10122
1 0.211009 0.560177 0.0603543 0.0788994
1 0.980276 0.532507 0.0394487 0.0838936
1 0.551461 0.528279 0.0489043 0.0698126
1 0.346854 0.653343 0.070946 0.0845279
1 0.254114 0.553805 0.0485604 0.076185
1 0.0431563 0.812982 0.0832725 0.105102
2 0.863976 0.411338 0.0666065 0.242737
1 0.535664 0.595818 0.0601233 0.0765684
0 0.695411 0.530825 0.052565 0.0716315
1 0.664283 0.515451 0.0393586 0.0619601
0 0.397502 0.462949 0.0457046 0.0580771
