1 0.944621 0.560824 0.0733671 0.124647
2 0.731301 0.534847 0.0977508 0.288684
1 0.0683604 0.568854 0.0693533 0.0823915
2 0.815419 0.418941 0.0934811 0.265266
1 0.0968133 0.780026 0.114903 0.363372
1 0.158576 0.589701 0.0514293 0.0935943
1 0.225508 0.644543 0.0712585 0.112768
1 0.499246 0.512944 0.0786036 0.0964499
1 0.411975 0.656078 0.0676521 0.143244
1 0.0921238 0.658525 0.0705244 0.109189
1 0.316775 0.626877 0.0825034 0.155767
1 0.395998 0.545169 0.0539891 0.0956186
1 0.81258 0.650893 0.0902245 0.174972
1 0.486757 0.673059 0.0862404 0.240188
