2 0.141038 0.570143 0.132013 0.815089
1 0.855565 0.60983 0.118735 0.241728
3 0.405943 0.477582 0.127788 0.234078
1 0.330097 0.4208 0.0589119 0.209248
1 0.687248 0.557139 0.10674 0.237434
3 0.287931 0.212007 0.071708 0.118828
1 0.529882 0.381451 0.0754852 0.169449
3 0.755607 0.388538 0.10404 0.196485
1 0.3655 0.243478 0.0465722 0.135919
3 0.607612 0.299937 0.063527 0.167502
1 0.0506742 0.357217 0.0538535 0.160302
1 0.926249 0.465582 0.073986 0.193421
3 0.720112 0.187412 0.0576868 0.189191
3 0.823248 0.341209 0.0526879 0.210187
1 0.434796 0.300612 0.0616392 0.114493
1 0.878492 0.190498 0.0382832 0.111468
1 0.446873 0.196584 0.0527823 0.108987
1 0.666657 0.240051 0.0513264 0.128392
1 0.920348 0.327021 0.065245 0.0948297
1 0.391452 0.178753 0.0399243 0.123846
1 0.631882 0.160166 0.0371254 0.0867788
1 0.947687 0.253612 0.0457914 0.0846373
1 0.517908 0.25598 0.0575969 0.0902238
3 0.519757 0.169772 0.0498526 0.0975486
3 0.517961 0.255955 0.0582432 0.0903605
3 0.832852 0.240814 0.0621841 0.0950635
1 0.670587 0.137466 0.0378449 0.092724
1 0.558443 0.128725 0.0357763 0.102969
4 0.517174 0.2549 0.0603705 0.0918024
