3 0.182472 0.647102 0.102786 0.161302
2 0.835565 0.602066 0.18209 0.781457
1 0.360156 0.589962 0.0906833 0.124491
3 0.250979 0.476386 0.0704059 0.128826
1 0.117832 0.450434 0.0465259 0.0802436
1 0.495135 0.518333 0.0423754 0.0755663
1 0.17977 0.516047 0.0563799 0.0844012
3 0.23365 0.470263 0.0761039 0.147224
1 0.444907 0.54887 0.0676174 0.115291
3 0.627599 0.494825 0.0664415 0.0808296
0 0.110154 0.538486 0.0669936 0.0890351
1 0.31026 0.456477 0.0411312 0.0639173
1 0.0729033 0.473161 0.0416247 0.0768634
